university_name_ko,parent_college,department_name_ko,university_official_code,department_name_en,degree_bachelor,degree_master,degree_phd
조선대학교,공과대학,기계공학과,,,True,True,True
한밭대학교,공과대학,기계공학과,,,True,True,True
단국대학교,공과대학,기계공학과,,,True,True,True
성균관대학교,공과대학,기계공학부,,,True,True,True
영남대학교,공과대학,기계공학부,,,True,True,True
세종대학교,공과대학,기계공학전공,,,True,True,True
호서대학교,공과대학,기계공학전공,,,True,True,True
경상국립대학교,공과대학,기계공학전공,,,True,True,True
광주대학교,공과대학,건축학과,,,True,True,True
전주대학교,공과대학,건축학과,,,True,True,True
동아대학교,건축ㆍ디자인ㆍ패션대학,건축학과,,,True,True,True
서울대학교,공과대학,건축학과,,,True,True,True
창원대학교,공과대학,건축학부,,,True,True,True
경남대학교,공과대학,건축학부,,,True,True,True
경상국립대학교,공과대학,건축학부,,,True,True,True
숭실대학교,공과대학,건축학부,,,True,True,True
한남대학교,공과대학,건축학전공,,,True,True,True
한경국립대학교,공과대학,건축학전공,,,True,True,True
강원대학교,공과대학,건축학전공,,,True,True,True
경남대학교,공과대학,건축학전공(5년),,,True,True,True
전북대학교,공과대학,기계설계공학부,,,True,True,True
건국대학교,공과대학,기계설계학전공,,,True,True,True
서울과학기술대학교,공과대학,기계설비공학과,,,True,True,True
경상국립대학교,해양과학대학,기계시스템공학과,,,True,True,True
제주대학교,공과대학,기계시스템공학부,,,True,True,True
전남대학교,공과대학,기계시스템공학부,,,True,True,True
한국해양대학교,공과대학,기계시스템공학전공,,,True,True,True
제주대학교,공과대학,기계에너지시스템공학부,,,True,True,True
안동대학교,공과대학,기계자동차공학과,,,True,True,True
우석대학교,과학기술대학,기계자동차공학과,,,True,True,True
대구한의대학교,국제문화정보대학,게임전공,,,True,True,True
서울시립대학교,공과대학,기계정보공학과,,,True,True,True
한국기술교육대학교,단과대구분없음,기계정보공학부,,,True,True,True
경상국립대학교,공과대학,기계항공공학부,,,True,True,True
서울시립대학교,도시과학대학,교통공학과,,,True,True,True
한국해양대학교,공과대학,IT공학부,,,True,True,True
대구한의대학교,국제문화정보대학,IT콘텐츠전공,,,True,True,True
부경대학교,공과대학,냉동공조공학과,,,True,True,True
전북대학교,공과대학,고분자공학전공,,,True,True,True
부경대학교,공과대학,고분자공학전공,,,True,True,True
단국대학교,공과대학,고분자시스템공학부,,,True,True,True
단국대학교,단과대구분없음,공과대학,,,True,True,True
고려대학교,공과대학,공과대학,,,True,True,True
부경대학교,공과대학,공업화학전공,,,True,True,True
강남대학교,공과대학,도시공학과,,,True,True,True
목원대학교,공과대학,도시공학과,,,True,True,True
충북대학교,공과대학,도시공학과,,,True,True,True
전남대학교,공과대학,건설지구환경공학부,,,True,True,True
한밭대학교,건설환경조형대학,건설환경공학과,,,True,True,True
한양대학교(ERICA),공학대학,건설환경공학과,,,True,True,True
연세대학교,공과대학,건축공학과,,,True,True,True
한국기술교육대학교,단과대구분없음,건축공학과,,,True,True,True
호서대학교,공과대학,건축공학과,,,True,True,True
유원대학교,과학기술대학,건축공학과,,,True,True,True
광운대학교,공과대학,건축공학과,,,True,True,True
수원대학교,공과대학,건축공학과,,,True,True,True
동국대학교,공과대학,건축공학과,,,True,True,True
군산대학교,공과대학,건축공학과,,,True,True,True
세종대학교,공과대학,건축공학부,,,True,True,True
영남대학교,단과대구분없음,건축공학전공,,,True,True,True
전북대학교,공과대학,금속재료공정공학전공,,,True,True,True
경성대학교,공과대학,건축설계전공,,,True,True,True
성균관대학교,공과대학,시스템경영공학과,,,True,True,True
고려대학교(세종),과학기술대학,생물공학과,,,True,True,True
전남대학교,공과대학,생물공학과,,,True,True,True
강원대학교,BT특성화학부(대학),생물소재공학전공,,,True,True,True
공주대학교,공과대학,생산기계공학과,,,True,True,True
제주대학교,공과대학,식품생명공학과,,,True,True,True
중앙대학교,공과대학,사회기반시스템공학부,,,True,True,True
경북대학교,공과대학,섬유시스템공학과,,,True,True,True
성균관대학교,단과대구분없음,반도체시스템공학전공,,,True,True,True
가톨릭대학교,단과대구분없음,반도체시스템공학전공,,,True,True,True
가천대학교,공과대학,산업경영공학과,,,True,True,True
대진대학교,공과대학,산업경영공학과,,,True,True,True
한라대학교,공과대학,산업경영공학과,,,True,True,True
한성대학교,공과대학,산업경영공학과,,,True,True,True
제주국제대학교,단과대구분없음,소방방재학과,,,True,True,True
정석대학,단과대구분없음,산업공학과,,,True,True,True
서경대학교,이공대학,산업공학과,,,True,True,True
서울대학교,공과대학,산업공학과,,,True,True,True
금오공과대학교,단과대구분없음,산업공학부,,,True,True,True
순천대학교,공과대학,멀티미디어공학과,,,True,True,True
동서대학교,단과대구분없음,멀티미디어공학전공,,,True,True,True
동국대학교,정보산업대학,멀티미디어공학전공,,,True,True,True
가톨릭대학교,단과대구분없음,멀티미디어시스템공학전공,,,True,True,True
성균관대학교,정보통신대학,소프트웨어학과,,,True,True,True
호원대학교,공과대학,멀티미디어정보학과,,,True,True,True
한국공학대학교,단과대구분없음,메카트로닉스공학과,,,True,True,True
충남대학교,공과대학,메카트로닉스공학과,,,True,True,True
강원대학교,공학대학,메카트로닉스공학부,,,True,True,True
강원대학교,공학대학,메카트로닉스공학전공,,,True,True,True
강원대학교,공학대학,메카트로닉스전공,,,True,True,True
세종대학교,공과대학,생명공학전공,,,True,True,True
세종대학교,생명과학대학,생명공학전공,,,True,True,True
세종사이버대학교,단과대구분없음,정보보호학과,,,True,True,True
고려대학교(세종),과학기술대학,정보소자학과,,,True,True,True
인하대학교,공과대학,자원공학전공,,,True,True,True
전북대학교,공과대학,응용시스템공학부,,,True,True,True
광운대학교,전자정보공과대학,정보제어공학과,,,True,True,True
가천대학교,단과대구분없음,정보처리전공,,,True,True,True
배재대학교,아펜젤러대학,정보통신공학과,,,True,True,True
명지대학교,공과대학,정보통신공학과,,,True,True,True
동양대학교,단과대구분없음,정보통신공학과,,,True,True,True
동의대학교,공과대학,정보통신공학과,,,True,True,True
한밭대학교,정보기술대학,정보통신공학과,,,True,True,True
경성대학교,공과대학,정보통신공학과,,,True,True,True
동국대학교,정보산업대학,정보통신공학과,,,True,True,True
안동대학교,공과대학,정보통신공학과,,,True,True,True
충북대학교,전자정보대학,정보통신공학부,,,True,True,True
전주대학교,공과대학,정보통신공학전공,,,True,True,True
청주대학교,이공대학,정보통신공학전공,,,True,True,True
가톨릭대학교,단과대구분없음,정보통신전자공학부,,,True,True,True
가톨릭관동대학교,관광의료복지대학,의료공학과,,,True,True,True
공주대학교,간호보건대학,의료정보학과,,,True,True,True
전남대학교,공과대학,전기공학과,,,True,True,True
고려대학교,공과대학,전기공학과,,,True,True,True
경성대학교,공과대학,전기공학과,,,True,True,True
동신대학교,공과대학,전기공학과,,,True,True,True
부경대학교,공과대학,전기공학과,,,True,True,True
순천향대학교,공과대학,전기전자공학과,,,True,True,True
대진대학교,공과대학,신소재공학과,,,True,True,True
한국공학대학교,단과대구분없음,신소재공학과,,,True,True,True
한서대학교,단과대구분없음,신소재공학과,,,True,True,True
경성대학교,공과대학,신소재공학과,,,True,True,True
국민대학교,공과대학,신소재공학부,,,True,True,True
금오공과대학교,단과대구분없음,신소재시스템공학부,,,True,True,True
전주대학교,공과대학,전기전자정보통신공학부,,,True,True,True
동아대학교,공과대학,전기전자컴퓨터공학부,,,True,True,True
전북대학교,공과대학,전기전자컴퓨터공학부,,,True,True,True
한라대학교,공과대학,신소재화학공학과,,,True,True,True
선문대학교,공과대학,전자공학과,,,True,True,True
세종대학교,전자정보공학대학,전자공학과,,,True,True,True
대진대학교,공과대학,전자공학과,,,True,True,True
부산대학교,공과대학,전자공학과,,,True,True,True
강원대학교,공과대학,전자공학과,,,True,True,True
공주대학교,공과대학,전자공학나노정보공학전공,,,True,True,True
금오공과대학교,단과대구분없음,전자공학부,,,True,True,True
충북대학교,전자정보대학,전자공학전공,,,True,True,True
대구대학교,정보통신대학,전자전기공학부,,,True,True,True
부경대학교,공과대학,전자컴퓨터정보통신공학부,,,True,True,True
강원대학교,IT대학,전자통신공학전공,,,True,True,True
고려대학교,공과대학,전파공학과,,,True,True,True
전북대학교,공과대학,정밀기계공학부,,,True,True,True
가천대학교,단과대구분없음,정보공학부,,,True,True,True
경상국립대학교,자연과학대학,정보과학과,,,True,True,True
강원대학교,공학대학,자동차공학전공,,,True,True,True
신라대학교,공과대학,자동차기계공학과,,,True,True,True
수원대학교,IT대학,정보미디어학과,,,True,True,True
동국대학교,공과대학,기계로봇에너지공학과,,,True,True,True
우송대학교,단과대구분없음,철도차량시스템학과,,,True,True,True
대구한의대학교,웰빙복지대학,토목설계학전공,,,True,True,True
강원대학교,공과대학,토목지구시스템신소재산업화학공학과군,,,True,True,True
우석대학교,과학기술대학,토목환경공학과,,,True,True,True
성균관대학교,단과대구분없음,토목환경공학과,,,True,True,True
고려대학교,공과대학,토목환경공학과,,,True,True,True
경북대학교,공과대학,건축토목공학부(건축학전공),,,True,True,True
동양대학교,단과대구분없음,철도토목학과,,,True,True,True
제주대학교,공과대학,통신공학과,,,True,True,True
강남대학교,공과대학,컴퓨터미디어정보공학부,,,True,True,True
연세대학교,공과대학,화공생명공학부,,,True,True,True
고려대학교(세종),과학기술대학,제어계측공학과,,,True,True,True
광운대학교,공과대학,화학공학과,,,True,True,True
한양대학교(ERICA),공학대학,화학공학과,,,True,True,True
한경국립대학교,공과대학,화학공학과,,,True,True,True
영남대학교,공과대학,화학공학전공,,,True,True,True
목포해양대학교,해양공과대학,조선해양공학과,,,True,True,True
울산대학교,공과대학,조선해양공학부,,,True,True,True
금오공과대학교,단과대구분없음,컴퓨터공학과,,,True,True,True
명지대학교,공과대학,컴퓨터공학과,,,True,True,True
영산대학교,공과대학,컴퓨터공학과,,,True,True,True
부산가톨릭대학교,응용과학대학,컴퓨터공학과,,,True,True,True
한성대학교,공과대학,컴퓨터공학과,,,True,True,True
인제대학교,공과대학,컴퓨터공학부,,,True,True,True
경남대학교,공과대학,컴퓨터공학부,,,True,True,True
동아대학교,공과대학,컴퓨터공학전공,,,True,True,True
국민대학교,전자정보통신대학,컴퓨터공학전공,,,True,True,True
한세대학교,단과대구분없음,컴퓨터공학전공,,,True,True,True
동의대학교,자연과학대학,컴퓨터과학과,,,True,True,True
제주대학교,해양과학대학,환경공학과,,,True,True,True
광운대학교,공과대학,환경공학과,,,True,True,True
한국해양대학교,공과대학,환경공학과,,,True,True,True
제주대학교,사범대학,컴퓨터교육과,,,True,True,True
충북대학교,사범대학,컴퓨터교육과,,,True,True,True
성균관대학교,사범대학,컴퓨터교육과,,,True,True,True
목포대학교,사범대학,컴퓨터교육과,,,True,True,True
동국대학교,정보산업대학,컴퓨터멀티미디어공학과군,,,True,True,True
동국대학교(WISE),과학기술대학,컴퓨터멀티미디어학부,,,True,True,True
목포해양대학교,해양공과대학,환경생명공학과,,,True,True,True
전남대학교,공학대학,환경시스템공학과,,,True,True,True
순천향대학교,공과대학,컴퓨터소프트웨어공학과,,,True,True,True
세종대학교,전자정보공학대학,컴퓨터소프트웨어학전공,,,True,True,True
한라대학교,공과대학,컴퓨터응용설계학과,,,True,True,True
조선대학교,공과대학,항공우주공학과,,,True,True,True
동양대학교,단과대구분없음,컴퓨터학부,,,True,True,True
서울과학기술대학교,정보통신대학,케이블방송정보학과,,,True,True,True
경희대학교,토목ㆍ건축대학,토목건축공학부,,,True,True,True
제주국제대학교,단과대구분없음,토목공학과,,,True,True,True
부경대학교,공과대학,토목공학과,,,True,True,True
군산대학교,공과대학,토목공학과,,,True,True,True
전북대학교,공과대학,사회기반공학과,,,True,True,True
대구대학교,정보통신대학,정보통신공학부(임베디드시스템공학전공),,,True,True,True
전북대학교,공과대학,건축도시공학부(도시공학전공),,,True,True,True
고려대학교,단과대구분없음,사이버국방학과,,,True,True,True
경북대학교,공과대학,에너지공학부 신재생에너지전공,,,True,True,True
부경대학교,공과대학,IT융합응용공학과,,,True,True,True
한양대학교,공과대학,미래자동차공학과,,,True,True,True
울산과학기술원,단과대구분없음,친환경에너지공학부,,,True,True,True
공주대학교,공과대학,반도체기계공학과,,,True,True,True
공주대학교,공과대학,소프트웨어응용공학과,,,True,True,True
부산대학교,나노과학기술대학,나노소재공학과,,,True,True,True
전북대학교,공과대학,기계시스템공학부(응용기계공학전공),,,True,True,True
금오공과대학교,단과대구분없음,지능기계공학과,,,True,True,True
서울과학기술대학교,공과대학,건축학부건축공학전공,,,True,True,True
한밭대학교,공과대학,설비공학과,,,True,True,True
한양대학교(ERICA),공학대학,교통물류공학과,,,True,True,True
청주대학교,이공대학,레이저광정보공학과,,,True,True,True
안동대학교,공과대학,응용신소재공학전공,,,True,True,True
경북대학교,IT대학,전자공학부모바일공학전공,,,True,True,True
전북대학교,공과대학,전기전자컴퓨터공학부(전기공학),,,True,True,True
충남대학교,공과대학,기계공학과,,,True,True,True
목포대학교,공과대학,기계공학과,,,True,True,True
연세대학교,공과대학,기계공학부,,,True,True,True
중앙대학교,공과대학,기계공학부,,,True,True,True
호서대학교,공과대학,기계공학부,,,True,True,True
경남대학교,공과대학,기계공학부,,,True,True,True
안동대학교,사범대학,기계교육과,,,True,True,True
인제대학교,공과대학,건축학과,,,True,True,True
경상국립대학교,공과대학,건축학과,,,True,True,True
목포대학교,공과대학,건축학과,,,True,True,True
한밭대학교,건설환경조형대학,건축학과(5),,,True,True,True
전북대학교,공과대학,건축학과(5),,,True,True,True
충남대학교,공과대학,건축학과(5),,,True,True,True
홍익대학교,건축대학,건축학부,,,True,True,True
원광대학교,공과대학,건축학부,,,True,True,True
전남대학교,공과대학,건축학부,,,True,True,True
한양대학교,공과대학,건축학부,,,True,True,True
동국대학교,공과대학,건축학전공,,,True,True,True
부산대학교,공과대학,건축학전공,,,True,True,True
대구한의대학교,단과대구분없음,게임&미디어전공,,,True,True,True
한국공학대학교,단과대구분없음,기계설계공학과,,,True,True,True
국민대학교,공과대학,기계시스템공학부,,,True,True,True
국민대학교,공과대학,기계시스템공학전공,,,True,True,True
송원대학교,단과대구분없음,기계자동차공학과,,,True,True,True
강릉원주대학교,과학기술대학,기계자동차공학부,,,True,True,True
한라대학교,공과대학,기계자동차공학부,,,True,True,True
순천향대학교,공과대학,디스플레이신소재공학과,,,True,True,True
조선대학교,미술대학,디자인공학과,,,True,True,True
신라대학교,공과대학,광전자공학전공,,,True,True,True
한국교원대학교,제3대학,기술교육과,,,True,True,True
충남대학교,공과대학,나노공학부,,,True,True,True
동의대학교,공과대학,나노공학부,,,True,True,True
경동대학교,단과대구분없음,IT공학부,,,True,True,True
충남대학교,공과대학,고분자공학전공,,,True,True,True
전북대학교,공과대학,고분자나노공학과,,,True,True,True
서울시립대학교,도시과학대학,공간정보공학과,,,True,True,True
명지대학교,공과대학,공과대학,,,True,True,True
부경대학교,공과대학,공업화학과,,,True,True,True
포항공과대학교(POSTECH),공과대학,단일계열,,,True,True,True
한국해양대학교,공과대학,건설공학과,,,True,True,True
동의대학교,공과대학,도시공학과,,,True,True,True
국민대학교,공과대학,건설시스템공학부,,,True,True,True
동국대학교,공과대학,건설환경공학과,,,True,True,True
공주대학교,공과대학,건설환경공학부,,,True,True,True
숭실대학교,IT대학,글로벌미디어학부,,,True,True,True
안동대학교,공과대학,건축공학과,,,True,True,True
강남대학교,공과대학,건축공학과,,,True,True,True
대구대학교,공과대학,건축공학과,,,True,True,True
세명대학교,공과대학,건축공학과,,,True,True,True
경기대학교,공과대학,건축공학과,,,True,True,True
경북대학교,공과대학,건축공학과,,,True,True,True
한국기술교육대학교,단과대구분없음,건축공학부,,,True,True,True
전남대학교,공과대학,건축공학전공,,,True,True,True
한양대학교(ERICA),공학대학,건축공학전공,,,True,True,True
강원대학교,공과대학,건축공학전공,,,True,True,True
영남대학교,단과대구분없음,건축디자인전공,,,True,True,True
강원대학교,공과대학,건축조경학부,,,True,True,True
서울과학기술대학교,공과대학,기계・자동차공학과,,,True,True,True
선문대학교,공과대학,생명화학공학과,,,True,True,True
동서대학교,단과대구분없음,시스템경영공학과,,,True,True,True
강원대학교,단과대구분없음,식품생명공학전공,,,True,True,True
성균관대학교,단과대구분없음,식품생명공학전공,,,True,True,True
경기대학교,자연과학대학,식품생물공학과,,,True,True,True
전북대학교,공과대학,바이오메디컬공학부,,,True,True,True
전북대학교,공과대학,섬유공학과,,,True,True,True
영남대학교,단과대구분없음,섬유나노소재전공,,,True,True,True
영남대학교,단과대구분없음,섬유신소재설계전공,,,True,True,True
영남대학교,단과대구분없음,섬유패션학부(첨단유기소재),,,True,True,True
동국대학교,공과대학,사회환경시스템공학과,,,True,True,True
연세대학교,공과대학,사회환경시스템공학부,,,True,True,True
호서대학교,공과대학,로봇공학과,,,True,True,True
포항공과대학교(POSTECH),공과대학,산업경영공학과,,,True,True,True
동의대학교,공과대학,산업경영공학과,,,True,True,True
한밭대학교,공과대학,산업경영공학과,,,True,True,True
울산대학교,공과대학,산업경영공학전공,,,True,True,True
경남대학교,공과대학,소방방재공학과,,,True,True,True
한국국제대학교,공과대학,소방방재학과,,,True,True,True
강원대학교,공학대학,소방방재학부,,,True,True,True
한양대학교,공과대학,산업공학과,,,True,True,True
강릉원주대학교,과학기술대학,멀티미디어공학과,,,True,True,True
한신대학교,IT대학,소프트웨어학과,,,True,True,True
서경대학교,이공대학,소프트웨어학과,,,True,True,True
동서대학교,단과대구분없음,메카트로닉스공학과,,,True,True,True
세명대학교,공과대학,보건안전공학과,,,True,True,True
전북대학교,환경생명자원대학,생명공학부,,,True,True,True
영남대학교,단과대구분없음,생명공학전공,,,True,True,True
수원대학교,IT대학,정보보호학과,,,True,True,True
동국대학교,정보산업대학,정보시스템전공,,,True,True,True
대구한의대학교,단과대구분없음,정보처리학전공,,,True,True,True
조선대학교,전자정보공과대학,정보통신공학과,,,True,True,True
경상국립대학교,해양과학대학,정보통신공학과,,,True,True,True
가천대학교,단과대구분없음,의공학과,,,True,True,True
충남대학교,공과대학,재료공학전공,,,True,True,True
가톨릭대학교,단과대구분없음,정보통신전자공학전공,,,True,True,True
한라대학교,공과대학,의료기계공학전공,,,True,True,True
강릉원주대학교,과학기술대학,전기공학과,,,True,True,True
동명대학교,공과대학,전기공학과,,,True,True,True
호원대학교,공과대학,전기공학과,,,True,True,True
세명대학교,공과대학,전기공학과,,,True,True,True
순천향대학교,공과대학,전기공학과,,,True,True,True
건국대학교,공과대학,전기공학과,,,True,True,True
경북대학교,IT대학,전기공학과,,,True,True,True
한신대학교,IT대학,정보통신학부,,,True,True,True
창원대학교,공과대학,전기공학전공,,,True,True,True
송원대학교,단과대구분없음,전기전자공학과,,,True,True,True
경상국립대학교,공과대학,전기전자공학부,,,True,True,True
연세대학교,공과대학,전기전자공학전공,,,True,True,True
조선대학교,공과대학,신소재공학과,,,True,True,True
대전대학교,공과대학,신소재공학과,,,True,True,True
한국기술교육대학교,단과대구분없음,신소재공학과,,,True,True,True
경기대학교,공과대학,신소재공학과,,,True,True,True
서울과학기술대학교,공과대학,신소재공학과,,,True,True,True
영남대학교,공과대학,신소재공학부,,,True,True,True
부경대학교,공과대학,신소재공학부,,,True,True,True
공주대학교,공과대학,신소재공학부,,,True,True,True
세종대학교,공과대학,신소재공학전공,,,True,True,True
고려대학교,공과대학,신소재화공생명공학부,,,True,True,True
순천대학교,공과대학,전기제어공학과,,,True,True,True
순천향대학교,공과대학,전기통신공학과,,,True,True,True
고려대학교(세종),과학기술대학,전산학과,,,True,True,True
호원대학교,공과대학,전자계산학과,,,True,True,True
동서대학교,단과대구분없음,전자공학과,,,True,True,True
안동대학교,공과대학,전자공학과,,,True,True,True
호원대학교,공과대학,전자공학과,,,True,True,True
목원대학교,공과대학,전자공학과,,,True,True,True
청주대학교,이공대학,전자공학과,,,True,True,True
군산대학교,공과대학,전자공학과,,,True,True,True
창원대학교,공과대학,전자공학전공,,,True,True,True
서강대학교,공과대학,전자공학전공,,,True,True,True
공주대학교,공과대학,전자공학전공,,,True,True,True
단국대학교,공과대학,전자전기공학부,,,True,True,True
동국대학교,공과대학,전자전기공학부,,,True,True,True
경희대학교,공과대학,원자력공학과,,,True,True,True
성균관대학교,단과대구분없음,전자전기공학전공,,,True,True,True
가톨릭관동대학교,공과대학,전자정보통신공학부,,,True,True,True
충북대학교,공과대학,안전공학과,,,True,True,True
전남대학교,공과대학,전자컴퓨터공학부,,,True,True,True
광운대학교,전자정보공과대학,전자통신공학과,,,True,True,True
군산대학교,공과대학,전파공학과,,,True,True,True
공주대학교,공과대학,전파공학전공,,,True,True,True
고려대학교,공과대학,정보경영공학부,,,True,True,True
경남과학기술대학교,융합기술공과대학,자동차공학과,,,True,True,True
공주대학교,공과대학,자동차공학전공,,,True,True,True
호원대학교,공과대학,자동차기계공학과,,,True,True,True
신라대학교,공과대학,자동차기계공학전공,,,True,True,True
금오공과대학교,단과대구분없음,정보나노소재공학전공,,,True,True,True
동서대학교,단과대구분없음,정보네트워크공학전공,,,True,True,True
동양대학교,단과대구분없음,철도차량학과,,,True,True,True
충북대학교,공과대학,토목시스템공학전공,,,True,True,True
명지대학교,공과대학,토목환경공학과,,,True,True,True
전북대학교,공과대학,토목환경공학부,,,True,True,True
경상국립대학교,해양과학대학,토목환경공학부,,,True,True,True
부산대학교,생명자원과학대학,바이오소재과학과,,,True,True,True
전북대학교,공과대학,헬스케어기기전공,,,True,True,True
부경대학교,공과대학,제어계측공학과,,,True,True,True
창원대학교,공과대학,제어계측공학전공,,,True,True,True
공주대학교,공과대학,제어계측공학전공,,,True,True,True
경희대학교,공과대학,화학공학과,,,True,True,True
동국대학교,공과대학,화학공학과,,,True,True,True
성균관대학교,공과대학,화학공학부,,,True,True,True
영남대학교,공과대학,화학공학부,,,True,True,True
공주대학교,공과대학,화학공학전공,,,True,True,True
건국대학교,공과대학,화학공학전공,,,True,True,True
강원대학교,공학대학,화학공학전공,,,True,True,True
서경대학교,이공대학,화학생명공학과,,,True,True,True
동신대학교,공과대학,조경학과,,,True,True,True
울산대학교,공과대학,조선해양공학전공,,,True,True,True
포항공과대학교(POSTECH),공과대학,컴퓨터공학과,,,True,True,True
순천대학교,공과대학,컴퓨터공학과,,,True,True,True
동의대학교,공과대학,컴퓨터공학과,,,True,True,True
한밭대학교,정보기술대학,컴퓨터공학과,,,True,True,True
강원대학교,공과대학,컴퓨터공학과,,,True,True,True
금오공과대학교,단과대구분없음,컴퓨터공학부,,,True,True,True
전북대학교,공과대학,컴퓨터공학부,,,True,True,True
한성대학교,공과대학,컴퓨터공학부,,,True,True,True
신라대학교,ITㆍ디자인대학,컴퓨터공학전공,,,True,True,True
세종대학교,전자정보공학대학,컴퓨터공학전공,,,True,True,True
한양대학교(ERICA),공학대학,컴퓨터공학전공,,,True,True,True
서강대학교,공과대학,컴퓨터공학전공,,,True,True,True
서울시립대학교,공과대학,컴퓨터과학부,,,True,True,True
경상국립대학교,자연과학대학,컴퓨터과학부,,,True,True,True
평택대학교,단과대구분없음,컴퓨터과학전공,,,True,True,True
선문대학교,공과대학,환경공학과,,,True,True,True
동의대학교,공과대학,환경공학과,,,True,True,True
목포대학교,공과대학,환경공학과,,,True,True,True
대구대학교,공과대학,환경공학과,,,True,True,True
전북대학교,공과대학,환경공학과,,,True,True,True
전남대학교,공과대학,환경공학과,,,True,True,True
부산대학교,공과대학,환경공학전공,,,True,True,True
부산교육대학교,단과대구분없음,컴퓨터교육과,,,True,True,True
전주교육대학교,단과대구분없음,컴퓨터교육과(심화전공),,,True,True,True
중원대학교,단과대구분없음,컴퓨터시스템공학과,,,True,True,True
상지대학교,보건과학대학,한방의료공학과,,,True,True,True
강원대학교,공과대학,지구환경공학부,,,True,True,True
군산대학교,공과대학,컴퓨터정보공학과,,,True,True,True
한국해양대학교,공과대학,컴퓨터정보공학전공,,,True,True,True
경상국립대학교,공과대학,항공우주공학전공,,,True,True,True
동덕여자대학교,정보과학대학,컴퓨터학과,,,True,True,True
한신대학교,IT대학,컴퓨터학과,,,True,True,True
삼육대학교,과학기술대학,컴퓨터학부,,,True,True,True
이화여자대학교,공과대학,컴퓨터학전공,,,True,True,True
동아대학교,공과대학,토목공학과,,,True,True,True
호서대학교,공과대학,토목공학과,,,True,True,True
창원대학교,공과대학,토목공학과,,,True,True,True
제주대학교,해양과학대학,토목공학과,,,True,True,True
경남대학교,공과대학,토목공학과,,,True,True,True
가톨릭관동대학교,공과대학,토목공학과,,,True,True,True
청주대학교,이공대학,토목공학과,,,True,True,True
동서대학교,단과대구분없음,토목공학전공,,,True,True,True
금오공과대학교,단과대구분없음,토목공학전공,,,True,True,True
단국대학교,공과대학,응용컴퓨터공학과,,,True,True,True
금오공과대학교,단과대구분없음,신소재시스템공학부(신),,,True,True,True
전북대학교,공과대학,유기소재파이버공학과,,,True,True,True
전북대학교,공과대학,바이오메디컬공학부(헬스케어정보공학전공),,,True,True,True
전북대학교,공과대학,화학공학부(생명화학공학전공),,,True,True,True
서강대학교,단과대구분없음,미디어공학연계전공,,,True,True,True
공주대학교,공과대학,전기전자응용공학과,,,True,True,True
경북대학교,공과대학,에너지공학부 에너지변환전공,,,True,True,True
한양대학교,공과대학,유기나노공학과,,,True,True,True
부산대학교,나노과학기술대학,나노메카트로닉스공학과,,,True,True,True
광운대학교,단과대구분없음,산학협력단,,,True,True,True
경성대학교,공과대학,건축일반전공,,,True,True,True
경일대학교,IT융복합대학,철도・전기공학부,,,True,True,True
동의대학교,영상정보대학,디지털콘텐츠공학과,,,True,True,True
서울과학기술대학교,공과대학,기계시스템디자인공학과,,,True,True,True
서울과학기술대학교,공과대학,플랜트엔지니어링학과,,,True,True,True
대구대학교,정보통신대학,전자전기공학부(전자공학전공),,,True,True,True
동양대학교,단과대구분없음,철도전기통신학과,,,True,True,True
성균관대학교,정보통신대학,반도체시스템공학과,,,True,True,True
금오공과대학교,단과대구분없음,고분자융합소재공학전공,,,True,True,True
한국공학대학교,단과대구분없음,에너지전기공학과,,,True,True,True
전북대학교,공과대학,기계항공시스템공학부(정밀기계공학전공),,,True,True,True
전북대학교,공과대학,기계항공시스템공학부(자동차공학전공),,,True,True,True
강원대학교,의생명과학대학,생명건강공학전공,,,True,True,True
초당대학교,단과대구분없음,항공정비학과,,,True,True,True
서울과학기술대학교,정보통신대학,전자IT미디어공학과,,,True,True,True
순천향대학교,의료과학대학,의약공학과,,,True,True,True
세종대학교,전자정보공학대학,컴퓨터공학부,,,True,True,True
동국대학교,정보산업대학,정보통신공학전공,,,True,True,True
전주대학교,공과대학,나노신소재공학과,,,True,True,True
연세대학교(미래),보건과학대학,환경공학부,,,True,True,True
충남대학교,사범대학,화학공학교육과,,,True,True,True
국민대학교,전자정보통신대학,전자공학전공,,,True,True,True
부산대학교,공과대학,도시공학과,,,True,True,True
선문대학교,공과대학,토목공학과,,,True,True,True
경희대학교,이과대학,정보디스플레이학과,,,True,True,True
서울과학기술대학교,공과대학,건축산업학과,,,True,True,True
한양대학교,공과대학,에너지공학과,,,True,True,True
호서대학교,공과대학,전기공학과,,,True,True,True
동의대학교,공과대학,기계공학과,,,True,True,True
안동대학교,공과대학,멀티미디어공학과,,,True,True,True
고려대학교,공과대학,신소재공학부,,,True,True,True
공주대학교,공과대학,금형설계공학과,,,True,True,True
동양대학교,단과대구분없음,보석귀금속학과,,,True,True,True
한남대학교,공과대학,멀티미디어공학전공,,,True,True,True
광주대학교,공과대학,토목공학과,,,True,True,True
동의대학교,영상정보대학,영상정보공학과,,,True,True,True
경상국립대학교,공과대학,산업정보공학전공,,,True,True,True
순천대학교,공과대학,정보통신공학과,,,True,True,True
동국대학교(WISE),공학대학,정보통신공학전공,,,True,True,True
부산대학교,공과대학,고분자신소재공학전공,,,True,True,True
조선대학교,공과대학,원자력공학과,,,True,True,True
대구한의대학교,문화과학대학,디지털문화콘텐츠학부,,,True,True,True
건국대학교,공과대학,기계공학부,,,True,True,True
동국대학교,공과대학,토목환경공학과,,,True,True,True
조선대학교,공과대학,에너지자원공학과,,,True,True,True
충북대학교,공과대학,토목공학전공,,,True,True,True
한남대학교,공과대학,건설시스템공학과,,,True,True,True
대구한의대학교,웰빙복지대학,리조트개발학과,,,True,True,True
선문대학교,공과대학,전자공학부,,,True,True,True
협성대학교,이공대학,건축공학과,,,True,True,True
금오공과대학교,단과대구분없음,환경공학전공,,,True,True,True
동명대학교,건축ㆍ디자인대학,실내건축학과,,,True,True,True
한양대학교,공과대학,컴퓨터공학부,,,True,True,True
배재대학교,아펜젤러대학,컴퓨터공학과,,,True,True,True
안동대학교,공과대학,환경공학과,,,True,True,True
동의대학교,공과대학,조선해양공학과,,,True,True,True
연세대학교(미래),과학기술대학,정보통신공학전공,,,True,True,True
가톨릭관동대학교,공과대학,전자공학전공,,,True,True,True
서울과학기술대학교,공과대학,안전공학과,,,True,True,True
경성대학교,공과대학,컴퓨터공학전공,,,True,True,True
조선대학교,공과대학,선박해양공학과,,,True,True,True
서경대학교,이공대학,나노융합공학과,,,True,True,True
금오공과대학교,단과대구분없음,고분자공학전공,,,True,True,True
수원대학교,공과대학,화공생명공학과,,,True,True,True
영남대학교,단과대구분없음,섬유패션학부,,,True,True,True
동양대학교,단과대구분없음,컴퓨터정보전학과,,,True,True,True
이화여자대학교,공과대학,전자공학전공,,,True,True,True
동의대학교,영상정보대학,멀티미디어공학과,,,True,True,True
경상국립대학교,해양과학대학,해양토목공학과,,,True,True,True
한경국립대학교,공과대학,건축공학전공,,,True,True,True
부경대학교,공과대학,고분자공학과,,,True,True,True
이화여자대학교,공과대학,건축학전공,,,True,True,True
충북대학교,전자정보대학,전기공학부,,,True,True,True
전남대학교,공학대학,의공학과,,,True,True,True
신라대학교,공과대학,전자공학전공,,,True,True,True
동국대학교,영상미디어대학,게임멀티미디어공학과,,,True,True,True
제주대학교,공과대학,건축학부,,,True,True,True
경일대학교,공과대학,화학공학과,,,True,True,True
경기대학교,자연과학대학,컴퓨터과학과,,,True,True,True
울산과학기술원,단과대구분없음,전기전자컴퓨터공학부,,,True,True,True
세종대학교,전자정보공학대학,컴퓨터공학과,,,True,True,True
조선대학교,공과대학,산업공학과,,,True,True,True
영남대학교,공과대학,첨단기계전공,,,True,True,True
광주대학교,공과대학,전기전자공학과,,,True,True,True
안양대학교,이공대학,정보통신공학과,,,True,True,True
공주대학교,공과대학,건축학부,,,True,True,True
동양대학교,단과대구분없음,컴퓨터공학부,,,True,True,True
강원대학교,공학대학,기계자동차공학부,,,True,True,True
강원대학교,공학대학,메카트로닉스공학과,,,True,True,True
연세대학교(미래),보건과학대학,친환경에너지공학전공,,,True,True,True
강릉원주대학교,공과대학,신소재금속공학과,,,True,True,True
세종대학교,전자정보공학대학,정보통신공학과,,,True,True,True
군산대학교,공과대학,정보통신공학과,,,True,True,True
카이스트(KAIST/한국과학기술원),공과대학,건설및환경공학과,,,True,True,True
동아대학교,공과대학,전자공학전공,,,True,True,True
창원대학교,공과대학,건축공학전공,,,True,True,True
한국해양대학교,해사대학,항해학부,,,True,True,True
호서대학교,공과대학,환경공학과,,,True,True,True
명지대학교,공과대학,환경에너지공학과,,,True,True,True
강원대학교,공과대학,생물공학과,,,True,True,True
원광대학교,공과대학,전기전자및정보공학부,,,True,True,True
호서대학교,공과대학,시스템제어공학과,,,True,True,True
제주대학교,공과대학,컴퓨터공학과,,,True,True,True
경일대학교,단과대구분없음,섬유패션학과,,,True,True,True
경희대학교,단과대구분없음,자율전공학과,,,True,True,True
대구가톨릭대학교,공과대학,건축공학전공,,,True,True,True
영남대학교,공과대학,전기공학과,,,True,True,True
공주대학교,공과대학,금형공학과,,,True,True,True
전주대학교,공과대학,전기전자공학전공,,,True,True,True
강원대학교,공학대학,화학공학과,,,True,True,True
성공회대학교,단과대구분없음,정보통신공학과,,,True,True,True
대구대학교,정보통신대학,정보통신공학부(통신공학전공),,,True,True,True
전남대학교,공학대학,해양토목공학과,,,True,True,True
명지대학교,공과대학,교통공학과,,,True,True,True
충남대학교,공과대학,고분자공학과,,,True,True,True
부산외국어대학교,이공대학,컴퓨터공학과,,,True,True,True
강원대학교,공학대학,재료금속공학과,,,True,True,True
공주대학교,공과대학,환경공학과,,,True,True,True
배재대학교,김소월대학,건축학전공,,,True,True,True
한경국립대학교,공과대학,건축학부,,,True,True,True
목포대학교,공과대학,조경학과,,,True,True,True
강원대학교,공과대학,기계의용공학과,,,True,True,True
원광대학교,공과대학,도시공학과,,,True,True,True
공주대학교,공과대학,기계자동차공학부(야간),,,True,True,True
서경대학교,이공대학,도시공학과,,,True,True,True
세종대학교,공과대학,토목환경공학전공,,,True,True,True
초당대학교,단과대구분없음,항공운항학과,,,True,True,True
금오공과대학교,단과대구분없음,건축학부,,,True,True,True
대구대학교,공과대학,화학공학과,,,True,True,True
전북대학교,공과대학,도시공학과,,,True,True,True
강원대학교,IT대학,전기전자공학전공,,,True,True,True
경일대학교,공과대학,건축학과,,,True,True,True
전남대학교,단과대구분없음,시스템생명공학전공,,,True,True,True
국민대학교,공과대학,신소재공학전공,,,True,True,True
공주대학교,공과대학,고분자공학전공,,,True,True,True
금오공과대학교,단과대구분없음,기계공학과,,,True,True,True
전북대학교,공과대학,화학공학부(에너지화학공학전공),,,True,True,True
경남과학기술대학교,융합기술공과대학,전자공학과,,,True,True,True
경상국립대학교,공과대학,토목공학과,,,True,True,True
경기대학교,공과대학,토목공학과,,,True,True,True
강원대학교,공학대학,건축학과,,,True,True,True
경희대학교,생명과학대학,식품생명공학과,,,True,True,True
전북대학교,공과대학,IT정보공학부(컴퓨터시스템공학전공),,,True,True,True
서울대학교,공과대학,컴퓨터공학부,,,True,True,True
가톨릭관동대학교,공과대학,건축공학전공,,,True,True,True
이화여자대학교,공과대학,컴퓨터정보통신공학전공,,,True,True,True
강원대학교,의생명과학대학,생명건강공학과,,,True,True,True
가톨릭대학교,단과대구분없음,정보통신공학전공,,,True,True,True
전북대학교,공과대학,기계항공시스템공학부(항공우주공학전공),,,True,True,True
경희대학교,공과대학,건설・환경공학부,,,True,True,True
명지대학교,공과대학,환경생명공학과,,,True,True,True
충남대학교,공과대학,기계설계공학과,,,True,True,True
경남대학교,공과대학,기계로봇설계공학전공,,,True,True,True
군산대학교,해양과학대학,해양건설공학과,,,True,True,True
금오공과대학교,단과대구분없음,컴퓨터공학전공,,,True,True,True
호서대학교,공과대학,화학공학과,,,True,True,True
충북대학교,공과대학,기계공학부,,,True,True,True
강원대학교,산림환경과학대학,임산제지공학과군,,,True,True,True
가천대학교,공과대학,화공생명공학과,,,True,True,True
동국대학교(WISE),과학기술대학,정보통신공학부,,,True,True,True
동국대학교,공과대학,컴퓨터정보통신공학부,,,True,True,True
세종대학교,자연과학대학,인터넷학과,,,True,True,True
명지대학교,공과대학,전기공학과,,,True,True,True
건국대학교,생명환경과학대학,사회환경시스템공학전공,,,True,True,True
강원대학교,공학대학,전기공학전공,,,True,True,True
공주대학교,공과대학,기계설계공학전공,,,True,True,True
원광대학교,공과대학,컴퓨터공학과,,,True,True,True
한라대학교,공과대학,전기전자공학과,,,True,True,True
가톨릭대학교,단과대구분없음,정보시스템공학전공,,,True,True,True
창원대학교,공과대학,기계공학전공,,,True,True,True
경희대학교,전자정보대학,전자정보학부,,,True,True,True
한양대학교,공과대학,건설환경공학과,,,True,True,True
동아대학교,공과대학,전기공학과,,,True,True,True
한국방송통신대학교,자연과학대학,컴퓨터과학과,,,True,True,True
한양대학교,공과대학,기계공학부,,,True,True,True
동아대학교,공과대학,전자공학과,,,True,True,True
경일대학교,IT융복합대학,컴퓨터공학과,,,True,True,True
동양대학교,단과대구분없음,건축소방행정학과,,,True,True,True
동국대학교,공과대학,화학공학전공,,,True,True,True
제주대학교,공과대학,전자공학과,,,True,True,True
부경대학교,공과대학,기계자동차공학과,,,True,True,True
성결대학교,공과대학,멀티미디어공학부,,,True,True,True
대구대학교,공과대학,조경학과,,,True,True,True
대구대학교,공과대학,산업경영공학과,,,True,True,True
전북대학교,공과대학,전자정보공학부(컴퓨터과학전공),,,True,True,True
창원대학교,공과대학,신소재융합공학전공,,,True,True,True
고려대학교,공과대학,재료화공생명공학부,,,True,True,True
전북대학교,공과대학,응용시스템공학부(사회기반공학전공),,,True,True,True
중앙대학교,공과대학,화학신소재공학부,,,True,True,True
전주대학교,문화산업대학,게임학과,,,True,True,True
동국대학교,정보산업대학,컴퓨터멀티미디어공학부,,,True,True,True
금오공과대학교,단과대구분없음,산업시스템공학전공,,,True,True,True
경북대학교,공과대학,고분자공학과,,,True,True,True
동명대학교,건축ㆍ디자인대학,건축공학과,,,True,True,True
창원대학교,공과대학,산업시스템공학과,,,True,True,True
제주대학교,공과대학,기계공학전공,,,True,True,True
대구한의대학교,건축디지털대학,토목공학전공,,,True,True,True
인하대학교,공과대학,건축공학전공,,,True,True,True
동국대학교,정보산업대학,산업시스템공학과,,,True,True,True
충북대학교,공과대학,환경공학과,,,True,True,True
영남대학교,공과대학,정보통신공학과,,,True,True,True
부경대학교,공과대학,재료공학과,,,True,True,True
광운대학교,전자정보공과대학,컴퓨터공학과,,,True,True,True
호원대학교,공과대학,컴퓨터학부,,,True,True,True
한양대학교,공과대학,전기공학전공,,,True,True,True
순천향대학교,공과대학,정보통신공학과,,,True,True,True
성결대학교,공과대학,컴퓨터공학부,,,True,True,True
연세대학교,공과대학,도시공학과,,,True,True,True
한국국제대학교,공과대학,조선해양공학과,,,True,True,True
명지대학교,공과대학,전자공학과,,,True,True,True
공주대학교,공과대학,토목환경공학전공,,,True,True,True
중원대학교,단과대구분없음,메카트로닉스학과,,,True,True,True
군산대학교,공과대학,신소재공학과,,,True,True,True
강릉원주대학교,공과대학,전자공학과,,,True,True,True
서울시립대학교,도시과학대학,환경공학부,,,True,True,True
한경국립대학교,공과대학,전기전자제어공학과,,,True,True,True
전북대학교,공과대학,기계시스템공학부(정밀기계공학전공),,,True,True,True
광운대학교,공과대학,건축학과,,,True,True,True
동국대학교,바이오시스템대학,식품생명공학과,,,True,True,True
동의대학교,공과대학,토목도시공학부,,,True,True,True
대구대학교,정보통신대학,전자공학부(전자시스템공학전공),,,True,True,True
순천향대학교,의료과학대학,의료IT공학과,,,True,True,True
명지대학교,공과대학,전자정보통신공학부,,,True,True,True
순천대학교,공과대학,건축학부,,,True,True,True
경희대학교,공과대학,토목공학과,,,True,True,True
강원대학교,공과대학,건축학과(5),,,True,True,True
한라대학교,공과대학,건축학부,,,True,True,True
제주대학교,공과대학,통신컴퓨터공학부,,,True,True,True
한라대학교,공과대학,디지털방송공학전공,,,True,True,True
단국대학교,공과대학,토목환경공학과,,,True,True,True
경북대학교,공과대학,"건축토목공학부(건축공학전공,토목공학전공)",,,True,True,True
창원대학교,공과대학,정보통신공학과,,,True,True,True
강원대학교,공학대학,건축공학과,,,True,True,True
순천향대학교,공과대학,나노화학공학과,,,True,True,True
영남대학교,공과대학,기계설계전공,,,True,True,True
목포해양대학교,해사대학,해상운송시스템학부,,,True,True,True
전주대학교,문화산업대학,정보시스템전공,,,True,True,True
안양대학교,이공대학,도시정보공학과,,,True,True,True
강릉원주대학교,공과대학,세라믹신소재공학과,,,True,True,True
강원대학교,공학대학,산업경영공학과,,,True,True,True
울산과학기술원,단과대구분없음,기계신소재공학부,,,True,True,True
경희대학교,생명과학대학,식물・환경신소재공학과,,,True,True,True
경남대학교,공과대학,신소재공학과,,,True,True,True
강원대학교,공과대학,메카트로닉스전공,,,True,True,True
동국대학교,공과대학,기계공학과,,,True,True,True
한양대학교,공과대학,도시공학과,,,True,True,True
건국대학교,정보통신대학,컴퓨터공학부,,,True,True,True
강원대학교,공학대학,해양건설시스템공학과,,,True,True,True
화성의과학대학교,단과대구분없음,인터넷정보통신학과,,,True,True,True
한양대학교(ERICA),공학대학,전자시스템공학과,,,True,True,True
고려대학교,정보통신대학,전파통신공학과,,,True,True,True
호서대학교,공과대학,소방방재학과,,,True,True,True
우석대학교,보건복지대학,정보보안학과,,,True,True,True
경상국립대학교,공과대학,항공우주시스템공학과,,,True,True,True
동명대학교,건축ㆍ디자인대학,건축학과,,,True,True,True
한경국립대학교,공과대학,토목안전환경공학과,,,True,True,True
한국국제대학교,공과대학,전기에너지공학과,,,True,True,True
카이스트(KAIST/한국과학기술원),공과대학,신소재공학과,,,True,True,True
한국항공대학교,공과대학,항공우주및기계공학부,,,True,True,True
동아대학교,공과대학,건축학과(5),,,True,True,True
부산가톨릭대학교,보건과학대학,치기공학과,,,True,True,True
부경대학교,공과대학,안전공학과,,,True,True,True
동의대학교,공과대학,건축설비공학과,,,True,True,True
세종대학교,공과대학,건축공학전공,,,True,True,True
한경국립대학교,공과대학,기계공학과,,,True,True,True
금오공과대학교,단과대구분없음,산업시스템공학과,,,True,True,True
동양대학교,단과대구분없음,정보통신공학부,,,True,True,True
부경대학교,공과대학,안전공학부,,,True,True,True
부산대학교,생명자원과학대학,IT응용공학과,,,True,True,True
고려대학교,사범대학,컴퓨터교육과,,,True,True,True
경북대학교,자연과학대학,생명공학부,,,True,True,True
강원대학교,공학대학,소방방재공학전공,,,True,True,True
부경대학교,공과대학,기계공학부,,,True,True,True
부경대학교,공과대학,전기공학전공,,,True,True,True
조선대학교,공과대학,전기공학과,,,True,True,True
충남대학교,공과대학,기계설계공학전공,,,True,True,True
목포해양대학교,해양공과대학,해양시스템공학부,,,True,True,True
대구가톨릭대학교,공과대학,건축학전공,,,True,True,True
강원대학교,공학대학,산업공학과,,,True,True,True
강원대학교,공과대학,환경공학전공,,,True,True,True
한양대학교,공과대학,융합전자공학부,,,True,True,True
나사렛대학교,단과대구분없음,정보통신학과,,,True,True,True
경북대학교,농업생명과학대학,바이오섬유소재학과,,,True,True,True
한국해양대학교,해양과학기술대학,에너지자원공학과,,,True,True,True
경성대학교,공과대학,건축학부,,,True,True,True
순천향대학교,자연과학대학,해양생명공학과,,,True,True,True
한국교원대학교,제3대학,컴퓨터교육과,,,True,True,True
순천향대학교,공과대학,기계공학과,,,True,True,True
경희대학교,공과대학,기계공학과,,,True,True,True
한서대학교,단과대구분없음,건축학과,,,True,True,True
신라대학교,공과대학,컴퓨터공학전공,,,True,True,True
전북대학교,공과대학,산업정보시스템공학과,,,True,True,True
공주대학교,공과대학,컴퓨터소프트웨어공학전공,,,True,True,True
경북대학교,공과대학,에너지공학부,,,True,True,True
고려대학교,보건과학대학,치기공학과,,,True,True,True
한신대학교,IT대학,컴퓨터정보소프트웨어학부,,,True,True,True
충북대학교,경영대학,테크노경영학과,,,True,True,True
삼육대학교,과학기술대학,카메카트로닉스학과,,,True,True,True
충남대학교,공과대학,메카트로닉스공학전공,,,True,True,True
목포해양대학교,해양공과대학,해양전자통신공학부,,,True,True,True
숭실대학교,IT대학,컴퓨터학부,,,True,True,True
이화여자대학교,공과대학,컴퓨터공학전공,,,True,True,True
순천대학교,공과대학,고분자공학과,,,True,True,True
경남과학기술대학교,융합기술공과대학,기계공학과,,,True,True,True
카이스트(KAIST/한국과학기술원),공과대학,생명화학공학과,,,True,True,True
광운대학교,단과대구분없음,교양학부(공학계열),,,True,True,True
순천대학교,공과대학,환경공학과,,,True,True,True
전북대학교,공과대학,건축공학과,,,True,True,True
광운대학교,전자정보공과대학,전기공학과,,,True,True,True
울산대학교,공과대학,건설환경공학부,,,True,True,True
충남대학교,공과대학,컴퓨터공학과,,,True,True,True
건국대학교,공과대학,토목공학과,,,True,True,True
고려대학교,공과대학,기계공학과,,,True,True,True
울산대학교,공과대학,의공학전공,,,True,True,True
경남대학교,공과대학,나노신소재공학과,,,True,True,True
호서대학교,공과대학,자동차공학과,,,True,True,True
경남대학교,공과대학,기계시스템공학전공,,,True,True,True
영남대학교,단과대구분없음,전자정보공학부,,,True,True,True
충남대학교,공과대학,전자공학과,,,True,True,True
경희대학교,후마니타스칼리지,자율전공학부,,,True,True,True
광주대학교,공과대학,정보통신학과,,,True,True,True
부경대학교,공과대학,화학공학과,,,True,True,True
강원대학교,공학대학,제어계측공학과,,,True,True,True
강원대학교,공학대학,전기공학과,,,True,True,True
전남대학교,수산해양대학,동력시스템공학과,,,True,True,True
동국대학교,공과대학,건축공학부,,,True,True,True
한국예술종합학교,미술원,건축과,,,True,True,True
조선대학교,공과대학,메카트로닉스공학과,,,True,True,True
충북대학교,전자정보대학,컴퓨터공학과,,,True,True,True
한국기술교육대학교,단과대구분없음,메카트로닉스공학부,,,True,True,True
신라대학교,공과대학,IT학과,,,True,True,True
충남대학교,자연과학대학,컴퓨터과학과,,,True,True,True
서울여자대학교,정보미디어대학,컴퓨터학과,,,True,True,True
공주대학교,공과대학,기계시스템공학전공,,,True,True,True
한동대학교,단과대구분없음,전산전자공학부,,,True,True,True
배재대학교,김소월대학,실내건축학전공,,,True,True,True
신라대학교,ITㆍ디자인대학,모바일소프트웨어공학전공,,,True,True,True
세종대학교,공과대학,건설환경공학과,,,True,True,True
동신대학교,공과대학,토목공학과,,,True,True,True
연세대학교,공과대학,전기전자공학부,,,True,True,True
서강대학교,공과대학,기계공학전공,,,True,True,True
호서대학교,공과대학,기계공학과,,,True,True,True
금오공과대학교,단과대구분없음,기계공학부,,,True,True,True
금오공과대학교,단과대구분없음,기계설계공학과,,,True,True,True
건국대학교,건축대학,건축설계전공,,,True,True,True
서울여자대학교,정보미디어대학,정보보호학과,,,True,True,True
전북대학교,농업생명과학대학,조경학과,,,True,True,True
경희대학교,공과대학,기계산업시스템공학부,,,True,True,True
동양대학교,단과대구분없음,생명화학공학과,,,True,True,True
전주대학교,공과대학,생산디자인공학과,,,True,True,True
부산대학교,나노과학기술대학,나노과학기술학과군,,,True,True,True
강원대학교,공학대학,재난관리공학전공,,,True,True,True
부경대학교,공과대학,발전기계전기시스템공학전공,,,True,True,True
예원예술대학교,단과대구분없음,게임애니메이션전공,,,True,True,True
대구대학교,정보통신대학,전자공학부,,,True,True,True
전북대학교,공과대학,건축도시공학부,,,True,True,True
서울시립대학교,공과대학,신소재공학과,,,True,True,True
세종대학교,생명과학대학,생명공학부,,,True,True,True
동국대학교,정보산업대학,컴퓨터공학전공,,,True,True,True
전주대학교,공과대학,정보시스템전공,,,True,True,True
부산대학교,생명자원과학대학,조경학과,,,True,True,True
가톨릭관동대학교,사범대학,컴퓨터교육과,,,True,True,True
동의대학교,공과대학,기계공학부,,,True,True,True
제주대학교,생명자원과학대학,생명공학부,,,True,True,True
동양대학교,단과대구분없음,IT전자공학과,,,True,True,True
강원대학교,IT대학,컴퓨터정보통신공학전공,,,True,True,True
한남대학교,공과대학,멀티미디어학부,,,True,True,True
한밭대학교,건설환경조형대학,도시공학과,,,True,True,True
금오공과대학교,단과대구분없음,기전공학과,,,True,True,True
중앙대학교,공과대학,건축학부,,,True,True,True
동의대학교,공과대학,컴퓨터소프트웨어공학과,,,True,True,True
목포대학교,공과대학,정보전자공학과,,,True,True,True
협성대학교,이공대학,컴퓨터공학과,,,True,True,True
연세대학교(미래),과학기술대학,컴퓨터정보통신공학부,,,True,True,True
강원대학교,공학대학,건설방재공학전공,,,True,True,True
이화여자대학교,공과대학,정보통신학전공,,,True,True,True
강원대학교,공학대학,신소재공학전공,,,True,True,True
전북대학교,공과대학,전자정보공학부(제어계측공학전공),,,True,True,True
순천향대학교,공과대학,건축학과,,,True,True,True
포항공과대학교(POSTECH),공과대학,신소재공학과,,,True,True,True
공주대학교,공과대학,공업화학전공,,,True,True,True
한성대학교,공과대학,기계시스템공학과,,,True,True,True
공주대학교,공과대학,산업경영공학과,,,True,True,True
한성대학교,공과대학,정보통신공학과,,,True,True,True
동의대학교,공과대학,건축학과,,,True,True,True
영남대학교,공과대학,컴퓨터공학과,,,True,True,True
가톨릭대학교,단과대구분없음,컴퓨터전자공학부,,,True,True,True
동의대학교,영상정보대학,영화영상공학과,,,True,True,True
동국대학교(WISE),과학기술대학,조경학과,,,True,True,True
울산과학기술원,단과대구분없음,기초과정부(이공계열),,,True,True,True
동의대학교,영상정보대학,디지털문화콘텐츠공학과,,,True,True,True
동신대학교,공과대학,수소에너지학과,,,True,True,True
동덕여자대학교,정보대학,컴퓨터학과,,,True,True,True
경성대학교,공과대학,환경공학과,,,True,True,True
목포대학교,공과대학,정보보호학과,,,True,True,True
동국대학교(WISE),과학기술대학,정보통신공학과,,,True,True,True
순천향대학교,공과대학,컴퓨터학부,,,True,True,True
부경대학교,공과대학,냉동공조공학전공,,,True,True,True
전북대학교,공과대학,환경화학공학부,,,True,True,True
충남대학교,공과대학,전기공학과,,,True,True,True
울산대학교,공과대학,첨단소재공학부,,,True,True,True
호원대학교,공과대학,기계공학과,,,True,True,True
청주대학교,이공대학,건축학과(5),,,True,True,True
삼육대학교,문화예술대학,건축학과,,,True,True,True
강릉원주대학교,공과대학,토목공학과,,,True,True,True
대전대학교,공과대학,건축공학과,,,True,True,True
경상국립대학교,공과대학,도시공학과,,,True,True,True
영산대학교,공과대학,교통공학과,,,True,True,True
호서대학교,공과대학,로봇자동화공학전공,,,True,True,True
전남대학교,공과대학,화학공학부,,,True,True,True
건국대학교,건축대학,건축공학전공,,,True,True,True
한밭대학교,정보기술대학,전기공학과,,,True,True,True
경일대학교,공과대학,건설공학부,,,True,True,True
경일대학교,공과대학,건축공학과,,,True,True,True
한양대학교,공과대학,건축공학부,,,True,True,True
한양대학교,공과대학,생체공학전공,,,True,True,True
전북대학교,공과대학,전자공학부(나노전자공학전공),,,True,True,True
세종대학교,공과대학,공간정보공학과,,,True,True,True
한양대학교(ERICA),공학대학,건축학부,,,True,True,True
조선대학교,전자정보공과대학,제어계측로봇공학과,,,True,True,True
한국공학대학교,단과대구분없음,기계공학과,,,True,True,True
한양대학교(ERICA),공학대학,건설교통공학부,,,True,True,True
서울시립대학교,도시과학대학,소방방재학과,,,True,True,True
세명대학교,공과대학,토목공학과,,,True,True,True
성균관대학교,공과대학,신소재공학부,,,True,True,True
서울시립대학교,공과대학,화학공학과,,,True,True,True
세종대학교,전자정보공학대학,전자정보통신공학부,,,True,True,True
강원대학교,자연과학대학,전자계산환경과학과군,,,True,True,True
성결대학교,공과대학,산업경영공학부,,,True,True,True
우송대학교,단과대구분없음,건축공학과,,,True,True,True
성균관대학교,정보통신대학,소프트웨어전공,,,True,True,True
성결대학교,공과대학,정보통신공학부,,,True,True,True
경북대학교,농업생명과학대학,농업토목공학과,,,True,True,True
순천향대학교,자연과학대학,생명공학과,,,True,True,True
경기대학교,공과대학,전자공학과,,,True,True,True
가톨릭대학교,단과대구분없음,생명공학전공,,,True,True,True
동의대학교,공과대학,전자공학과,,,True,True,True
동명대학교,공과대학,자동차공학과,,,True,True,True
강남대학교,공과대학,산업시스템공학과,,,True,True,True
대구대학교,정보통신대학,정보통신공학부(멀티미디어공학전공),,,True,True,True
순천향대학교,공과대학,전기전자공학전공,,,True,True,True
경주대학교,산업기술대학,전기에너지컴퓨터공학과,,,True,True,True
전북대학교,공과대학,기계설계공학부(기계설계공학전공),,,True,True,True
공주대학교,공과대학,산업디자인공학부,,,True,True,True
한남대학교,공과대학,컴퓨터공학과,,,True,True,True
건국대학교,공과대학,기계공학전공,,,True,True,True
성균관대학교,정보통신대학,전자전기공학부,,,True,True,True
강원대학교,공학대학,전자공학전공,,,True,True,True
한국해양대학교,해사대학,기관공학부,,,True,True,True
청주대학교,이공대학,산업공학과,,,True,True,True
중원대학교,단과대구분없음,에너지자원공학부,,,True,True,True
가천대학교,단과대구분없음,컴퓨터공학전공,,,True,True,True
경남대학교,공과대학,정보통신공학과,,,True,True,True
경성대학교,공과대학,도시공학과,,,True,True,True
경희대학교,전자정보대학,생체의공학과,,,True,True,True
숭실대학교,공과대학,전기공학부,,,True,True,True
조선대학교,전자정보공과대학,전자공학과,,,True,True,True
인하대학교,공과대학,사회기반시스템공학부,,,True,True,True
울산대학교,공과대학,건설환경공학전공,,,True,True,True
동국대학교,정보산업대학,컴퓨터공학과,,,True,True,True
대구가톨릭대학교,공과대학,정보통신공학전공,,,True,True,True
충남대학교,공과대학,전기공학전공,,,True,True,True
서강대학교,공과대학,화공생명공학전공,,,True,True,True
부경대학교,공과대학,전자정보통신공학전공,,,True,True,True
부산대학교,공과대학,재료공학부,,,True,True,True
세종대학교,생명과학대학,바이오자원공학전공/분자생물학부,,,True,True,True
경남대학교,공과대학,건축공학전공,,,True,True,True
강원대학교,공학대학,토목공학과,,,True,True,True
한국해양대학교,해양과학기술대학,해양공간건축학과,,,True,True,True
목포해양대학교,해사대학,기관시스템공학부,,,True,True,True
경북대학교,공과대학,신소재공학부,,,True,True,True
순천향대학교,공과대학,에너지환경공학과,,,True,True,True
전북대학교,공과대학,기계항공시스템공학부(기계설계공학전공),,,True,True,True
목원대학교,공과대학,컴퓨터공학부,,,True,True,True
강원대학교,공과대학,산업공학과,,,True,True,True
부산대학교,공과대학,유기소재시스템공학과,,,True,True,True
경상국립대학교,공과대학,건설공학부,,,True,True,True
고려대학교,공과대학,산업시스템정보공학과,,,True,True,True
신라대학교,사범대학,컴퓨터교육과,,,True,True,True
성균관대학교,단과대구분없음,전자전기컴퓨터공학전공,,,True,True,True
한양대학교(ERICA),공학대학,건설환경시스템공학전공,,,True,True,True
안양대학교,이공대학,컴퓨터공학과,,,True,True,True
연세대학교,공과대학,신소재공학전공,,,True,True,True
한성대학교,공과대학,정보시스템공학과,,,True,True,True
공주대학교,공과대학,나노정보공학전공,,,True,True,True
고려대학교,공과대학,전기전자전파공학부,,,True,True,True
경일대학교,공과대학,기계자동차학부,,,True,True,True
강원대학교,공학대학,기계공학과,,,True,True,True
인하대학교,공과대학,에너지자원공학과,,,True,True,True
금오공과대학교,단과대구분없음,컴퓨터소프트웨어공학과,,,True,True,True
전북대학교,공과대학,전자정보공학부(전자공학전공),,,True,True,True
성균관대학교,공과대학,건축공학과,,,True,True,True
강원대학교,공과대학,토목공학과,,,True,True,True
울산대학교,공과대학,화학공학전공,,,True,True,True
전북대학교,농업생명과학대학,지역건설공학과,,,True,True,True
청주대학교,단과대구분없음,항공학부,,,True,True,True
동아대학교,공과대학,산업공학과,,,True,True,True
서울여자대학교,정보미디어대학,멀티미디어학과,,,True,True,True
한라대학교,공과대학,기계공학전공,,,True,True,True
경상국립대학교,공과대학,금속재료공학전공,,,True,True,True
강원대학교,공학대학,방재안전공학전공,,,True,True,True
강원대학교,공학대학,자동화기계전공,,,True,True,True
충북대학교,공과대학,토목공학부,,,True,True,True
한밭대학교,건설환경조형대학,건축공학과,,,True,True,True
영남대학교,공과대학,신소재공학전공,,,True,True,True
광운대학교,전자정보공과대학,로봇학부,,,True,True,True
강원대학교,IT대학,컴퓨터과학전공,,,True,True,True
한국해양대학교,해양과학기술대학,해양공간건축학부,,,True,True,True
호서대학교,공과대학,국방과학기술학과,,,True,True,True
가톨릭관동대학교,공과대학,정보통신공학전공,,,True,True,True
서울대학교,공과대학,재료공학부,,,True,True,True
선문대학교,공과대학,전자재료공학과,,,True,True,True
경일대학교,IT융복합대학,전자공학과,,,True,True,True
인하대학교,공과대학,금속공학전공,,,True,True,True
강원대학교,공학대학,환경방재공학전공,,,True,True,True
안동대학교,공과대학,금속신소재공학전공,,,True,True,True
금오공과대학교,단과대구분없음,광시스템공학과,,,True,True,True
부산대학교,공과대학,항공우주공학과,,,True,True,True
조선대학교,공과대학,광기술공학과,,,True,True,True
전북대학교,공과대학,사회기반시스템공학과,,,True,True,True
서경대학교,이공대학,컴퓨터과학과,,,True,True,True
경성대학교,공과대학,토목공학과,,,True,True,True
경상국립대학교,공과대학,제어계측공학과,,,True,True,True
창원대학교,공과대학,메카트로닉스공학부,,,True,True,True
부경대학교,공과대학,컴퓨터멀티미디어공학전공,,,True,True,True
세종대학교,전자정보공학대학,정보통신공학전공,,,True,True,True
경희대학교,공과대학,화공・재료공학부,,,True,True,True
공주대학교,공과대학,정보통신공학전공,,,True,True,True
서경대학교,이공대학,컴퓨터공학과,,,True,True,True
동아대학교,생명자원과학대학,생명공학과,,,True,True,True
고려대학교,공과대학,건축학과,,,True,True,True
경북대학교,공과대학,무기재료공학과,,,True,True,True
동국대학교,정보산업대학,컴퓨터멀티미디어공학전공,,,True,True,True
강원대학교,산림환경과학대학,산림바이오소재공학과,,,True,True,True
정석대학,단과대구분없음,항공시스템공학과,,,True,True,True
인제대학교,공과대학,전자지능로봇공학과,,,True,True,True
호서대학교,사회과학대학,디지털콘텐츠비즈니스전공,,,True,True,True
군산대학교,공과대학,기계자동차공학부(자동차공학전공),,,True,True,True
공주대학교,사범대학,컴퓨터교육과,,,True,True,True
경남대학교,공과대학,방산기계공학전공,,,True,True,True
동국대학교,공과대학,생명화학공학과,,,True,True,True
서울시립대학교,공과대학,전자전기컴퓨터공학부,,,True,True,True
동명대학교,공과대학,전자공학과,,,True,True,True
동명대학교,공과대학,냉동공조공학과,,,True,True,True
전북대학교,공과대학,신소재공학부,,,True,True,True
제주대학교,공과대학,생명화학공학과,,,True,True,True
조선대학교,공과대학,토목공학과,,,True,True,True
조선대학교,전자정보공과대학,컴퓨터공학부,,,True,True,True
충남대학교,공과대학,바이오응용화학부,,,True,True,True
경성대학교,공과대학,컴퓨터학부,,,True,True,True
서울대학교,공과대학,건설환경공학부,,,True,True,True
한국공학대학교,단과대구분없음,나노-광공학과,,,True,True,True
경성대학교,공과대학,산업경영공학과,,,True,True,True
동국대학교,공과대학,IT학부,,,True,True,True
경희대학교,전자정보대학,컴퓨터공학과,,,True,True,True
한신대학교,IT대학,소프트웨어전공,,,True,True,True
안양대학교,이공대학,디지털미디어학과,,,True,True,True
충북대학교,전자정보대학,전기전자컴퓨터공학부,,,True,True,True
동아대학교,공과대학,컴퓨터공학과,,,True,True,True
강원대학교,공학대학,건설공학부,,,True,True,True
호원대학교,공과대학,건축공학과,,,True,True,True
강원대학교,공학대학,환경공학과,,,True,True,True
부경대학교,공과대학,기계시스템공학과,,,True,True,True
고려대학교,공과대학,기계공학부,,,True,True,True
금오공과대학교,단과대구분없음,정보전자재료공학전공,,,True,True,True
부산대학교,공과대학,고분자공학과,,,True,True,True
충남대학교,공과대학,건축공학과,,,True,True,True
성균관대학교,공과대학,텍스타일시스템공학과,,,True,True,True
조선대학교,자연과학대학,생명공학과,,,True,True,True
단국대학교,공과대학,소프트웨어학과,,,True,True,True
전북대학교,자연과학대학,반도체과학기술학과,,,True,True,True
군산대학교,해양과학대학,동력기계시스템공학과,,,True,True,True
카이스트(KAIST/한국과학기술원),공과대학,원자력및양자공학과,,,True,True,True
군산대학교,공과대학,조선공학과,,,True,True,True
서울대학교,공과대학,화학생물공학부,,,True,True,True
전북대학교,공과대학,전기전자컴퓨터공학부(전자공학),,,True,True,True
수원대학교,공과대학,도시부동산개발학과,,,True,True,True
한국해양대학교,공과대학,전파공학과,,,True,True,True
강원대학교,공학대학,전자정보통신공학부,,,True,True,True
영남대학교,공과대학,디스플레이화학공학전공,,,True,True,True
금오공과대학교,단과대구분없음,시스템경영공학전공,,,True,True,True
충북대학교,공과대학,건축공학과,,,True,True,True
서울시립대학교,도시과학대학,도시공학과,,,True,True,True
영남대학교,공과대학,전자공학과,,,True,True,True
금오공과대학교,단과대구분없음,에너지기능재료공학전공,,,True,True,True
건국대학교,공과대학,신소재공학전공,,,True,True,True
세종대학교,자연과학대학,환경에너지융합학과,,,True,True,True
세종대학교,공과대학,기계항공우주공학부,,,True,True,True
동서대학교,단과대구분없음,신소재공학전공,,,True,True,True
전북대학교,공과대학,전기전자컴퓨터공학부(컴퓨터공학),,,True,True,True
동국대학교(WISE),에너지ㆍ환경대학,원자력및에너지공학부,,,True,True,True
전북대학교,공과대학,전자정보공학부,,,True,True,True
대전대학교,자연과학대학,미생물생명공학과,,,True,True,True
전북대학교,공과대학,섬유소재시스템공학과,,,True,True,True
강원대학교,공학대학,신소재화학공학부,,,True,True,True
동신대학교,공과대학,정보보안학과,,,True,True,True
국민대학교,건축대학,건축설계전공,,,True,True,True
단국대학교,건축대학,건축학과,,,True,True,True
한신대학교,IT대학,디지털융합학부,,,True,True,True
한국해양대학교,해사대학,기관시스템공학부,,,True,True,True
전북대학교,공과대학,바이오메디컬공학부(헬스케어기기공학전공),,,True,True,True
강원대학교,공과대학,화학공학과,,,True,True,True
이화여자대학교,공과대학,환경공학전공,,,True,True,True
명지대학교,공과대학,전기전자공학부,,,True,True,True
충북대학교,전자정보대학,소프트웨어학과,,,True,True,True
용인대학교,문화예술대학,디지털미디어학과,,,True,True,True
목포대학교,공과대학,전기공학과,,,True,True,True
광운대학교,전자정보공과대학,지능시스템전공,,,True,True,True
공주대학교,공과대학,정보통신공학부,,,True,True,True
동서대학교,단과대구분없음,컴퓨터&인터넷공학전공,,,True,True,True
충남대학교,공과대학,선박해양공학과,,,True,True,True
세명대학교,사회과학대학,소방방재학과,,,True,True,True
강릉원주대학교,과학기술대학,기계자동차공학부(정밀기계공학전공),,,True,True,True
고려대학교(세종),과학기술대학,전자및정보공학부,,,True,True,True
국민대학교,단과대구분없음,건축학전공,,,True,True,True
군산대학교,공과대학,나노화학공학과,,,True,True,True
영남대학교,공과대학,건설환경공학부,,,True,True,True
동아대학교,공과대학,건축학전공(5년),,,True,True,True
한밭대학교,공과대학,신소재공학과,,,True,True,True
한신대학교,IT대학,컴퓨터공학부,,,True,True,True
금오공과대학교,단과대구분없음,모바일공학과,,,True,True,True
건국대학교,공과대학,항공우주정보시스템공학과,,,True,True,True
신라대학교,공과대학,환경공학과,,,True,True,True
광주대학교,공과대학,국방기술학부,,,True,True,True
목포대학교,공과대학,제어로봇공학과,,,True,True,True
금오공과대학교,단과대구분없음,나노바이오텍스타일공학전공,,,True,True,True
충북대학교,공과대학,건축학과,,,True,True,True
한국국제대학교,공과대학,기계자동차공학과,,,True,True,True
부산대학교,공과대학,전자전기공학부,,,True,True,True
가천대학교,공과대학,환경에너지공학과,,,True,True,True
경북대학교,공과대학,금속신소재공학과,,,True,True,True
전북대학교,공과대학,항공우주공학과,,,True,True,True
영남대학교,자연자원대학,조경학과,,,True,True,True
부경대학교,공과대학,기계공학과,,,True,True,True
대전대학교,공과대학,환경공학과,,,True,True,True
성균관대학교,단과대구분없음,컴퓨터공학전공,,,True,True,True
호원대학교,공과대학,전기공학부,,,True,True,True
제주대학교,해양과학대학,해양시스템공학과,,,True,True,True
가톨릭관동대학교,공과대학,건축학전공,,,True,True,True
호서대학교,공과대학,자동차공학전공,,,True,True,True
대구가톨릭대학교,공과대학,IT공학부,,,True,True,True
전주대학교,문화산업대학,미디어정보학부,,,True,True,True
부산대학교,공과대학,사회환경시스템공학부,,,True,True,True
이화여자대학교,공과대학,건축학전공(5년),,,True,True,True
포항공과대학교(POSTECH),공과대학,전자전기공학과,,,True,True,True
동서대학교,단과대구분없음,컴퓨터공학전공,,,True,True,True
부경대학교,공과대학,재료공학전공,,,True,True,True
송원대학교,단과대구분없음,건축공학과,,,True,True,True
부산대학교,공과대학,건축학부,,,True,True,True
공주대학교,공과대학,전기전자제어공학부,,,True,True,True
서울과학기술대학교,공과대학,철도차량공학과,,,True,True,True
가천대학교,단과대구분없음,멀티미디어전공,,,True,True,True
경상국립대학교,공과대학,기계공학부,,,True,True,True
대구예술대학교,단과대구분없음,건축실내디자인전공,,,True,True,True
순천대학교,사범대학,컴퓨터교육과,,,True,True,True
안동대학교,공과대학,토목공학과,,,True,True,True
전주대학교,단과대구분없음,공학부,,,True,True,True
안동대학교,공과대학,신소재공학부,,,True,True,True
계명대학교,공과대학,신소재공학과,,,True,True,True
세명대학교,공과대학,전자공학과,,,True,True,True
경상국립대학교,공과대학,세라믹공학전공,,,True,True,True
수원대학교,공과대학,전기공학과,,,True,True,True
한양대학교,공과대학,정보시스템학과,,,True,True,True
고려대학교,공과대학,사회환경시스템공학과,,,True,True,True
경성대학교,공과대학,컴퓨터공학부,,,True,True,True
부산대학교,공과대학,토목공학과,,,True,True,True
경남대학교,공과대학,전자공학과,,,True,True,True
수원대학교,공과대학,토목공학과,,,True,True,True
강원대학교,공과대학,기계공학전공,,,True,True,True
인제대학교,공과대학,토목공학과,,,True,True,True
순천향대학교,공과대학,컴퓨터공학과,,,True,True,True
한양대학교,공과대학,신소재공학부,,,True,True,True
경상국립대학교,공과대학,나노신소재공학부,,,True,True,True
한양대학교(ERICA),공학대학,컴퓨터공학과,,,True,True,True
경성대학교,공과대학,컴퓨터정보학전공,,,True,True,True
한신대학교,IT대학,정보통신학과,,,True,True,True
경희대학교,공과대학,정보전자신소재공학과,,,True,True,True
강원대학교,공학대학,기계공학전공,,,True,True,True
전북대학교,공과대학,전자공학부,,,True,True,True
한남대학교,공과대학,건축공학전공,,,True,True,True
안동대학교,공과대학,기계공학부,,,True,True,True
중원대학교,단과대구분없음,의료공학부,,,True,True,True
대구가톨릭대학교,공과대학,자동차공학전공,,,True,True,True
한라대학교,공과대학,메카트로닉스공학전공,,,True,True,True
부산대학교,공과대학,응용화학공학부,,,True,True,True
공주대학교,공과대학,화학공학부,,,True,True,True
전북대학교,공과대학,건축학부(건축공학),,,True,True,True
영남대학교,단과대구분없음,건축학부,,,True,True,True
배재대학교,김소월대학,건축학부,,,True,True,True
한서대학교,단과대구분없음,환경공학과,,,True,True,True
목포해양대학교,해사대학,국제해사수송과학부,,,True,True,True
전북대학교,단과대구분없음,교양학부(공학계열),,,True,True,True
수원대학교,공과대학,환경공학과,,,True,True,True
광운대학교,전자정보공과대학,컴퓨터소프트웨어학과,,,True,True,True
조선대학교,공과대학,금속재료공학과,,,True,True,True
전남대학교,공과대학,산업공학과,,,True,True,True
부산대학교,생명자원과학대학,바이오메디컬공학과,,,True,True,True
한남대학교,공과대학,건축학부,,,True,True,True
계명대학교,공과대학,화학공학과,,,True,True,True
홍익대학교,공과대학,자율전공(공과대),,,True,True,True
숭실대학교,공과대학,화학공학과,,,True,True,True
서울과학기술대학교,에너지바이오대학,화공생명공학과,,,True,True,True
목원대학교,공과대학,정보통신공학과,,,True,True,True
연세대학교(미래),과학기술대학,정보기술학부,,,True,True,True
가톨릭관동대학교,공과대학,의료공학과,,,True,True,True
단국대학교,공과대학,화학공학과,,,True,True,True
대전대학교,공과대학,정보통신공학과,,,True,True,True
부경대학교,공과대학,시스템경영공학부,,,True,True,True
금오공과대학교,단과대구분없음,토목환경공학부,,,True,True,True
금오공과대학교,단과대구분없음,소프트웨어공학전공,,,True,True,True
고려대학교,보건과학대학,생체의공학과,,,True,True,True
성신여자대학교,자연과학대학,미디어정보학부,,,True,True,True
제주대학교,해양과학대학,토목환경공학전공,,,True,True,True
전북대학교,환경생명자원대학,생명공학부(환경생명공학전공),,,True,True,True
단국대학교,공과대학,고분자시스템공학과,,,True,True,True
계명대학교,공과대학,경영공학과,,,True,True,True
한국해양대학교,공과대학,조선기자재공학부,,,True,True,True
경상국립대학교,공과대학,산업공학전공,,,True,True,True
우석대학교,과학기술대학,전기전자공학과,,,True,True,True
강원대학교,공과대학,자원공학과,,,True,True,True
인제대학교,공과대학,시스템경영공학과,,,True,True,True
가톨릭관동대학교,공과대학,컴퓨터학과,,,True,True,True
동의대학교,공과대학,환경화학공학부,,,True,True,True
전주대학교,공과대학,테크노경영공학전공,,,True,True,True
동서대학교,단과대구분없음,게임&멀티미디어공학전공,,,True,True,True
동아대학교,공과대학,화학공학과,,,True,True,True
세종대학교,전자정보공학대학,인터넷공학전공,,,True,True,True
한국기술교육대학교,단과대구분없음,컴퓨터공학부,,,True,True,True
성균관대학교,단과대구분없음,바이오메카트로닉스전공,,,True,True,True
경상국립대학교,공과대학,건축공학과,,,True,True,True
부경대학교,수산과학대학,생물공학과,,,True,True,True
금오공과대학교,단과대구분없음,소재디자인공학과,,,True,True,True
경상국립대학교,공과대학,생명화학공학과,,,True,True,True
순천대학교,공과대학,전자공학과,,,True,True,True
선문대학교,공과대학,건축학과,,,True,True,True
단국대학교,공과대학,고분자공학전공,,,True,True,True
동양대학교,단과대구분없음,건축실내학과,,,True,True,True
동국대학교,정보산업대학,산업시스템공학부,,,True,True,True
연세대학교(미래),보건과학대학,의용전자공학전공,,,True,True,True
경남과학기술대학교,건설환경공과대학,토목공학과,,,True,True,True
성균관대학교,생명공학대학,바이오메카트로닉스학과,,,True,True,True
부경대학교,공과대학,컴퓨터공학과,,,True,True,True
연세대학교(미래),보건과학대학,의공학부,,,True,True,True
울산대학교,공과대학,산업경영공학부,,,True,True,True
세종대학교,전자정보공학대학,정보보호학과,,,True,True,True
연세대학교,공과대학,기계공학전공,,,True,True,True
경일대학교,IT융복합대학,사이버보안학과,,,True,True,True
한양대학교(ERICA),공학대학,산업경영공학과,,,True,True,True
청주대학교,이공대학,환경공학과,,,True,True,True
대구한의대학교,웰빙복지대학,건설행정전공,,,True,True,True
선문대학교,공과대학,정보통신공학부,,,True,True,True
호원대학교,공과대학,컴퓨터공학과,,,True,True,True
경기대학교,공과대학,건축학과,,,True,True,True
성균관대학교,공과대학,건축학과,,,True,True,True
전북대학교,공과대학,정밀기계공학부(정밀기계공학전공),,,True,True,True
대구한의대학교,단과대구분없음,건축학부,,,True,True,True
신라대학교,공과대학,신소재공학과,,,True,True,True
가톨릭대학교,단과대구분없음,디지털미디어학부,,,True,True,True
순천대학교,공과대학,기계우주항공공학부(우주항공공학전공),,,True,True,True
호서대학교,공과대학,안전보건학과,,,True,True,True
한신대학교,IT대학,정보시스템공학과,,,True,True,True
수원대학교,IT대학,정보통신공학과,,,True,True,True
한밭대학교,공과대학,소방설비공학과,,,True,True,True
한서대학교,단과대구분없음,건축공학과,,,True,True,True
성신여자대학교,자연과학대학,컴퓨터정보학부,,,True,True,True
경일대학교,단과대구분없음,건축학부,,,True,True,True
강원대학교,공과대학,건축학부,,,True,True,True
한세대학교,단과대구분없음,전자소프트웨어학전공,,,True,True,True
강원대학교,공학대학,건축학과(5),,,True,True,True
충남대학교,공과대학,전기정보통신공학부,,,True,True,True
목포대학교,공과대학,토목공학과,,,True,True,True
가톨릭대학교,단과대구분없음,환경공학전공,,,True,True,True
중앙대학교,공과대학,건축학부(건축공학전공),,,True,True,True
수원대학교,공과대학,전자재료공학과,,,True,True,True
동의대학교,공과대학,생명공학과,,,True,True,True
강원대학교,공학대학,정보통신공학전공,,,True,True,True
국민대학교,공과대학,건설시스템공학전공,,,True,True,True
전북대학교,공과대학,환경화학공학부(화학공학전공),,,True,True,True
이화여자대학교,공과대학,건축공학전공,,,True,True,True
건국대학교,정보통신대학,전자공학부,,,True,True,True
충남대학교,사범대학,건설공학교육과,,,True,True,True
강릉원주대학교,과학기술대학,기계자동차공학부(기계의용공학전공),,,True,True,True
한국항공대학교,공과대학,항공재료공학과,,,True,True,True
경상국립대학교,공과대학,산업시스템공학부,,,True,True,True
제주대학교,공과대학,건축공학전공,,,True,True,True
창원대학교,공학대학,금속신소재공학전공,,,True,True,True
동아대학교,공과대학,신소재공학과,,,True,True,True
목포대학교,공과대학,컴퓨터공학과,,,True,True,True
경희대학교,예술ㆍ디자인대학,디지털콘텐츠학과,,,True,True,True
경성대학교,공과대학,식품생명공학과,,,True,True,True
군산대학교,공과대학,환경공학과,,,True,True,True
고려대학교,공과대학,건축공학과,,,True,True,True
한양대학교,공과대학,컴퓨터전공,,,True,True,True
원광대학교,공과대학,기계자동차공학부,,,True,True,True
우송대학교,단과대구분없음,소방방재학과,,,True,True,True
금오공과대학교,단과대구분없음,건축공학전공,,,True,True,True
강원대학교,공학대학,건축공학전공,,,True,True,True
안동대학교,공과대학,기계설계공학과,,,True,True,True
서울대학교,공과대학,원자핵공학과,,,True,True,True
영남대학교,공과대학,환경공학과,,,True,True,True
연세대학교(미래),보건과학대학,의료시스템전공,,,True,True,True
연세대학교(미래),과학기술대학,패키징학전공,,,True,True,True
경남과학기술대학교,융합기술공과대학,메카트로닉스공학과,,,True,True,True
청주대학교,이공대학,컴퓨터정보공학과,,,True,True,True
계명대학교,의과대학,의용공학과,,,True,True,True
울산과학기술원,단과대구분없음,도시환경공학부,,,True,True,True
강원대학교,IT대학,전자공학전공,,,True,True,True
청주대학교,이공대학,건축공학과,,,True,True,True
충북대학교,전자정보대학,정보통신공학전공,,,True,True,True
서경대학교,이공대학,전자공학과,,,True,True,True
세종대학교,공과대학,토목환경지구정보공학부,,,True,True,True
세종대학교,전자정보공학대학,광전자공학과,,,True,True,True
동국대학교(WISE),과학기술대학,컴퓨터공학부,,,True,True,True
수원대학교,IT대학,컴퓨터학과,,,True,True,True
서울시립대학교,도시과학대학,조경학과,,,True,True,True
한라대학교,공과대학,건축학과,,,True,True,True
충북대학교,공과대학,정밀기계공학전공,,,True,True,True
명지대학교,공과대학,기계공학과,,,True,True,True
신라대학교,공과대학,건축학전공,,,True,True,True
제주대학교,공과대학,에너지공학과,,,True,True,True
한양대학교(ERICA),공학대학,건축학전공,,,True,True,True
인하대학교,공과대학,세라믹공학전공,,,True,True,True
순천대학교,공과대학,토목공학과,,,True,True,True
서경대학교,이공대학,토목공학과,,,True,True,True
대구가톨릭대학교,공과대학,정보통신융합공학전공,,,True,True,True
한국공학대학교,단과대구분없음,게임공학과,,,True,True,True
국민대학교,전자정보통신대학,컴퓨터공학부,,,True,True,True
전북대학교,공과대학,전자정보공학부(전기전자공학전공),,,True,True,True
성공회대학교,단과대구분없음,소프트웨어공학과,,,True,True,True
동아대학교,공과대학,기계공학과,,,True,True,True
동의대학교,공과대학,메카트로닉스공학과,,,True,True,True
광운대학교,전자정보공과대학,정보제어전공,,,True,True,True
수원대학교,공과대학,기계공학과,,,True,True,True
충남대학교,사범대학,기술교육과,,,True,True,True
부산대학교,공과대학,기계공학부,,,True,True,True
동신대학교,공과대학,정보통신공학과,,,True,True,True
경기대학교,공과대학,플랜트・건축공학과,,,True,True,True
경상국립대학교,공과대학,전자공학과,,,True,True,True
목포해양대학교,해양공과대학,해양・플랜트건설공학과,,,True,True,True
세종대학교,공과대학,에너지자원공학과,,,True,True,True
한남대학교,생명ㆍ나노과학대학,신소재공학과,,,True,True,True
명지대학교,공과대학,화학공학과,,,True,True,True
국민대학교,단과대구분없음,건축학부,,,True,True,True
한양대학교(ERICA),공학대학,기계공학과,,,True,True,True
인하대학교,공과대학,항공조선산업공학부,,,True,True,True
조선대학교,공과대학,환경공학과,,,True,True,True
한양사이버대학교,단과대구분없음,컴퓨터공학과,,,True,True,True
강원대학교,공학대학,제어계측공학전공,,,True,True,True
목포대학교,공과대학,조선공학과,,,True,True,True
한경국립대학교,자연과학대학,조경학과,,,True,True,True
강릉원주대학교,과학기술대학,기계자동차공학부(자동차공학전공),,,True,True,True
영남대학교,공과대학,기계시스템전공,,,True,True,True
동양대학교,단과대구분없음,철도운전제어학과,,,True,True,True
대구한의대학교,단과대구분없음,건축공학전공,,,True,True,True
충남대학교,공과대학,환경공학과,,,True,True,True
대구대학교,정보통신대학,전자공학부(전자제어공학전공),,,True,True,True
동아대학교,생활과학대학,섬유산업학과,,,True,True,True
동양대학교,단과대구분없음,건축학과,,,True,True,True
한남대학교,공과대학,정보통신공학과,,,True,True,True
한서대학교,단과대구분없음,토목공학과,,,True,True,True
영남대학교,단과대구분없음,생명공학부,,,True,True,True
정석대학,단과대구분없음,항공시스템공학과(전문),,,True,True,True
상지대학교,이공과대학,응용과학군정밀화학신소재학과,,,True,True,True
원광대학교,공과대학,전자및제어공학부,,,True,True,True
세종대학교,공과대학,건축학전공,,,True,True,True
경북대학교,농업생명과학대학,조경학과,,,True,True,True
경성대학교,공과대학,메카트로닉스공학과,,,True,True,True
동국대학교,공과대학,건축공학전공,,,True,True,True
전북대학교,공과대학,전기공학과,,,True,True,True
세종대학교,전자정보공학대학,광전자공학전공,,,True,True,True
전북대학교,공과대학,컴퓨터공학전공,,,True,True,True
경북대학교,단과대구분없음,전자전기컴퓨터학부,,,True,True,True
군산대학교,공과대학,전자정보공학부(정보통신전파공학전공),,,True,True,True
경상국립대학교,해양과학대학,해양토목공학전공,,,True,True,True
강원대학교,공과대학,토목신소재산업화학공학과군,,,True,True,True
한라대학교,공과대학,컴퓨터공학과,,,True,True,True
경희대학교,공과대학,건축공학과,,,True,True,True
연세대학교,학부대학,공학계열,,,True,True,True
한국해양대학교,해사대학,선박전자기계공학부,,,True,True,True
인하대학교,공과대학,건축학전공,,,True,True,True
강원대학교,공과대학,정밀기계공학과,,,True,True,True
배재대학교,아펜젤러대학,전자공학과,,,True,True,True
강원대학교,공학대학,컴퓨터공학과,,,True,True,True
강원대학교,공학대학,자동차공학과,,,True,True,True
이화여자대학교,공과대학,전자정보통신공학전공,,,True,True,True
경기대학교,본부대학,융합보안학과,,,True,True,True
초당대학교,단과대구분없음,건축토목공학부,,,True,True,True
건국대학교,건축대학,건축학부,,,True,True,True
서울시립대학교,공과대학,토목공학과,,,True,True,True
강원대학교,산림환경과학대학,조경학전공,,,True,True,True
건국대학교,생명환경과학대학,지역건설환경공학전공,,,True,True,True
부경대학교,공과대학,시스템경영공학과,,,True,True,True
동의대학교,공과대학,토목공학과,,,True,True,True
신라대학교,공과대학,전자공학과,,,True,True,True
전남대학교,공과대학,전자컴퓨터정보통신공학부,,,True,True,True
한라대학교,공과대학,토목공학과,,,True,True,True
목포해양대학교,해양공과대학,전자공학과,,,True,True,True
단국대학교,건축대학,건축공학과,,,True,True,True
영남대학교,단과대구분없음,건축학전공,,,True,True,True
목포대학교,공과대학,신소재공학과,,,True,True,True
창원대학교,공과대학,기계설계공학전공,,,True,True,True
대구대학교,공과대학,생명공학과,,,True,True,True
동국대학교(WISE),과학기술대학,생명공학전공,,,True,True,True
한서대학교,단과대구분없음,식품생물공학과,,,True,True,True
건국대학교,생명환경과학대학,환경시스템학부,,,True,True,True
수원대학교,공과대학,신소재공학과,,,True,True,True
호서대학교,공과대학,건축학과,,,True,True,True
한양대학교,공과대학,화학공학전공,,,True,True,True
화성의과학대학교,단과대구분없음,생명공학과,,,True,True,True
한신대학교,IT대학,컴퓨터공학전공,,,True,True,True
전북대학교,공과대학,건축도시공학부(건축학전공(5년제)),,,True,True,True
광운대학교,전자정보공과대학,전파공학과,,,True,True,True
조선대학교,공과대학,건축학부,,,True,True,True
연세대학교,공과대학,화공생명공학전공,,,True,True,True
동국대학교(WISE),공학대학,정보통신공학과,,,True,True,True
군산대학교,공과대학,제어로봇공학과,,,True,True,True
가톨릭관동대학교,공과대학,건축학부,,,True,True,True
금오공과대학교,단과대구분없음,기계시스템공학과,,,True,True,True
평택대학교,단과대구분없음,정보통신학과,,,True,True,True
한국해양대학교,해양과학기술대학,해양공학과,,,True,True,True
대구가톨릭대학교,공과대학,컴퓨터공학전공,,,True,True,True
영남대학교,공과대학,도시공학과,,,True,True,True
성공회대학교,단과대구분없음,글로컬IT학과,,,True,True,True
세종대학교,공과대학,항공우주공학전공,,,True,True,True
우석대학교,식품과학대학,식품생명공학과,,,True,True,True
강릉원주대학교,공과대학,정밀기계공학과,,,True,True,True
동국대학교,공과대학,토목환경공학전공,,,True,True,True
강원대학교,공학대학,재료금속공학전공,,,True,True,True
제주대학교,공과대학,전기전자공학부,,,True,True,True
경동대학교,단과대구분없음,건축토목공학부,,,True,True,True
한국기술교육대학교,단과대구분없음,인터넷미디어공학부,,,True,True,True
군산대학교,공과대학,전기공학과,,,True,True,True
경상국립대학교,해양과학대학,정밀기계공학과,,,True,True,True
한국해양대학교,해양과학기술대학,조선해양시스템공학부,,,True,True,True
부산대학교,공과대학,건축공학전공,,,True,True,True
부산대학교,나노과학기술대학,나노응용공학과,,,True,True,True
전북대학교,공과대학,화학공학부,,,True,True,True
한라대학교,공과대학,건축공학전공,,,True,True,True
강원대학교,공학대학,건설방재공학과,,,True,True,True
가톨릭대학교,단과대구분없음,컴퓨터공학전공,,,True,True,True
연세대학교,공과대학,정보산업공학전공,,,True,True,True
한남대학교,공과대학,전자공학과,,,True,True,True
수원대학교,공과대학,산업정보공학과,,,True,True,True
전남대학교,공학대학,건축학과,,,True,True,True
전남대학교,공과대학,신소재공학부,,,True,True,True
전북대학교,공과대학,응용시스템공학부(산업전기공학전공),,,True,True,True
한양사이버대학교,단과대구분없음,정보통신공학과,,,True,True,True
동국대학교(WISE),공학대학,컴퓨터학전공,,,True,True,True
조선대학교,공과대학,생명화학공학과,,,True,True,True
전북대학교,공과대학,토목공학과,,,True,True,True
전남대학교,공학대학,냉동공조공학과,,,True,True,True
공주대학교,공과대학,도시및교통공학전공,,,True,True,True
충남대학교,공과대학,기술교육과,,,True,True,True
조선대학교,공과대학,건축학부(건축공학),,,True,True,True
강원대학교,농업생명과학대학,바이오시스템공학과,,,True,True,True
강릉원주대학교,공과대학,산업정보경영공학과,,,True,True,True
전북대학교,환경생명자원대학,생명공학부(생명자원소재공학전공),,,True,True,True
상명대학교,소프트웨어대학,디지털미디어전공,,,True,True,True
부산대학교,공과대학,전기공학과,,,True,True,True
전북대학교,공과대학,생체정보공학부,,,True,True,True
전북대학교,공과대학,IT정보공학부,,,True,True,True
강원대학교,공학대학,환경방재공학과,,,True,True,True
경상국립대학교,해양과학대학,조선공학과,,,True,True,True
평택대학교,단과대구분없음,컴퓨터학과,,,True,True,True
동명대학교,공과대학,기계공학과,,,True,True,True
건국대학교,공과대학,산업공학과,,,True,True,True
경북대학교,공과대학,기계공학부,,,True,True,True
강원대학교,공과대학,기계메카트로닉스공학과,,,True,True,True
협성대학교,이공대학,도시공학과,,,True,True,True
동아대학교,공과대학,환경공학과,,,True,True,True
전북대학교,공과대학,기계시스템공학부,,,True,True,True
경북대학교,IT대학,전자공학부,,,True,True,True
홍익대학교,공과대학,정보산업공학전공,,,True,True,True
고려대학교,정보통신대학,컴퓨터학과,,,True,True,True
한세대학교,단과대구분없음,정보통신공학전공,,,True,True,True
진주교육대학교,단과대구분없음,컴퓨터교육과(심화전공),,,True,True,True
단국대학교,공과대학,파이버시스템공학과,,,True,True,True
동의대학교,공과대학,화학공학과,,,True,True,True
경일대학교,IT융복합대학,로봇응용학과,,,True,True,True
부산대학교,공과대학,건축공학과,,,True,True,True
신라대학교,공과대학,컴퓨터공학과,,,True,True,True
한남대학교,공과대학,산업경영공학과,,,True,True,True
경일대학교,공과대학,신재생에너지학과,,,True,True,True
동국대학교,공과대학,전기공학과,,,True,True,True
전북대학교,공과대학,전자공학부(정보통신공학전공),,,True,True,True
서울대학교,공과대학,전기・정보공학부,,,True,True,True
대구가톨릭대학교,공과대학,건축학과,,,True,True,True
가천대학교,단과대구분없음,전자공학전공,,,True,True,True
평택대학교,단과대구분없음,정보통신학전공,,,True,True,True
울산대학교,공과대학,기계공학부,,,True,True,True
충북대학교,공과대학,화학공학과,,,True,True,True
고려대학교,정보통신대학,정보통신대학,,,True,True,True
목포대학교,공과대학,디지털문화컨텐츠공학과,,,True,True,True
전북대학교,공과대학,응용시스템공학부(정보공학전공),,,True,True,True
서원대학교,사범대학,컴퓨터교육과,,,True,True,True
호서대학교,자연과학대학,생명공학과,,,True,True,True
연세대학교(미래),과학기술대학,컴퓨터공학전공,,,True,True,True
강릉원주대학교,공과대학,세라믹공학과,,,True,True,True
연세대학교,공과대학,토목환경공학전공,,,True,True,True
영남대학교,공과대학,융합섬유공학과,,,True,True,True
금오공과대학교,단과대구분없음,나노구조재료공학전공,,,True,True,True
강원대학교,산림환경과학대학,조경학과,,,True,True,True
목포대학교,공과대학,해양시스템공학과,,,True,True,True
동국대학교,공과대학,전자공학과,,,True,True,True
경상국립대학교,자연과학대학,컴퓨터과학과,,,True,True,True
배재대학교,아펜젤러대학,나노고분자재료공학과,,,True,True,True
상지대학교,이공과대학,건설시스템공학과,,,True,True,True
금오공과대학교,단과대구분없음,기계계열,,,True,True,True
중앙대학교,공과대학,건축학부(건축학전공),,,True,True,True
영남대학교,공과대학,디스플레이화학공학부,,,True,True,True
수원대학교,공과대학,화학공학과,,,True,True,True
부산대학교,공과대학,산업공학과,,,True,True,True
서울대학교,공과대학,에너지자원공학과,,,True,True,True
전주대학교,공과대학,건축공학과,,,True,True,True
전남대학교,공과대학,응용화학공학부,,,True,True,True
연세대학교(미래),과학기술대학,전산학전공,,,True,True,True
원광대학교,공과대학,토목환경공학과,,,True,True,True
경희대학교,전자정보대학,전자・전파공학과,,,True,True,True
부경대학교,공과대학,건축학과,,,True,True,True
강원대학교,공학대학,전기제어공학부,,,True,True,True
충북대학교,농업생명환경대학,바이오시스템공학과,,,True,True,True
성균관대학교,공과대학,사회환경시스템공학과,,,True,True,True
한라대학교,공과대학,정보통신방송공학부,,,True,True,True
한국해양대학교,공과대학,물류시스템공학과,,,True,True,True
동서대학교,단과대구분없음,건축설계학전공,,,True,True,True
동양대학교,단과대구분없음,IT전자공학부,,,True,True,True
성균관대학교,공과대학,조경학과,,,True,True,True
고려대학교,공과대학,산업경영공학부,,,True,True,True
서울대학교,공과대학,기계항공공학부,,,True,True,True
경남과학기술대학교,건설환경공과대학,인테리어재료공학과,,,True,True,True
강원대학교,공과대학,신소재공학과,,,True,True,True
창원대학교,공과대학,조선해양공학과,,,True,True,True
울산대학교,공과대학,항공우주공학전공,,,True,True,True
가톨릭관동대학교,공과대학,에너지플랜트학과,,,True,True,True
대구한의대학교,문화.정보대학,인터넷정보학과,,,True,True,True
동국대학교,공과대학,전자전기공학전공,,,True,True,True
전북대학교,공과대학,기계설계공학부(나노바이오기계시스템공학전공),,,True,True,True
전북대학교,공과대학,기계항공시스템공학부,,,True,True,True
동서대학교,단과대구분없음,에너지환경공학전공,,,True,True,True
동국대학교,정보산업대학,산업공학전공,,,True,True,True
동의대학교,공과대학,전기공학과,,,True,True,True
세종대학교,전자정보공학대학,전자공학전공,,,True,True,True
전북대학교,공과대학,환경화학공학부(환경공학전공),,,True,True,True
한경국립대학교,농업생명과학대학,생명공학과,,,True,True,True
전북대학교,공과대학,전자정보공학부(전기공학전공),,,True,True,True
공주대학교,공과대학,기계공학전공,,,True,True,True
서울과학기술대학교,공과대학,토목산업공학과,,,True,True,True
동국대학교,공과대학,전자공학전공,,,True,True,True
전북대학교,환경생명자원대학,생명공학부(바이오식품공학전공),,,True,True,True
공주대학교,공과대학,컴퓨터공학전공,,,True,True,True
세종대학교,공과대학,나노신소재공학부,,,True,True,True
포항공과대학교(POSTECH),공과대학,창의IT융합공학과,,,True,True,True
호서대학교,자연과학대학,식품생물공학과,,,True,True,True
한국기술교육대학교,단과대구분없음,응용화학공학과,,,True,True,True
제주대학교,공과대학,건축공학과,,,True,True,True
경기대학교,공과대학,화학공학과,,,True,True,True
동서대학교,단과대구분없음,산업경영공학과,,,True,True,True
경남과학기술대학교,건설환경공과대학,조경학과,,,True,True,True
경일대학교,단과대구분없음,산업물류학과,,,True,True,True
강원대학교,공학대학,정밀기계공학과,,,True,True,True
부경대학교,공과대학,의공학과,,,True,True,True
고려대학교(세종),과학기술대학,전자및정보공학과,,,True,True,True
부경대학교,공과대학,기술서비스공학전공,,,True,True,True
한라대학교,공과대학,자동차공학전공,,,True,True,True
포항공과대학교(POSTECH),공과대학,기계공학과,,,True,True,True
광주대학교,공과대학,컴퓨터공학과,,,True,True,True
대전대학교,공과대학,컴퓨터공학과,,,True,True,True
신라대학교,공과대학,건축공학전공,,,True,True,True
공주대학교,공과대학,산업시스템공학과,,,True,True,True
제주대학교,공과대학,메카트로닉스공학전공,,,True,True,True
원광대학교,공과대학,건축학과,,,True,True,True
제주대학교,공과대학,건축학전공,,,True,True,True
서울여자대학교,정보미디어대학,콘텐츠디자인학과,,,True,True,True
순천대학교,공과대학,화학공학과,,,True,True,True
조선대학교,공과대학,기계설계공학과,,,True,True,True
강릉원주대학교,공과대학,생명화학공학과,,,True,True,True
대구한의대학교,한방산업대학,한방의공학과,,,True,True,True
경성대학교,공과대학,전자공학과,,,True,True,True
경상국립대학교,해양과학대학,조선해양공학과,,,True,True,True
인하대학교,공과대학,건축학부,,,True,True,True
동국대학교,공과대학,화공생물공학과,,,True,True,True
부경대학교,공과대학,정보통신공학과,,,True,True,True
울산대학교,공과대학,재료공학전공,,,True,True,True
부경대학교,공과대학,산업전자공학전공,,,True,True,True
명지대학교,공과대학,산업경영공학과,,,True,True,True
인하대학교,공과대학,기계공학부,,,True,True,True
서울과학기술대학교,정보통신대학,컴퓨터공학과,,,True,True,True
부산대학교,공과대학,건축학과,,,True,True,True
전북대학교,공과대학,IT정보공학부(소프트웨어공학전공),,,True,True,True
충남대학교,공과대학,재료공학과,,,True,True,True
충북대학교,전자정보대학,전자공학부,,,True,True,True
동서대학교,단과대구분없음,소프트웨어공학전공,,,True,True,True
강원대학교,공학대학,신소재공학과,,,True,True,True
울산과학기술원,단과대구분없음,디자인및인간공학부,,,True,True,True
가천대학교,단과대구분없음,정보통신전공,,,True,True,True
순천대학교,공과대학,기계우주항공공학부(기계공학전공),,,True,True,True
호서대학교,사회과학대학,기술경영학과,,,True,True,True
선문대학교,공과대학,하이브리드공학과,,,True,True,True
서경대학교,이공대학,토목건축공학과,,,True,True,True
부산대학교,생명자원과학대학,산업건축학과,,,True,True,True
배재대학교,아펜젤러대학,게임공학과,,,True,True,True
경상국립대학교,사범대학,컴퓨터교육과,,,True,True,True
조선대학교,공과대학,응용화학소재공학과,,,True,True,True
전북대학교,공과대학,화학공학부(나노화학공학전공),,,True,True,True
창원대학교,공과대학,건축학전공,,,True,True,True
부경대학교,공과대학,전자공학과,,,True,True,True
동덕여자대학교,정보대학,컴퓨터전공-정보학부,,,True,True,True
전북대학교,공과대학,건축도시공학부(건축공학전공),,,True,True,True
동국대학교,공과대학,기계공학전공,,,True,True,True
전북대학교,환경생명자원대학,환경생명공학전공,,,True,True,True
중앙대학교,공과대학,사회기반시스템공학부(도시시스템공학전공),,,True,True,True
전남대학교,공과대학,건축학전공(5년),,,True,True,True
한양대학교,공과대학,소프트웨어전공,,,True,True,True
인제대학교,공과대학,기계자동차공학부,,,True,True,True
공주대학교,공과대학,전기공학전공,,,True,True,True
목포대학교,공과대학,건축공학과,,,True,True,True
나사렛대학교,단과대구분없음,멀티미디어학과,,,True,True,True
동서대학교,단과대구분없음,글로벌생명공학전공,,,True,True,True
한국기술교육대학교,단과대구분없음,정보기술공학부,,,True,True,True
전남대학교,공과대학,에너지자원공학과,,,True,True,True
강원대학교,공과대학,건축공학과,,,True,True,True
광운대학교,전자정보공과대학,전자공학과,,,True,True,True
상명대학교,자연과학대학,공업화학과,,,True,True,True
명지대학교,사회과학대학,디지털미디어학과,,,True,True,True
한서대학교,단과대구분없음,화학공학과,,,True,True,True
고려사이버대학교,단과대구분없음,정보관리보안학과,,,True,True,True
수원대학교,자연과학대학,생명공학과,,,True,True,True
부산대학교,공과대학,화공생명공학부,,,True,True,True
순천대학교,공과대학,기계우주항공공학부,,,True,True,True
충남대학교,공과대학,화학공학과,,,True,True,True
목포대학교,공과대학,멀티미디어공학과,,,True,True,True
경기대학교,공과대학,산업경영공학과,,,True,True,True
동국대학교(WISE),과학기술대학,안전환경시스템공학과,,,True,True,True
안동대학교,공과대학,컴퓨터공학과,,,True,True,True
경북대학교,공과대학,환경공학과,,,True,True,True
동아대학교,공과대학,조경학과,,,True,True,True
건국대학교,공과대학,환경공학과,,,True,True,True
한서대학교,단과대구분없음,컴퓨터정보공학과,,,True,True,True
명지대학교,공과대학,건축학부,,,True,True,True
가톨릭대학교,단과대구분없음,디지털문화학부,,,True,True,True
서울과학기술대학교,공과대학,시설물유지관리공학과,,,True,True,True
동의대학교,공과대학,융합부품공학과,,,True,True,True
충남대학교,공과대학,토목공학과,,,True,True,True
동아대학교,공과대학,건축공학전공,,,True,True,True
대구한의대학교,보건복지대학,한방의용공학과,,,True,True,True
동국대학교,영상미디어대학,멀티미디어공학과,,,True,True,True
원광대학교,생명자원과학대학,식품생명공학과,,,True,True,True
경북대학교,공과대학,화학공학과,,,True,True,True
한양대학교(ERICA),공학대학,전자컴퓨터공학부,,,True,True,True
대구가톨릭대학교,단과대구분없음,정보보호학전공,,,True,True,True
경기대학교,공과대학,기계시스템공학과,,,True,True,True
강릉원주대학교,과학기술대학,컴퓨터공학과,,,True,True,True
금오공과대학교,단과대구분없음,디자인공학전공,,,True,True,True
대전대학교,공과대학,토목공학과,,,True,True,True
대구가톨릭대학교,공과대학,기계자동차공학부,,,True,True,True
전북대학교,공과대학,소프트웨어공학과,,,True,True,True
강남대학교,공과대학,전자공학과,,,True,True,True
동국대학교,공과대학,전기공학전공,,,True,True,True
부경대학교,공과대학,건축공학과,,,True,True,True
한성대학교,공과대학,멀티미디어공학과,,,True,True,True
동서대학교,단과대구분없음,건축공학전공,,,True,True,True
한양대학교(ERICA),공학대학,재료공학과,,,True,True,True
성균관대학교,정보통신대학,컴퓨터공학과,,,True,True,True
전북대학교,공과대학,IT응용시스템공학과,,,True,True,True
한양대학교,공과대학,생명공학전공,,,True,True,True
건국대학교,경영대학,기술경영학과,,,True,True,True
전북대학교,공과대학,응용시스템공학부(전자통신공학전공),,,True,True,True
명지대학교,공과대학,신소재공학과,,,True,True,True
충남대학교,공과대학,컴퓨터전공,,,True,True,True
건국대학교,공과대학,섬유공학과,,,True,True,True
건국대학교,공과대학,항공우주공학전공,,,True,True,True
공주대학교,공과대학,나노재료공학전공,,,True,True,True
부경대학교,공과대학,기계시스템공학전공,,,True,True,True
대구가톨릭대학교,공과대학,건축학부,,,True,True,True
성균관대학교,공과대학,화학공학과,,,True,True,True
선문대학교,공과대학,정보통신공학과,,,True,True,True
연세대학교(미래),보건과학대학,환경공학전공,,,True,True,True
부경대학교,공과대학,신소재시스템공학과,,,True,True,True
경남과학기술대학교,건설환경공과대학,건축공학과,,,True,True,True
광주교육대학교,단과대구분없음,컴퓨터교육과(심화전공),,,True,True,True
경상국립대학교,공과대학,고분자공학전공,,,True,True,True
동의대학교,영상정보대학,게임공학과,,,True,True,True
수원대학교,공과대학,전자공학과,,,True,True,True
전주대학교,공과대학,컴퓨터공학과,,,True,True,True
인하대학교,IT공과대학,정보공학계열,,,True,True,True
한양대학교,공과대학,원자력공학과,,,True,True,True
부경대학교,공과대학,금속공학과,,,True,True,True
동의대학교,공과대학,건축공학과,,,True,True,True
한국국제대학교,공과대학,실내건축학과,,,True,True,True
충남대학교,공과대학,정밀응용화학과,,,True,True,True
신라대학교,공과대학,건축학부,,,True,True,True
경희대학교,공과대학,건축학과,,,True,True,True
경북대학교,공과대학,토목공학과,,,True,True,True
강원대학교,공과대학,환경공학과,,,True,True,True
포항공과대학교(POSTECH),공과대학,화학공학과,,,True,True,True
부산대학교,공과대학,정보컴퓨터공학부,,,True,True,True
동양대학교,단과대구분없음,전자유도기술학과,,,True,True,True
동서대학교,단과대구분없음,정보통신공학전공,,,True,True,True
경남대학교,공과대학,전기공학과,,,True,True,True
동아대학교,공과대학,산업경영공학과,,,True,True,True
성균관대학교,생명공학대학,식품생명공학과,,,True,True,True
안동대학교,공과대학,기계공학과,,,True,True,True
한라대학교,공과대학,건축설계학전공,,,True,True,True
상지대학교,이공과대학,환경공학과,,,True,True,True
경희대학교,공과대학,산업경영공학과,,,True,True,True
경남과학기술대학교,건설환경공과대학,환경공학과,,,True,True,True
전남대학교,공과대학,토목공학과,,,True,True,True
강원대학교,공학대학,CAD/CAM전공,,,True,True,True
서울과학기술대학교,공과대학,건축학부건축학전공,,,True,True,True
동의대학교,공과대학,신소재공학과,,,True,True,True
군산대학교,공과대학,기계자동차공학부,,,True,True,True
충남대학교,공과대학,기계공학전공,,,True,True,True
동양대학교,단과대구분없음,건축학부,,,True,True,True
한신대학교,인문대학,디지털문화콘텐츠학과,,,True,True,True
전남대학교,공과대학,전자공학과,,,True,True,True
금오공과대학교,단과대구분없음,건축학전공(5년),,,True,True,True
충남대학교,공과대학,정보통신공학과,,,True,True,True
대구대학교,정보통신대학,전자전기공학부(전자제어공학전공),,,True,True,True
강원대학교,공학대학,토목공학전공,,,True,True,True
제주대학교,공과대학,전기공학과,,,True,True,True
국민대학교,전자정보통신대학,전자공학부,,,True,True,True
가천대학교,단과대구분없음,유비쿼터스컴퓨팅전공,,,True,True,True
수원대학교,IT대학,인터넷정보공학과,,,True,True,True
동국대학교(WISE),과학기술대학,안전공학과,,,True,True,True
동의대학교,공과대학,나노공학과,,,True,True,True
선문대학교,공과대학,기계공학과,,,True,True,True
강원대학교,공과대학,기계메카트로닉스공학부,,,True,True,True
동국대학교,공과대학,산업시스템공학과,,,True,True,True
충북대학교,공과대학,공업화학과,,,True,True,True
동신대학교,공과대학,컴퓨터학과,,,True,True,True
창원대학교,공과대학,컴퓨터공학과,,,True,True,True
공주대학교,공과대학,기계자동차공학부,,,True,True,True
고려대학교(세종),과학기술대학,환경공학과,,,True,True,True
용인대학교,환경과학대학,컴퓨터과학과,,,True,True,True
충남대학교,공과대학,항공우주공학전공,,,True,True,True
부경대학교,공과대학,기계공학전공,,,True,True,True
충북대학교,공과대학,신소재공학과,,,True,True,True
전북대학교,공과대학,기계항공시스템공학부(기계공학전공),,,True,True,True
건국대학교,공과대학,미생물공학전공,,,True,True,True
인제대학교,공과대학,정보통신공학과,,,True,True,True
배재대학교,아펜젤러대학,건설환경ㆍ철도공학과,,,True,True,True
순천대학교,생명산업과학대학,조경학과,,,True,True,True
전북대학교,공과대학,정밀기계공학부(응용기계공학전공),,,True,True,True
목포대학교,공과대학,정보통신공학과,,,True,True,True
순천대학교,공과대학,미래전략신소재공학과,,,True,True,True
목원대학교,공과대학,지능로봇공학과,,,True,True,True
영남대학교,공과대학,건설시스템공학과,,,True,True,True
경상국립대학교,공과대학,기계설계학전공,,,True,True,True
동아대학교,공과대학,건축공학과,,,True,True,True
원광대학교,공과대학,건축공학과,,,True,True,True
순천향대학교,공과대학,전자공학과,,,True,True,True
부산가톨릭대학교,응용과학대학,환경공학과,,,True,True,True
우석대학교,과학기술대학,게임콘텐츠학과,,,True,True,True
동국대학교(WISE),공학대학,멀티미디어공학전공,,,True,True,True
이화여자대학교,공과대학,건축학부,,,True,True,True
서울대학교,공과대학,조선해양공학과,,,True,True,True
경남대학교,공과대학,컴퓨터공학과,,,True,True,True
전남대학교,공학대학,건축학부,,,True,True,True
광주대학교,공과대학,건축학부,,,True,True,True
충남대학교,공과대학,항공우주공학과,,,True,True,True
경남대학교,공과대학,컴퓨터공학전공,,,True,True,True
인하대학교,공과대학,건설공학부,,,True,True,True
대구대학교,정보통신대학,정보통신공학부,,,True,True,True
한남대학교,공과대학,기계공학과,,,True,True,True
상명대학교,융복합특성화대학,공업화학과,,,True,True,True
가톨릭대학교,단과대구분없음,미디어공학전공,,,True,True,True
동신대학교,공과대학,건축공학과,,,True,True,True
동덕여자대학교,정보대학,컴퓨터전공,,,True,True,True
홍익대학교,공과대학,정보컴퓨터공학부,,,True,True,True
서울과학기술대학교,에너지바이오대학,환경공학과,,,True,True,True
전주대학교,공과대학,토목환경공학과,,,True,True,True
고려대학교,공과대학,화공생명공학과,,,True,True,True
공주대학교,공과대학,컴퓨터공학부,,,True,True,True
호원대학교,공과대학,국방기술학부,,,True,True,True
고려대학교(세종),과학기술대학,환경시스템공학과,,,True,True,True
전북대학교,공과대학,기계공학과,,,True,True,True
전북대학교,공과대학,IT정보공학과,,,True,True,True
경상국립대학교,공과대학,전기공학과,,,True,True,True
한라대학교,공과대학,정보통신공학전공,,,True,True,True
부산대학교,생명자원과학대학,바이오산업기계공학과,,,True,True,True
성신여자대학교,미술대학,동양화과,,,True,True,True
홍익대학교,미술대학,동양화과,,,True,True,True
이화여자대학교,조형예술대학,동양화전공,,,True,True,True
한양대학교,음악대학,관현악과,,,True,True,True
백석대학교,단과대구분없음,디자인영상학부,,,True,True,True
충북대학교,단과대구분없음,디자인학과,,,True,True,True
전주대학교,예술체육대학,디자인학부,,,True,True,True
부경대학교,인문사회과학대학,디자인학부,,,True,True,True
명지대학교,예술체육대학,디자인학부,,,True,True,True
경일대학교,예체능대학,디자인학부,,,True,True,True
대구한의대학교,건축디지털대학,디자인학부,,,True,True,True
원광대학교,미술대학,디자인학부,,,True,True,True
호서대학교,인문대학,기독교연예학과,,,True,True,True
전북대학교,단과대구분없음,교양학부(예체능계열),,,True,True,True
광운대학교,단과대구분없음,교양학부(예체능계열),,,True,True,True
평택대학교,단과대구분없음,교양학부(예체능계열),,,True,True,True
연세대학교,음악대학,교회음악과,,,True,True,True
수원대학교,음악대학,국악과,,,True,True,True
전남대학교,예술대학,국악과,,,True,True,True
영남대학교,음악대학,국악전공,,,True,True,True
호서대학교,예체능대학,경호학과,,,True,True,True
용인대학교,체육과학대학,골프학과,,,True,True,True
이화여자대학교,조형예술대학,공간디자인전공,,,True,True,True
한세대학교,단과대구분없음,공간환경디자인전공,,,True,True,True
동서대학교,단과대구분없음,건강스포츠전공,,,True,True,True
이화여자대학교,예술대학,건반악기전공,,,True,True,True
청주대학교,예술대학,공연예술전공,,,True,True,True
숙명여자대학교,미술대학,공예과,,,True,True,True
서울과학기술대학교,조형대학,공예문화정보디자인학과,,,True,True,True
한양대학교(ERICA),예체능대학,생활스포츠학부,,,True,True,True
한남대학교,생명ㆍ나노과학대학,생활체육학과,,,True,True,True
부산교육대학교,단과대구분없음,미술교육과,,,True,True,True
공주대학교,사범대학,미술교육과,,,True,True,True
진주교육대학교,단과대구분없음,미술교육과(심화전공),,,True,True,True
전주교육대학교,단과대구분없음,미술교육과(심화전공),,,True,True,True
대구한의대학교,웰빙복지대학,미술창작전공,,,True,True,True
군산대학교,예술대학,미술학과,,,True,True,True
동국대학교(WISE),인문과학대학,미술학부,,,True,True,True
대구예술대학교,단과대구분없음,서양화전공,,,True,True,True
제주대학교,예술디자인대학,서양화전공,,,True,True,True
광주여자대학교,단과대구분없음,미용과학과,,,True,True,True
제주국제대학교,단과대구분없음,레저스포츠학과,,,True,True,True
초당대학교,단과대구분없음,사회체육학과,,,True,True,True
성신여자대학교,음악대학,성악과,,,True,True,True
이화여자대학교,예술대학,성악전공,,,True,True,True
제주대학교,단과대구분없음,성악전공,,,True,True,True
국민대학교,예술대학,성악전공,,,True,True,True
예원예술대학교,단과대구분없음,만화애니메이션전공,,,True,True,True
동서대학교,단과대구분없음,방송영상전공,,,True,True,True
한국열린사이버대학교,자연예술대학,멀티미디어디자인학과,,,True,True,True
동의대학교,예술디자인대학,산업디자인학과,,,True,True,True
청주대학교,예술대학,산업디자인학과,,,True,True,True
경일대학교,단과대구분없음,산업디자인학과,,,True,True,True
용인대학교,문화예술대학,산업디자인학과,,,True,True,True
제주대학교,예술디자인대학,산업디자인학부,,,True,True,True
수원대학교,체육대학,스포츠건강관리학과,,,True,True,True
가톨릭관동대학교,관광스포츠대학,스포츠건강관리학전공,,,True,True,True
성균관대학교,단과대구분없음,스포츠과학부,,,True,True,True
경동대학교,단과대구분없음,스포츠마케팅학과,,,True,True,True
창원대학교,예술대학,무용학과,,,True,True,True
한성대학교,예술대학,무용학과,,,True,True,True
경일대학교,예체능대학,스포츠학과,,,True,True,True
부경대학교,인문사회과학대학,시각디자인학과,,,True,True,True
호서대학교,예체능대학,시각디자인학과,,,True,True,True
평택대학교,단과대구분없음,시각디자인학과,,,True,True,True
신라대학교,디자인대학,시각디자인학과,,,True,True,True
대구대학교,조형예술대학,시각디자인학과,,,True,True,True
연세대학교(미래),인문예술대학,시각디자인학전공,,,True,True,True
동양대학교,단과대구분없음,시각문화디자인학과,,,True,True,True
한세대학교,단과대구분없음,시각정보디자인전공,,,True,True,True
전주대학교,문화산업대학,연극영화전공,,,True,True,True
한서대학교,단과대구분없음,연극영화학과,,,True,True,True
수원대학교,인문대학,연극영화학부,,,True,True,True
숙명여자대학교,음악대학,작곡과,,,True,True,True
한양대학교,음악대학,작곡과,,,True,True,True
서울대학교,음악대학,작곡과,,,True,True,True
제주대학교,예술디자인대학,작곡전공,,,True,True,True
덕성여자대학교,예술대학,의상디자인학과,,,True,True,True
국민대학교,조형대학,의상디자인학과,,,True,True,True
전주대학교,문화산업대학,영화영상전공,,,True,True,True
전주대학교,예술체육대학,실내가구코디네이션전공,,,True,True,True
단국대학교,예술조형대학,영화전공,,,True,True,True
제주대학교,단과대구분없음,예술학부,,,True,True,True
성균관대학교,단과대구분없음,예체능계열,,,True,True,True
대구예술대학교,단과대구분없음,실용음악전공,,,True,True,True
호서대학교,예체능대학,실용음악학과,,,True,True,True
호원대학교,방송예술대학,실용음악학부,,,True,True,True
평택대학교,단과대구분없음,실용음악학전공,,,True,True,True
전주대학교,예술체육대학,운동처방학과,,,True,True,True
평택대학교,단과대구분없음,애니메이션전공,,,True,True,True
강릉원주대학교,문화대학,음악과,,,True,True,True
창원대학교,예술대학,음악과,,,True,True,True
가톨릭대학교,단과대구분없음,음악과,,,True,True,True
청주대학교,사범대학,음악교육과,,,True,True,True
이화여자대학교,음악대학,음악학부,,,True,True,True
명지대학교,예술체육대학,음악학부,,,True,True,True
대진대학교,예술대학,음악학부,,,True,True,True
명지대학교,예술체육대학,음악학부(성악전공),,,True,True,True
동아대학교,예술대학,섬유조형디자인학과,,,True,True,True
동아대학교,예술대학,기악학과,,,True,True,True
원광대학교,사범대학,체육교육과,,,True,True,True
충남대학교,사범대학,체육교육과,,,True,True,True
청주대학교,사범대학,체육교육과,,,True,True,True
진주교육대학교,단과대구분없음,체육교육과(심화전공),,,True,True,True
가천대학교,단과대구분없음,체육전공,,,True,True,True
동덕여자대학교,자연과학대학,체육학과,,,True,True,True
제주대학교,자연과학대학,체육학과,,,True,True,True
경성대학교,예술대학,체육학전공,,,True,True,True
세종대학교,예체능대학,패션디자인학과,,,True,True,True
순천대학교,인문예술대학,패션디자인학과,,,True,True,True
성균관대학교,예술대학,영상학과,,,True,True,True
전주대학교,예술체육대학,축구전공,,,True,True,True
경일대학교,단과대구분없음,패션스타일리스트학과,,,True,True,True
한양대학교,음악대학,피아노과,,,True,True,True
고려대학교,단과대구분없음,조형학부,,,True,True,True
이화여자대학교,음악대학,한국음악과,,,True,True,True
동국대학교(WISE),불교문화대학,한국음악과,,,True,True,True
영남대학교,디자인미술대학,한국회화전공,,,True,True,True
대구한의대학교,한방산업대학,한방피부미용학과,,,True,True,True
대구한의대학교,단과대구분없음,회화학전공,,,True,True,True
한국예술종합학교,영상원,영상이론과,,,True,True,True
용인대학교,무도대학,태권도학과,,,True,True,True
영남대학교,디자인미술대학,산업인터랙션디자인학과,,,True,True,True
순천향대학교,인문과학대학,영화애니메이션학과,,,True,True,True
군산대학교,예술대학,음악과(관현악전공),,,True,True,True
인천가톨릭대학교,조형예술대학,문화예술콘텐츠학과,,,True,True,True
가천대학교,단과대구분없음,운동복지전공,,,True,True,True
전주대학교,예술체육대학,축구학과,,,True,True,True
이화여자대학교,조형예술대학,산업디자인전공(신),,,True,True,True
이화여자대학교,조형예술대학,도자예술전공(신),,,True,True,True
공주대학교,예술대학,만화애니메이션학부,,,True,True,True
덕성여자대학교,예술대학,동양화과,,,True,True,True
용인대학교,무도대학,격기지도학과,,,True,True,True
연세대학교,음악대학,관현악과,,,True,True,True
한경국립대학교,공과대학,디자인학과,,,True,True,True
수원대학교,미술대학,디자인학부,,,True,True,True
총신대학교,단과대구분없음,교회음악과,,,True,True,True
동아대학교,스포츠과학대학,경찰무도학과,,,True,True,True
한양사이버대학교,단과대구분없음,공간디자인학과,,,True,True,True
국민대학교,조형대학,공업디자인학과,,,True,True,True
계명대학교,미술대학,공예디자인과,,,True,True,True
제주대학교,공과대학,문화조형디자인전공,,,True,True,True
동덕여자대학교,디자인대학,미디어디자인전공,,,True,True,True
용인대학교,예술대학,미디어예술학부,,,True,True,True
한양대학교(ERICA),예체능대학,생활체육전공,,,True,True,True
경남대학교,사범대학,미술교육과,,,True,True,True
경성대학교,예술대학,미술학과,,,True,True,True
충북대학교,단과대구분없음,서양화전공,,,True,True,True
이화여자대학교,예술대학,서양화전공,,,True,True,True
명지대학교,예술체육대학,바둑학과,,,True,True,True
제주대학교,자연과학대학,레저스포츠전공,,,True,True,True
배재대학교,김소월대학,레저스포츠학과,,,True,True,True
경기대학교,체육대학,사회체육학과,,,True,True,True
한국국제대학교,예술체육대학,사회체육학과,,,True,True,True
호서대학교,예체능대학,사회체육학과,,,True,True,True
가톨릭관동대학교,스포츠예술대학,사회체육학전공,,,True,True,True
수원대학교,음악대학,성악과,,,True,True,True
청주대학교,예술대학,만화애니메이션학과,,,True,True,True
평택대학교,단과대구분없음,방송연예학전공,,,True,True,True
숙명여자대학교,미술대학,산업디자인과,,,True,True,True
계명대학교,미술대학,산업디자인과,,,True,True,True
가천대학교,단과대구분없음,산업디자인학과,,,True,True,True
가톨릭관동대학교,스포츠예술대학,스포츠건강관리학전공,,,True,True,True
가톨릭관동대학교,스포츠예술대학,스포츠경영학전공,,,True,True,True
순천향대학교,자연과학대학,스포츠과학과,,,True,True,True
서울과학기술대학교,에너지바이오대학,스포츠과학과,,,True,True,True
경성대학교,예술대학,스포츠의학전공,,,True,True,True
한밭대학교,건설환경조형대학,시각디자인학과,,,True,True,True
한성대학교,예술대학,시각영상디자인전공,,,True,True,True
전남대학교,문화사회과학대학,시각정보디자인학과,,,True,True,True
영남대학교,디자인미술대학,시각커뮤니케이션디자인학과,,,True,True,True
동양대학교,단과대구분없음,연극영화과,,,True,True,True
동국대학교,예술대학,연극전공,,,True,True,True
동국대학교,예술대학,연극학부,,,True,True,True
수원대학교,음악대학,작곡과,,,True,True,True
이화여자대학교,음악대학,작곡과,,,True,True,True
이화여자대학교,음악대학,작곡전공,,,True,True,True
평택대학교,단과대구분없음,영상디자인학전공,,,True,True,True
한서대학교,단과대구분없음,영상애니메이션학과,,,True,True,True
대구한의대학교,문화과학대학,영상제작전공,,,True,True,True
청주대학교,예술대학,영화학과,,,True,True,True
원광대학교,인문대학,예술학부,,,True,True,True
원광디지털대학교,단과대구분없음,요가명상학과,,,True,True,True
신라대학교,의생명과학대학,운동과학전공,,,True,True,True
한국예술종합학교,영상원,애니메이션과,,,True,True,True
한성대학교,예술대학,인테리어디자인전공,,,True,True,True
가톨릭관동대학교,스포츠예술대학,인테리어디자인학과,,,True,True,True
경성대학교,멀티미디어대학,인테리어디자인학과,,,True,True,True
화성의과학대학교,단과대구분없음,애니메이션학과,,,True,True,True
원광디지털대학교,단과대구분없음,전통공연예술학과,,,True,True,True
전북대학교,예술대학,음악과,,,True,True,True
목원대학교,사범대학,음악교육과,,,True,True,True
진주교육대학교,단과대구분없음,음악교육과(심화전공),,,True,True,True
전주교육대학교,단과대구분없음,음악교육과(심화전공),,,True,True,True
광주대학교,문화예술대학,음악학과,,,True,True,True
신라대학교,예술대학,음악학과,,,True,True,True
신라대학교,예술대학,음악학부,,,True,True,True
대신대학교,단과대구분없음,음악학부,,,True,True,True
국민대학교,예술대학,음악학부,,,True,True,True
동아대학교,예술대학,조각학과,,,True,True,True
성결대학교,사범대학,체육교육과,,,True,True,True
가톨릭관동대학교,사범대학,체육교육과,,,True,True,True
건국대학교,사범대학,체육교육과,,,True,True,True
대구가톨릭대학교,사범대학,체육교육과,,,True,True,True
서울대학교,사범대학,체육교육과,,,True,True,True
동의대학교,체육과학대학,특수체육학과,,,True,True,True
상명대학교,예술조형대학,가구조형전공,,,True,True,True
서울여자대학교,자연과학대학,체육학과,,,True,True,True
호서대학교,예체능대학,체육학과,,,True,True,True
우석대학교,체육과학대학,체육학과,,,True,True,True
신라대학교,의생명과학대학,체육학전공,,,True,True,True
디지털서울문화예술대학교,단과대구분없음,패션디자인비즈니스학과,,,True,True,True
동덕여자대학교,디자인대학,패션디자인전공,,,True,True,True
한성대학교,예술대학,패션디자인전공,,,True,True,True
충북대학교,생활과학대학,패션디자인정보학과,,,True,True,True
대구대학교,조형예술대학,패션디자인학과,,,True,True,True
동양대학교,단과대구분없음,디자인경영학과,,,True,True,True
동양대학교,단과대구분없음,패션스타일리스트학과,,,True,True,True
신라대학교,공과대학,제품디자인공학과,,,True,True,True
공주대학교,공과대학,제품디자인전공,,,True,True,True
전주대학교,예술체육대학,제품디자인전공,,,True,True,True
홍익대학교,미술대학,조소과,,,True,True,True
동아대학교,예술대학,조소전공,,,True,True,True
동국대학교,예술대학,조소전공,,,True,True,True
상명대학교,음악대학,피아노과,,,True,True,True
영남대학교,음악대학,피아노전공,,,True,True,True
인천가톨릭대학교,조형예술대학,환경디자인학과,,,True,True,True
이화여자대학교,예술대학,한국음악전공,,,True,True,True
대구예술대학교,단과대구분없음,한국음악전공,,,True,True,True
경기대학교,예술대학,한국화학과,,,True,True,True
서울디지털대학교,단과대구분없음,회화과,,,True,True,True
용인대학교,문화예술대학,회화학과,,,True,True,True
한국예술종합학교,연극원,연출과,,,True,True,True
한국예술종합학교,음악원,지휘과,,,True,True,True
한국예술종합학교,전통예술원,연희과,,,True,True,True
조선대학교,체육대학,태권도학과,,,True,True,True
나사렛대학교,단과대구분없음,태권도학과,,,True,True,True
경기대학교,예술대학,애니메이션영상학과,,,True,True,True
동국대학교(WISE),불교문화대학,불교미술학부,,,True,True,True
순천향대학교,인문과학대학,연극무용학과,,,True,True,True
군산대학교,예술대학,음악과(피아노전공),,,True,True,True
호원대학교,스포츠경호대학,무도경호학부,,,True,True,True
성신여자대학교,융합문화예술대학,현대실용음악학과,,,True,True,True
평택대학교,단과대구분없음,패션디자인및브랜딩학과,,,True,True,True
서강대학교,단과대구분없음,스포츠경영연계전공,,,True,True,True
제주대학교,예술디자인대학,관・현악전공,,,True,True,True
목원대학교,음악대학,반주학부,,,True,True,True
이화여자대학교,조형예술대학,섬유예술전공(신),,,True,True,True
서울시립대학교,예술체육대학,산업디자인학과,,,True,True,True
목원대학교,음악대학,피아노학부,,,True,True,True
충남대학교,자연과학대학,무용학과,,,True,True,True
동덕여자대학교,공연예술대학,모델과,,,True,True,True
이화여자대학교,건강과학대학,체육과학부,,,True,True,True
대구대학교,조형예술대학,회화과,,,True,True,True
고려대학교(세종),단과대구분없음,사회체육학부,,,True,True,True
용인대학교,무도대학,유도경기지도학과,,,True,True,True
호서대학교,예체능대학,애니메이션학과,,,True,True,True
동양대학교,단과대구분없음,실내디자인학과,,,True,True,True
한성대학교,예술대학,회화과,,,True,True,True
한국교원대학교,제4대학,체육교육과,,,True,True,True
대구가톨릭대학교,사회과학대학,언론영상전공,,,True,True,True
초당대학교,단과대구분없음,뷰티미용학과,,,True,True,True
조선대학교,사범대학,음악교육과,,,True,True,True
용인대학교,문화예술대학,영화영상학과,,,True,True,True
충북대학교,사범대학,체육교육과,,,True,True,True
서경대학교,예술대학,모델연기전공,,,True,True,True
평택대학교,단과대구분없음,애니메이션학전공,,,True,True,True
국민대학교,예술대학,피아노전공,,,True,True,True
숙명여자대학교,음악대학,피아노과,,,True,True,True
경일대학교,예체능대학,사진영상학부,,,True,True,True
충남대학교,예술대학,음악과,,,True,True,True
대구예술대학교,단과대구분없음,사회체육전공,,,True,True,True
한국예술종합학교,음악원,음악학과,,,True,True,True
동아대학교,스포츠과학대학,체육학과,,,True,True,True
수원대학교,음악대학,관현악과,,,True,True,True
공주대학교,예술대학,세라믹디자인전공,,,True,True,True
단국대학교,예술조형대학,뮤지컬전공,,,True,True,True
경상국립대학교,사범대학,체육교육과,,,True,True,True
동국대학교,예술대학,미술학부,,,True,True,True
협성대학교,예술대학,가구디자인학과,,,True,True,True
대구대학교,인문대학,골프산업학과,,,True,True,True
이화여자대학교,예술대학,산업디자인전공,,,True,True,True
창원대학교,자연과학대학,체육학과,,,True,True,True
한밭대학교,건설환경조형대학,공업디자인학과,,,True,True,True
서원대학교,단과대구분없음,음악학과,,,True,True,True
청주대학교,예술대학,패션디자인학과,,,True,True,True
이화여자대학교,조형예술대학,서양화전공,,,True,True,True
수원대학교,체육대학,무용학과,,,True,True,True
성신여자대학교,융합문화예술대학,메이크업디자인학과,,,True,True,True
용인대학교,문화예술대학,국악과,,,True,True,True
예원예술대학교,단과대구분없음,무용전공,,,True,True,True
강원대학교,문화예술대학,미술학과,,,True,True,True
호서대학교,예체능대학,사회체육전공,,,True,True,True
한국체육대학교,생활체육대학,스포츠청소년지도학과,,,True,True,True
강원대학교,인문사회과학대학,방송연예학과,,,True,True,True
충남대학교,자연과학대학,사회체육학과,,,True,True,True
경기대학교,예술대학,영상학과,,,True,True,True
가천대학교,단과대구분없음,건강관리전공,,,True,True,True
경상국립대학교,인문대학,민속무용학과,,,True,True,True
이화여자대학교,예술대학,시각디자인전공,,,True,True,True
목원대학교,음악대학,작곡・재즈학부,,,True,True,True
이화여자대학교,조형예술대학,환경디자인전공,,,True,True,True
동국대학교,사범대학,체육교육과,,,True,True,True
이화여자대학교,음악대학,관현악전공(신),,,True,True,True
국민대학교,예술대학,회화전공,,,True,True,True
단국대학교,음악대학,작곡과,,,True,True,True
예원예술대학교,단과대구분없음,음악전공,,,True,True,True
상명대학교,음악대학,관현악과,,,True,True,True
대구가톨릭대학교,디자인대학,조형예술학부,,,True,True,True
용인대학교,체육과학대학,스포츠미디어학과,,,True,True,True
경성대학교,멀티미디어대학,사진학과,,,True,True,True
이화여자대학교,조형예술대학,디자인학부(신),,,True,True,True
제주대학교,예술디자인대학,피아노전공,,,True,True,True
동국대학교,예술대학,불교미술전공,,,True,True,True
동덕여자대학교,예술대학,큐레이터학과,,,True,True,True
경성대학교,멀티미디어대학,제품디자인학과,,,True,True,True
경희대학교,예술ㆍ디자인대학,디자인학부,,,True,True,True
홍익대학교,미술대학,예술학과,,,True,True,True
광주교육대학교,단과대구분없음,미술교육과(심화전공),,,True,True,True
충북대학교,단과대구분없음,조소전공,,,True,True,True
세종대학교,예체능대학,무용과,,,True,True,True
한서대학교,단과대구분없음,레저스포츠학과,,,True,True,True
남부대학교,단과대구분없음,음악학과,,,True,True,True
성균관대학교,단과대구분없음,무용학전공,,,True,True,True
충북대학교,인문대학,미술과,,,True,True,True
공주대학교,자연과학대학,생활체육지도학과,,,True,True,True
강서대학교,단과대구분없음,음악학부(피아노전공),,,True,True,True
상명대학교,예술조형대학,한국화전공,,,True,True,True
단국대학교,음악대학,국악과,,,True,True,True
이화여자대학교,조형예술대학,한국화전공,,,True,True,True
예원예술대학교,단과대구분없음,귀금속보석디자인전공,,,True,True,True
이화여자대학교,예술대학,영상디자인전공,,,True,True,True
경일대학교,단과대구분없음,공예디자인학과,,,True,True,True
서경대학교,예술대학,미용예술학과,,,True,True,True
동의대학교,영상정보대학,영화학과,,,True,True,True
성결대학교,예술대학,음악학부,,,True,True,True
동아대학교,스포츠과학대학,무도경찰학과,,,True,True,True
한국해양대학교,해양과학기술대학,해양체육학과,,,True,True,True
경희대학교,미술대학,미술학부,,,True,True,True
조선대학교,체육대학,체육학부,,,True,True,True
경성대학교,멀티미디어대학,연극영화학과,,,True,True,True
목포대학교,생활과학예술체육대학,체육학과,,,True,True,True
연세대학교,교육과학대학,사회체육과,,,True,True,True
홍익대학교,미술대학,디자인학부,,,True,True,True
한남대학교,조형예술대학,회화과,,,True,True,True
동신대학교,문화관광대학,실용음악학과,,,True,True,True
이화여자대학교,예술대학,섬유예술전공,,,True,True,True
동아대학교,예술대학,회화학과,,,True,True,True
대진대학교,예술대학,한국무용전공,,,True,True,True
동서대학교,임권택영화예술대학,뮤지컬과,,,True,True,True
대구예술대학교,단과대구분없음,피아노전공,,,True,True,True
이화여자대학교,예술대학,도자예술전공,,,True,True,True
성균관대학교,단과대구분없음,미술학전공,,,True,True,True
한국체육대학교,생활체육대학,사회체육학과,,,True,True,True
동양대학교,단과대구분없음,패션경영학과,,,True,True,True
전북대학교,자연과학대학,스포츠과학과,,,True,True,True
국민대학교,예술대학,입체미술전공,,,True,True,True
순천향대학교,인문과학대학,연극무용전공,,,True,True,True
목원대학교,음악대학,성악・뮤지컬학부성악전공,,,True,True,True
서경대학교,예술대학,피아노전공,,,True,True,True
부산대학교,예술대학,국악학과,,,True,True,True
용인대학교,문화예술대학,미디어디자인학과,,,True,True,True
충남대학교,예술대학,관현악과,,,True,True,True
숙명여자대학교,이과대학,무용과,,,True,True,True
성균관대학교,예술대학,미술학과,,,True,True,True
덕성여자대학교,예술대학,텍스타일디자인학과,,,True,True,True
동의대학교,예술디자인대학,미술학과,,,True,True,True
우석대학교,문화사회대학,국악과,,,True,True,True
동아대학교,스포츠과학대학,태권도학과,,,True,True,True
단국대학교,음악대학,기악과,,,True,True,True
호원대학교,방송예술대학,미용예술학과,,,True,True,True
전주대학교,예술체육대학,생활체육학과,,,True,True,True
계명대학교,체육대학,태권도학과,,,True,True,True
세종대학교,예체능대학,영화예술학과,,,True,True,True
전주대학교,예술체육대학,연극영화전공,,,True,True,True
용인대학교,문화예술대학,무용학과,,,True,True,True
서경대학교,예술대학,디자인학부(문화산업공예디자인전공),,,True,True,True
경상국립대학교,사범대학,음악교육과,,,True,True,True
대구가톨릭대학교,디자인대학,회화전공,,,True,True,True
한남대학교,조형예술대학,디자인학과,,,True,True,True
전주대학교,예술체육대학,산업제품디자인전공,,,True,True,True
영남대학교,디자인미술대학,생활제품디자인학과,,,True,True,True
전주대학교,예술체육대학,도시환경미술학과,,,True,True,True
서원대학교,사범대학,체육교육과,,,True,True,True
호서대학교,예체능대학,영화방송학과,,,True,True,True
서울과학기술대학교,조형대학,조형예술학과,,,True,True,True
용인대학교,무도대학,태권도경기지도학과,,,True,True,True
동국대학교,예술대학,한국화전공,,,True,True,True
목원대학교,테크노과학대학,스포츠산업과학부,,,True,True,True
광주대학교,문화예술대학,의상디자인학과,,,True,True,True
군산대학교,자연과학대학,체육학과,,,True,True,True
서울대학교,미술대학,미술대학,,,True,True,True
광주대학교,문화예술대학,디자인학부,,,True,True,True
세명대학교,예체능대학,방송연예학과,,,True,True,True
한신대학교,휴먼서비스대학,특수체육학과,,,True,True,True
성신여자대학교,융합문화예술대학,문화예술경영학과,,,True,True,True
순천대학교,인문예술대학,피아노학과,,,True,True,True
전북대학교,사범대학,체육교육과,,,True,True,True
서울시립대학교,예술체육대학,음악학과,,,True,True,True
영남대학교,생활과학대학,무용학전공,,,True,True,True
동덕여자대학교,공연예술대학,무용과,,,True,True,True
강원대학교,문화예술대학,디자인학과,,,True,True,True
신라대학교,예술대학,무용학과,,,True,True,True
순천대학교,인문예술대학,사진예술학과,,,True,True,True
광주여자대학교,단과대구분없음,실내디자인학과,,,True,True,True
동아대학교,예술대학,공예학과,,,True,True,True
한국예술종합학교,연극원,연극학과,,,True,True,True
수원대학교,체육대학,무도체육학과,,,True,True,True
이화여자대학교,조형예술대학,시각디자인전공,,,True,True,True
동의대학교,체육과학대학,레저스포츠학과,,,True,True,True
경성대학교,멀티미디어대학,시각디자인학과,,,True,True,True
가톨릭관동대학교,예술ㆍ디자인대학,시각디자인학과,,,True,True,True
평택대학교,단과대구분없음,시각디자인전공,,,True,True,True
동아대학교,예술대학,음악학과,,,True,True,True
한국체육대학교,스포츠과학대학,체육학과,,,True,True,True
대구예술대학교,단과대구분없음,경호보안전공,,,True,True,True
대구가톨릭대학교,디자인대학,시각디자인과,,,True,True,True
한국체육대학교,생활체육대학,태권도학과,,,True,True,True
서울대학교,음악대학,음악대학,,,True,True,True
동양대학교,단과대구분없음,생활체육학과,,,True,True,True
성신여자대학교,음악대학,기악과,,,True,True,True
부산교육대학교,단과대구분없음,체육교육과,,,True,True,True
세종대학교,예체능대학,음악과,,,True,True,True
경성대학교,예술대학,무용학과,,,True,True,True
세종대학교,예체능대학,체육학과,,,True,True,True
목원대학교,음악대학,성악・뮤지컬학부뮤지컬전공,,,True,True,True
한남대학교,조형예술대학,예술문화학과,,,True,True,True
전주대학교,예술체육대학,운동처방전공,,,True,True,True
강원대학교,인문사회과학대학,레저스포츠학과,,,True,True,True
디지털서울문화예술대학교,단과대구분없음,실용음악학과,,,True,True,True
전북대학교,생활과학대학,생활과학부(실내디자인전공),,,True,True,True
신라대학교,ITㆍ디자인대학,실내디자인학과,,,True,True,True
장로회신학대학교,단과대구분없음,교회음악학과,,,True,True,True
인천가톨릭대학교,조형예술대학,회화과,,,True,True,True
용인대학교,체육과학대학,체육학과,,,True,True,True
한국체육대학교,생활체육대학,레저스포츠학과,,,True,True,True
서울대학교,미술대학,조소과,,,True,True,True
강릉원주대학교,예술체육대학,미술학과,,,True,True,True
호원대학교,스포츠경호대학,스포츠레저학부,,,True,True,True
인하대학교,사범대학,미술교육과,,,True,True,True
대구한의대학교,단과대구분없음,패션텍스타일디자인전공,,,True,True,True
초당대학교,단과대구분없음,실용음악학과,,,True,True,True
경희대학교,체육대학,체육학과,,,True,True,True
제주대학교,예술디자인대학,멀티미디어디자인전공,,,True,True,True
경희대학교,체육대학,골프경영학과,,,True,True,True
강릉원주대학교,예술체육대학,공예조형디자인학과,,,True,True,True
대구대학교,조형예술대학,산업디자인학과,,,True,True,True
한성대학교,예술대학,발레전공,,,True,True,True
한세대학교,단과대구분없음,음악학부,,,True,True,True
대신대학교,단과대구분없음,교회음악과,,,True,True,True
서울여자대학교,미술대학,공예학과,,,True,True,True
서울대학교,미술대학,서양화과,,,True,True,True
이화여자대학교,조형예술대학,패션디자인전공(신),,,True,True,True
경기대학교,예술대학,연기학과,,,True,True,True
용인대학교,무도대학,경호학과,,,True,True,True
대구한의대학교,건축디지털대학,패션디자인전공,,,True,True,True
군산대학교,예술대학,산업디자인학과,,,True,True,True
덕성여자대학교,예술대학,서양화과,,,True,True,True
예원예술대학교,단과대구분없음,뮤지컬전공,,,True,True,True
송원대학교,단과대구분없음,사회체육학과,,,True,True,True
호서대학교,예체능대학,디지털음악학과,,,True,True,True
세종대학교,예체능대학,디자인학과,,,True,True,True
한세대학교,단과대구분없음,공연예술학과,,,True,True,True
경기대학교,예술대학,산업디자인학과,,,True,True,True
부산대학교,단과대구분없음,스포츠과학부,,,True,True,True
수원대학교,음악대학,피아노과,,,True,True,True
한국침례신학대학교,단과대구분없음,피아노과,,,True,True,True
조선대학교,체육대학,체육학부(체육학전공),,,True,True,True
단국대학교,음악대학,성악과,,,True,True,True
한국예술종합학교,미술원,미술이론과,,,True,True,True
대구한의대학교,보건복지대학,체육학과,,,True,True,True
영남대학교,디자인미술대학,회화전공,,,True,True,True
단국대학교,예술조형대학,공연영화학부,,,True,True,True
세종대학교,예체능대학,산업디자인학과,,,True,True,True
이화여자대학교,건강과학대학,체육과학전공,,,True,True,True
경성대학교,예술대학,음악학부,,,True,True,True
대구대학교,조형예술대학,실내건축디자인학과,,,True,True,True
한양대학교,음악대학,성악과,,,True,True,True
공주대학교,예술대학,카툰코믹스전공,,,True,True,True
가톨릭관동대학교,관광스포츠대학,스포츠레저학부,,,True,True,True
대구한의대학교,웰빙복지대학,체육학전공,,,True,True,True
부경대학교,자연과학대학,해양스포츠학과,,,True,True,True
호서대학교,예체능대학,연극전공,,,True,True,True
제주대학교,단과대구분없음,조소전공,,,True,True,True
경기대학교,체육대학,스포츠경영학과,,,True,True,True
신라대학교,예술대학,무용과,,,True,True,True
연세대학교(미래),인문예술대학,디자인학부,,,True,True,True
경희대학교,예술ㆍ디자인대학,연극영화학과,,,True,True,True
연세대학교,음악대학,피아노과,,,True,True,True
서원대학교,사범대학,음악교육과,,,True,True,True
부경대학교,인문사회과학대학,공업디자인학과,,,True,True,True
숙명여자대학교,이과대학,체육교육과,,,True,True,True
호서대학교,예체능대학,실내디자인학과,,,True,True,True
평택대학교,단과대구분없음,음악학과,,,True,True,True
연세대학교(미래),인문예술대학,디지털아트전공,,,True,True,True
충북대학교,인문대학,조소전공,,,True,True,True
가톨릭관동대학교,스포츠예술대학,시각디자인학과,,,True,True,True
경희대학교,예술ㆍ디자인대학,무용학부,,,True,True,True
호서대학교,예체능대학,음악학과,,,True,True,True
연세대학교(미래),인문예술대학,디자인예술학부,,,True,True,True
공주대학교,예술대학,주얼리디자인전공,,,True,True,True
서경대학교,예술대학,연기전공,,,True,True,True
백석대학교,단과대구분없음,스포츠과학부,,,True,True,True
전주대학교,문화산업대학,영상콘텐츠학과,,,True,True,True
한국예술종합학교,영상원,멀티미디어영상과,,,True,True,True
성신여자대학교,미술대학,산업디자인과,,,True,True,True
선문대학교,건강보건대학,무도경찰경호학부,,,True,True,True
동신대학교,문화관광대학,방송연예학과,,,True,True,True
한국침례신학대학교,단과대구분없음,교회음악과,,,True,True,True
동국대학교,예술대학,영화영상전공,,,True,True,True
전북대학교,공과대학,헬스케어정보전공,,,True,True,True
전주대학교,문화산업대학,시각디자인전공,,,True,True,True
국민대학교,예술대학,미술학부,,,True,True,True
경희대학교,단과대구분없음,무용학부,,,True,True,True
순천향대학교,인문과학대학,애니메이션전공,,,True,True,True
우석대학교,문화사회대학,산업디자인학과,,,True,True,True
전북대학교,예술대학,무용학과,,,True,True,True
을지대학교,보건과학대학,피부관리학과,,,True,True,True
경성대학교,예술대학,공예디자인학과,,,True,True,True
동명대학교,건축ㆍ디자인대학,시각디자인학과,,,True,True,True
동덕여자대학교,공연예술대학,방송연예과,,,True,True,True
청주대학교,예술대학,만화애니메이션전공,,,True,True,True
동의대학교,생활과학대학,패션디자인학과,,,True,True,True
한국예술종합학교,음악원,작곡과,,,True,True,True
부산대학교,사범대학,체육교육과,,,True,True,True
충북대학교,단과대구분없음,동양화전공,,,True,True,True
강원대학교,인문사회과학대학,방송영상학과,,,True,True,True
성신여자대학교,융합문화예술대학,미디어영상연기학과,,,True,True,True
원광대학교,자연과학대학,스포츠과학부,,,True,True,True
수원대학교,체육대학,체육학부,,,True,True,True
한서대학교,단과대구분없음,실용음악과,,,True,True,True
대구대학교,조형예술대학,영상애니메이션디자인학과,,,True,True,True
부산대학교,예술대학,무용학과,,,True,True,True
초당대학교,단과대구분없음,검도학과,,,True,True,True
성균관대학교,단과대구분없음,디자인학전공,,,True,True,True
서경대학교,예술대학,무대기술전공,,,True,True,True
강릉원주대학교,예술체육대학,체육학과,,,True,True,True
신라대학교,디자인대학,패션디자인산업전공,,,True,True,True
성균관대학교,예술대학,디자인학과,,,True,True,True
중원대학교,단과대구분없음,문화스포츠학부,,,True,True,True
서경대학교,예술대학,무용예술학과,,,True,True,True
성균관대학교,단과대구분없음,연기예술학전공,,,True,True,True
경북대학교,사범대학,체육교육과,,,True,True,True
동양대학교,단과대구분없음,스포츠과학과,,,True,True,True
신라대학교,의생명과학대학,특수체육전공,,,True,True,True
제주대학교,예술디자인대학,성악전공,,,True,True,True
가톨릭관동대학교,스포츠예술대학,스포츠레저학부,,,True,True,True
이화여자대학교,조형예술대학,도자예술전공,,,True,True,True
수원대학교,미술대학,조형예술학부,,,True,True,True
서울디지털대학교,단과대구분없음,실용음악학과,,,True,True,True
동국대학교,예술대학,서양화전공,,,True,True,True
조선대학교,미술대학,디자인학부(실내디자인),,,True,True,True
서울여자대학교,미술대학,서양화과,,,True,True,True
호원대학교,스포츠경호대학,스포츠레저학과,,,True,True,True
협성대학교,예술대학,음악학부,,,True,True,True
국민대학교,조형대학,금속공예학과,,,True,True,True
서경대학교,예술대학,음악학부,,,True,True,True
한양사이버대학교,단과대구분없음,디자인학부,,,True,True,True
경희대학교,예술ㆍ디자인대학,시각정보디자인학과,,,True,True,True
중앙대학교,예술대학,공연영상창작학부(영화전공),,,True,True,True
이화여자대학교,조형예술대학,패션디자인전공,,,True,True,True
동아대학교,스포츠과학대학,무용학과,,,True,True,True
목포대학교,생활과학예술체육대학,음악과,,,True,True,True
전주대학교,예술체육대학,체육학부,,,True,True,True
부산대학교,예술대학,디자인학과,,,True,True,True
서경대학교,예술대학,디자인학부(비주얼콘텐츠디자인전공),,,True,True,True
한서대학교,단과대구분없음,실내디자인학과,,,True,True,True
제주국제대학교,단과대구분없음,골프학과,,,True,True,True
전주대학교,예술체육대학,사진・만화애니메이션전공,,,True,True,True
서울신학대학교,단과대구분없음,교회음악과,,,True,True,True
세종대학교,예체능대학,만화애니메이션학과,,,True,True,True
순천대학교,인문예술대학,영상디자인학과,,,True,True,True
평택대학교,단과대구분없음,실용음악학과,,,True,True,True
한국교원대학교,제4대학,미술교육과,,,True,True,True
신라대학교,ITㆍ디자인대학,패션디자인산업전공,,,True,True,True
전남대학교,사범대학,체육교육과,,,True,True,True
충북대학교,자연과학대학,체육학과,,,True,True,True
이화여자대학교,예술대학,공간디자인전공,,,True,True,True
청주대학교,예술대학,회화학과,,,True,True,True
연세대학교,음악대학,성악과,,,True,True,True
국민대학교,예술대학,무용전공,,,True,True,True
제주대학교,단과대구분없음,관현악전공,,,True,True,True
동의대학교,예술디자인대학,음악학과,,,True,True,True
한경국립대학교,자연과학대학,스포츠과학과,,,True,True,True
한양대학교,음악대학,국악과,,,True,True,True
동아대학교,예술대학,응용미술학과,,,True,True,True
전주교육대학교,단과대구분없음,체육교육과(심화전공),,,True,True,True
동덕여자대학교,디자인대학,디자인학부,,,True,True,True
전주대학교,예술체육대학,리빙디자인전공,,,True,True,True
협성대학교,예술대학,실내디자인학과,,,True,True,True
광신대학교,단과대구분없음,음악학과,,,True,True,True
부산교육대학교,단과대구분없음,음악교육과,,,True,True,True
서울시립대학교,예술체육대학,환경조각학과,,,True,True,True
건국대학교,사범대학,음악교육과,,,True,True,True
대구가톨릭대학교,디자인대학,디지털디자인과,,,True,True,True
고려대학교(세종),과학기술대학,사회체육학과,,,True,True,True
대구가톨릭대학교,음악대학,피아노과,,,True,True,True
경성대학교,예술대학,스포츠건강학부,,,True,True,True
한일장신대학교,단과대구분없음,예술학부(음악학전공),,,True,True,True
송원대학교,단과대구분없음,실용예술학과,,,True,True,True
영남대학교,디자인미술대학,미술학부,,,True,True,True
국민대학교,조형대학,도자공예학과,,,True,True,True
부산대학교,예술대학,예술문화영상학과,,,True,True,True
동아대학교,건축ㆍ디자인ㆍ패션대학,건축・디자인・패션대학 산업디자인학과,,,True,True,True
이화여자대학교,예술대학,무용과,,,True,True,True
한서대학교,단과대구분없음,아동미술학과,,,True,True,True
대구한의대학교,웰빙복지대학,체육학부,,,True,True,True
성균관대학교,예술대학,무용학과,,,True,True,True
공주대학교,산업과학대학,교양학과(예체능계열),,,True,True,True
한국예술종합학교,미술원,디자인과,,,True,True,True
평택대학교,단과대구분없음,방송연예학과,,,True,True,True
공주대학교,예술대학,조형디자인학부,,,True,True,True
강원대학교,문화예술대학,무용학과,,,True,True,True
서울여자대학교,미술대학,산업디자인학과,,,True,True,True
동아대학교,예술대학,섬유미술학과,,,True,True,True
이화여자대학교,예술대학,작곡전공,,,True,True,True
한국예술종합학교,무용원,창작과,,,True,True,True
동덕여자대학교,공연예술대학,실용음악과,,,True,True,True
경동대학교,단과대구분없음,디자인학과,,,True,True,True
건국대학교,예술문화대학,공예전공,,,True,True,True
경희대학교,체육대학,태권도학과,,,True,True,True
홍익대학교,미술대학,목조형가구학과,,,True,True,True
서경대학교,예술대학,디자인학부,,,True,True,True
전주대학교,예술체육대학,산업디자인학부,,,True,True,True
전주대학교,문화산업대학,만화애니메이션전공,,,True,True,True
동아대학교,스포츠과학대학,경기지도학과,,,True,True,True
서울장신대학교,단과대구분없음,교회음악과,,,True,True,True
원광디지털대학교,단과대구분없음,한방미용예술학과,,,True,True,True
청주대학교,예술대학,산업디자인전공,,,True,True,True
청주대학교,예술대학,시각디자인전공,,,True,True,True
대구가톨릭대학교,디자인대학,산업디자인과,,,True,True,True
동국대학교,예술대학,미술학과,,,True,True,True
동서대학교,임권택영화예술대학,연기과,,,True,True,True
숙명여자대학교,미술대학,회화과,,,True,True,True
호남대학교,보건과학대학,태권도경호학과,,,True,True,True
용인대학교,무도대학,유도학과,,,True,True,True
동의대학교,체육과학대학,체육학과,,,True,True,True
청주대학교,예술대학,시각디자인학과,,,True,True,True
경성대학교,멀티미디어대학,디지털영상전공,,,True,True,True
고려대학교,단과대구분없음,미술학부,,,True,True,True
대진대학교,예술대학,무용예술학부,,,True,True,True
한양대학교(ERICA),예체능대학,경기지도전공,,,True,True,True
영남대학교,생활과학대학,체육학전공,,,True,True,True
동아대학교,스포츠과학대학,생활체육학과,,,True,True,True
가천대학교,단과대구분없음,체육과학부,,,True,True,True
우석대학교,체육과학대학,태권도학과,,,True,True,True
경희대학교,예술ㆍ디자인대학,도예학과,,,True,True,True
성신여자대학교,자연과학대학,체육학과,,,True,True,True
한국예술종합학교,전통예술원,한국예술학과,,,True,True,True
이화여자대학교,조형예술대학,조형예술학부,,,True,True,True
평택대학교,단과대구분없음,영상애니메이션디자인전공,,,True,True,True
부산대학교,예술대학,조형학과,,,True,True,True
호서대학교,예체능대학,산업디자인학과,,,True,True,True
이화여자대학교,음악대학,관현악과,,,True,True,True
광운대학교,자연과학대학,생활체육학과,,,True,True,True
청주대학교,예술대학,연극학과,,,True,True,True
대구예술대학교,단과대구분없음,실용무용전공,,,True,True,True
강원대학교,문화예술대학,음악학과,,,True,True,True
한양대학교(ERICA),디자인대학,금속디자인전공,,,True,True,True
광주대학교,문화예술대학,시각영상디자인학과,,,True,True,True
한국예술종합학교,미술원,조형예술과,,,True,True,True
이화여자대학교,음악대학,무용과,,,True,True,True
글로벌사이버대학교,단과대구분없음,방송연예전공,,,True,True,True
한국예술종합학교,음악원,성악과,,,True,True,True
군산대학교,예술대학,음악과(작곡전공),,,True,True,True
청주대학교,예술대학,공예디자인전공,,,True,True,True
상명대학교,음악대학,성악과,,,True,True,True
경성대학교,멀티미디어대학,디지털애니메이션전공,,,True,True,True
숙명여자대학교,미술대학,환경디자인과,,,True,True,True
이화여자대학교,음악대학,한국음악전공,,,True,True,True
서경대학교,예술대학,관현악전공,,,True,True,True
동국대학교,예술대학,연극학과,,,True,True,True
전남대학교,예술대학,미술학과,,,True,True,True
동아대학교,예술대학,실용음악학과,,,True,True,True
삼육대학교,문화예술대학,음악학과,,,True,True,True
동국대학교,예술대학,공연예술학부,,,True,True,True
한서대학교,단과대구분없음,피부미용학과,,,True,True,True
가톨릭관동대학교,예술ㆍ디자인대학,인테리어디자인학과,,,True,True,True
이화여자대학교,조형예술대학,영상디자인전공,,,True,True,True
한양대학교(ERICA),예체능대학,생활무용예술학과,,,True,True,True
전주대학교,문화산업대학,영상콘텐츠학부,,,True,True,True
전주대학교,예술체육대학,생활체육전공,,,True,True,True
한남대학교,사범대학,미술교육과,,,True,True,True
디지털서울문화예술대학교,단과대구분없음,사회체육학과,,,True,True,True
목원대학교,테크노과학대학,스포츠산업과학부골프전공,,,True,True,True
한세대학교,단과대구분없음,디자인학부,,,True,True,True
용인대학교,보건복지대학,라이프디자인학과,,,True,True,True
성신여자대학교,미술대학,공예과,,,True,True,True
동아대학교,예술대학,산업디자인학과,,,True,True,True
한국교원대학교,제4대학,음악교육과,,,True,True,True
서울대학교,미술대학,동양화과,,,True,True,True
공주대학교,사범대학,음악교육과,,,True,True,True
인하대학교,사범대학,체육교육과,,,True,True,True
신라대학교,디자인대학,패션소재디자인전공,,,True,True,True
국민대학교,예술대학,작곡전공,,,True,True,True
서울과학기술대학교,조형대학,시각문화융합디자인학과,,,True,True,True
광주대학교,문화예술대학,인테리어디자인학과,,,True,True,True
제주대학교,자연과학대학,체육학부,,,True,True,True
동덕여자대학교,예술대학,관현악과,,,True,True,True
서울과학기술대학교,조형대학,디자인학과,,,True,True,True
동아대학교,건축ㆍ디자인ㆍ패션대학,건축・디자인・패션대학 패션디자인학과,,,True,True,True
동덕여자대학교,자연과학대학,스포츠학과,,,True,True,True
서울대학교,음악대학,기악과,,,True,True,True
신라대학교,디자인대학,산업디자인학과,,,True,True,True
호서대학교,예체능대학,경호전공,,,True,True,True
단국대학교,예술조형대학,연극영화전공,,,True,True,True
호서대학교,예체능대학,골프학과,,,True,True,True
이화여자대학교,음악대학,교회음악전공,,,True,True,True
충남대학교,자연과학대학,체육교육과,,,True,True,True
상지대학교,예술체육대학,생활조형디자인학과,,,True,True,True
광주대학교,문화예술대학,사진영상학과,,,True,True,True
전주대학교,문화산업대학,공연엔터테인먼트학과,,,True,True,True
연세대학교,음악대학,작곡과,,,True,True,True
호서대학교,예체능대학,연극영화학과,,,True,True,True
전남대학교,예술대학,음악학과,,,True,True,True
광주교육대학교,단과대구분없음,체육교육과(심화전공),,,True,True,True
서울대학교,미술대학,공예과,,,True,True,True
전북대학교,예술대학,미술학과,,,True,True,True
동국대학교,예술대학,뮤지컬전공,,,True,True,True
명지대학교,건축대학,공간디자인학과,,,True,True,True
조선대학교,체육대학,체육학부(운동과학전공),,,True,True,True
부경대학교,인문사회과학대학,패션디자인학과,,,True,True,True
제주대학교,단과대구분없음,한국화전공,,,True,True,True
신라대학교,디자인대학,실내디자인학과,,,True,True,True
성균관대학교,단과대구분없음,영상학전공,,,True,True,True
전북대학교,예술대학,한국음악학과,,,True,True,True
서경대학교,예술대학,영화영상전공,,,True,True,True
경상국립대학교,사범대학,미술교육과,,,True,True,True
평택대학교,단과대구분없음,시각디자인학전공,,,True,True,True
성신여자대학교,생활과학대학,스포츠레저학과,,,True,True,True
전북대학교,예술대학,음악학과,,,True,True,True
동아대학교,예술대학,조각전공,,,True,True,True
동아대학교,생활과학대학,패션디자인학과,,,True,True,True
이화여자대학교,조형예술대학,섬유예술전공,,,True,True,True
영남대학교,음악대학,관현악전공,,,True,True,True
경희대학교,체육대학,골프산업학과,,,True,True,True
한국예술종합학교,영상원,영화과,,,True,True,True
대구대학교,조형예술대학,생활조형디자인학과,,,True,True,True
중앙대학교,사범대학,체육교육과,,,True,True,True
청주대학교,예술대학,연극전공,,,True,True,True
대구예술대학교,단과대구분없음,시각디자인전공,,,True,True,True
이화여자대학교,조형예술대학,회화및판화전공,,,True,True,True
동서대학교,단과대구분없음,레저스포츠전공,,,True,True,True
한서대학교,단과대구분없음,의상디자인학과,,,True,True,True
화성의과학대학교,단과대구분없음,사회체육학과,,,True,True,True
동국대학교(WISE),인문과학대학,미술학과,,,True,True,True
명지대학교,예술체육대학,음악학부(작곡전공),,,True,True,True
제주대학교,예술디자인대학,작곡・성악・피아노전공,,,True,True,True
홍익대학교,미술대학,회화과,,,True,True,True
전주대학교,예술체육대학,산업디자인전공,,,True,True,True
이화여자대학교,체육과학대학,사회체육학전공,,,True,True,True
중앙대학교,예술대학,공연영상창작학부(공간연출전공),,,True,True,True
대구대학교,인문대학,스포츠레저학과,,,True,True,True
공주대학교,사범대학,체육교육과,,,True,True,True
제주대학교,예술디자인대학,문화조형디자인전공,,,True,True,True
계명대학교,미술대학,동양화과,,,True,True,True
이화여자대학교,음악대학,성악과,,,True,True,True
성균관대학교,스포츠과학대학,스포츠과학과,,,True,True,True
연세대학교(미래),인문예술대학,산업디자인학전공,,,True,True,True
충북대학교,인문대학,서양화전공,,,True,True,True
이화여자대학교,체육과학대학,체육학과,,,True,True,True
한양사이버대학교,단과대구분없음,디지털디자인학과,,,True,True,True
순천대학교,인문예술대학,사회체육학과,,,True,True,True
동덕여자대학교,예술대학,피아노과,,,True,True,True
동명대학교,건축ㆍ디자인대학,산업디자인학과,,,True,True,True
전주대학교,예술체육대학,시각디자인전공,,,True,True,True
동덕여자대학교,예술대학,디지털공예과,,,True,True,True
세명대학교,예체능대학,생활체육학부,,,True,True,True
용인대학교,무도대학,동양무예학과,,,True,True,True
충남대학교,예술대학,산업미술학과,,,True,True,True
중원대학교,단과대구분없음,스포츠건강의학전공,,,True,True,True
호원대학교,방송예술대학,방송연예학부,,,True,True,True
순천대학교,인문예술대학,만화애니메이션학과,,,True,True,True
상지대학교,예술체육대학,산업디자인학과,,,True,True,True
경희대학교,음악대학,기악과,,,True,True,True
충남대학교,예술대학,회화과,,,True,True,True
영남대학교,음악대학,작곡전공,,,True,True,True
동의대학교,체육과학대학,태권도학과,,,True,True,True
대진대학교,예술대학,성악전공,,,True,True,True
광주교육대학교,단과대구분없음,음악교육과(심화전공),,,True,True,True
을지대학교,보건산업대학,의료홍보디자인학과,,,True,True,True
상명대학교,음악대학,뉴미디어작곡과,,,True,True,True
영남대학교,디자인미술대학,모바일영상디자인학과,,,True,True,True
중앙대학교,예술대학,공연영상창작학부(연극전공),,,True,True,True
성결대학교,예술대학,연극영화학부,,,True,True,True
예원예술대학교,단과대구분없음,실용음악전공,,,True,True,True
경기대학교,예술대학,환경조각학과,,,True,True,True
제주대학교,예술디자인대학,음악학부,,,True,True,True
이화여자대학교,건강과학대학,체육과학과,,,True,True,True
제주대학교,예술디자인대학,한국화전공,,,True,True,True
영남대학교,생활과학대학,체육학부,,,True,True,True
청주대학교,예술대학,레저스포츠전공,,,True,True,True
영남대학교,음악대학,성악전공,,,True,True,True
용인대학교,체육과학대학,스포츠레저학과,,,True,True,True
충남대학교,자연과학대학,스포츠과학과,,,True,True,True
제주대학교,자연과학대학,체육과학전공,,,True,True,True
호서대학교,예체능대학,스포츠과학부,,,True,True,True
경기대학교,체육대학,체육학과,,,True,True,True
서울여자대학교,사회과학대학,방송영상학전공,,,True,True,True
한서대학교,단과대구분없음,시각디자인학과,,,True,True,True
호서대학교,예체능대학,연극학과,,,True,True,True
강원대학교,단과대구분없음,스포츠과학부,,,True,True,True
용인대학교,체육과학대학,사회체육학과,,,True,True,True
명지대학교,예술체육대학,음악학부(피아노전공),,,True,True,True
한국예술종합학교,무용원,이론과(무용이론),,,True,True,True
제주대학교,단과대구분없음,작곡전공,,,True,True,True
성신여자대학교,미술대학,조소과,,,True,True,True
덕성여자대학교,예술대학,실내디자인학과,,,True,True,True
영남대학교,음악대학,음악학부,,,True,True,True
전주대학교,문화산업대학,만화애니메이션학과,,,True,True,True
전남대학교,사범대학,음악교육과,,,True,True,True
동국대학교,영상미디어대학,영화영상학과,,,True,True,True
성신여자대학교,미술대학,서양화과,,,True,True,True
광주대학교,문화예술대학,산업디자인학과,,,True,True,True
한양대학교(ERICA),예체능대학,실용음악학과,,,True,True,True
한국예술종합학교,무용원,실기과,,,True,True,True
명지대학교,예술체육대학,체육학부,,,True,True,True
경기대학교,예술대학,시각정보디자인학과,,,True,True,True
전주대학교,예술체육대학,섬유패션주얼리디자인전공,,,True,True,True
경희대학교,예술ㆍ디자인대학,산업디자인학과,,,True,True,True
청주대학교,예술대학,무용전공,,,True,True,True
동덕여자대학교,디자인대학,시각&실내디자인전공,,,True,True,True
홍익대학교,미술대학,판화과,,,True,True,True
협성대학교,예술대학,시각디자인학과,,,True,True,True
용인대학교,문화예술대학,무용과,,,True,True,True
경남대학교,사범대학,체육교육과,,,True,True,True
제주대학교,예술디자인대학,조소전공,,,True,True,True
목포대학교,생활과학예술체육대학,미술학과,,,True,True,True
전주대학교,예술체육대학,한지문화산업학과,,,True,True,True
창원대학교,예술대학,산업디자인학과,,,True,True,True
강원대학교,사범대학,체육교육과,,,True,True,True
대구대학교,인문대학,체육학과,,,True,True,True
경희대학교,음악대학,성악과,,,True,True,True
공주대학교,예술대학,애니메이션전공,,,True,True,True
성균관대학교,예술대학,연기예술학과,,,True,True,True
동덕여자대학교,예술대학,성악과,,,True,True,True
동아대학교,스포츠과학대학,스포츠지도학과,,,True,True,True
서울대학교,음악대학,국악과,,,True,True,True
우석대학교,체육과학대학,레저스포츠학과,,,True,True,True
호서대학교,예체능대학,체육전공,,,True,True,True
고려대학교,사범대학,체육교육과,,,True,True,True
동양대학교,단과대구분없음,컴퓨터그래픽영상학부,,,True,True,True
신라대학교,ITㆍ디자인대학,패션소재디자인전공,,,True,True,True
동아대학교,예술대학,회화전공,,,True,True,True
단국대학교,예술조형대학,무용과,,,True,True,True
이화여자대학교,음악대학,건반악기전공(신),,,True,True,True
원광대학교,미술대학,순수미술학부,,,True,True,True
서울여자대학교,미술대학,시각디자인학과,,,True,True,True
동명대학교,건축ㆍ디자인대학,패션디자인학과,,,True,True,True
남서울대학교,단과대구분없음,스포츠경영학과,,,True,True,True
공주대학교,공과대학,시각정보디자인전공,,,True,True,True
호원대학교,스포츠경호대학,요가학과,,,True,True,True
이화여자대학교,조형예술대학,산업디자인전공,,,True,True,True
국민대학교,예술대학,연극영화전공,,,True,True,True
이화여자대학교,사회과학대학,방송영상학전공,,,True,True,True
대구가톨릭대학교,디자인대학,환경조각전공,,,True,True,True
목원대학교,음악대학,한국음악학부,,,True,True,True
경희대학교,체육대학,스포츠지도학과,,,True,True,True
한국체육대학교,생활체육대학,생활무용학과,,,True,True,True
전주대학교,예술체육대학,태권도전공,,,True,True,True
한서대학교,단과대구분없음,산업디자인학과,,,True,True,True
순천향대학교,인문과학대학,연극영화학전공,,,True,True,True
건국대학교,예술문화대학,예술학부,,,True,True,True
전주대학교,예술체육대학,태권도학과,,,True,True,True
서울대학교,음악대학,성악과,,,True,True,True
한국예술종합학교,연극원,무대미술과,,,True,True,True
경희대학교,음악대학,작곡과,,,True,True,True
용인대학교,체육과학대학,특수체육학과,,,True,True,True
국민대학교,예술대학,공연예술학부,,,True,True,True
목원대학교,사범대학,미술교육과,,,True,True,True
용인대학교,체육과학대학,체육학부,,,True,True,True
순천향대학교,인문과학대학,영화애니메이션전공,,,True,True,True
순천향대학교,인문과학대학,무용전공,,,True,True,True
호남대학교,보건과학대학,축구학과,,,True,True,True
가톨릭관동대학교,스포츠예술대학,음악학과,,,True,True,True
동덕여자대학교,예술대학,회화과,,,True,True,True
용인대학교,무도대학,격기학과,,,True,True,True
영남대학교,디자인미술대학,입체미술전공,,,True,True,True
대구한의대학교,건축디지털대학,컴퓨터그래픽디자인전공,,,True,True,True
신라대학교,예술대학,미술학과,,,True,True,True
순천향대학교,자연과학대학,사회체육학과,,,True,True,True
공주대학교,예술대학,무용학과,,,True,True,True
단국대학교,사범대학,체육교육과,,,True,True,True
한성대학교,예술대학,한국무용전공,,,True,True,True
동양대학교,단과대구분없음,연극영화학과,,,True,True,True
경희대학교,예술ㆍ디자인대학,PostModern음악학과,,,True,True,True
동서대학교,단과대구분없음,경호전공,,,True,True,True
이화여자대학교,예술대학,조소전공,,,True,True,True
남부대학교,단과대구분없음,스포츠레저학과,,,True,True,True
성결대학교,예술대학,뷰티디자인학부,,,True,True,True
덕성여자대학교,예술대학,시각디자인학과,,,True,True,True
전북대학교,예술대학,산업디자인과,,,True,True,True
충북대학교,단과대구분없음,조형예술학과,,,True,True,True
성신여자대학교,융합문화예술대학,무용예술학과,,,True,True,True
부산대학교,예술대학,미술학과,,,True,True,True
덕성여자대학교,자연과학대학,생활체육학과,,,True,True,True
상지대학교,예술체육대학,체육학부,,,True,True,True
을지대학교,보건산업대학,홍보디자인학전공,,,True,True,True
창원대학교,예술대학,미술학과,,,True,True,True
가톨릭관동대학교,예술ㆍ디자인대학,음악학부,,,True,True,True
숙명여자대학교,음악대학,관현악과,,,True,True,True
경북대학교,예술대학,시각정보디자인학과,,,True,True,True
한성대학교,예술대학,동양화전공,,,True,True,True
대구가톨릭대학교,음악대학,성악과,,,True,True,True
충남대학교,예술대학,조소과,,,True,True,True
조선대학교,체육대학,무용과,,,True,True,True
한국체육대학교,생활체육대학,운동건강관리학과,,,True,True,True
한국예술종합학교,전통예술원,무용과,,,True,True,True
한국예술종합학교,연극원,연기과,,,True,True,True
단국대학교,예술조형대학,연극전공,,,True,True,True
삼육대학교,문화예술대학,커뮤니케이션디자인학과,,,True,True,True
경기대학교,예술대학,서양화학과,,,True,True,True
국민대학교,체육대학,경기지도학전공,,,True,True,True
광신대학교,단과대구분없음,실용음악학과,,,True,True,True
이화여자대학교,조형예술대학,시각정보디자인전공,,,True,True,True
광주대학교,보건복지교육대학,스포츠레저학과,,,True,True,True
이화여자대학교,예술대학,조형예술학부,,,True,True,True
순천향대학교,자연과학대학,체육학부,,,True,True,True
홍익대학교,미술대학,자율전공(미술대),,,True,True,True
이화여자대학교,조형예술대학,조소전공(신),,,True,True,True
동서대학교,단과대구분없음,운동처방학전공,,,True,True,True
한양대학교(ERICA),디자인대학,디자인학부,,,True,True,True
동국대학교,예술대학,영화TV전공,,,True,True,True
원광대학교,생활과학대학,뷰티디자인학부,,,True,True,True
호서대학교,예체능대학,골프전공,,,True,True,True
강원대학교,단과대구분없음,체육학부,,,True,True,True
동국대학교(WISE),인문과학대학,사회체육학과,,,True,True,True
강원대학교,문화예술대학,산업디자인학과,,,True,True,True
조선대학교,체육대학,체육학부(사회체육학전공),,,True,True,True
이화여자대학교,예술대학,동양화전공,,,True,True,True
청주대학교,예술대학,공예디자인학과,,,True,True,True
신라대학교,ITㆍ디자인대학,시각커뮤니케이션디자인전공,,,True,True,True
국민대학교,조형대학,시각디자인학과,,,True,True,True
부산대학교,예술대학,음악학과,,,True,True,True
이화여자대학교,조형예술대학,조소전공,,,True,True,True
대구예술대학교,단과대구분없음,뷰티예술전공,,,True,True,True
인천가톨릭대학교,조형예술대학,환경조각과,,,True,True,True
국민대학교,예술대학,관현악전공,,,True,True,True
삼육대학교,보건복지대학,생활체육학과,,,True,True,True
제주대학교,예술디자인대학,미술학부,,,True,True,True
경희대학교,예술ㆍ디자인대학,의류디자인학과,,,True,True,True
한성대학교,예술대학,서양화전공,,,True,True,True
경동대학교,단과대구분없음,경호학과,,,True,True,True
대구가톨릭대학교,음악대학,관현악과,,,True,True,True
동의대학교,체육과학대학,운동처방재활학과,,,True,True,True
전주대학교,예술체육대학,음악학과,,,True,True,True
부산대학교,예술대학,한국음악학과,,,True,True,True
군산대학교,예술대학,음악과,,,True,True,True
대구한의대학교,웰빙복지대학,태권도전공,,,True,True,True
성신여자대학교,음악대학,작곡과,,,True,True,True
이화여자대학교,예술대학,관현악전공,,,True,True,True
경남대학교,사범대학,음악교육과,,,True,True,True
상명대학교,예술조형대학,서양화전공,,,True,True,True
국민대학교,체육대학,체육학부,,,True,True,True
연세대학교,교육과학대학,스포츠레저학과,,,True,True,True
가톨릭관동대학교,관광스포츠대학,사회체육학전공,,,True,True,True
호남신학대학교,신학대학,음악학과,,,True,True,True
제주대학교,단과대구분없음,피아노전공,,,True,True,True
한국예술종합학교,음악원,기악과,,,True,True,True
한성대학교,예술대학,현대무용전공,,,True,True,True
한양대학교(ERICA),디자인대학,산업디자인학과,,,True,True,True
숙명여자대학교,음악대학,성악과,,,True,True,True
이화여자대학교,음악대학,성악전공(신),,,True,True,True
호남대학교,보건과학대학,스포츠레저학과,,,True,True,True
이화여자대학교,음악대학,건반악기과,,,True,True,True
세종대학교,예체능대학,회화과,,,True,True,True
이화여자대학교,예술대학,패션디자인전공,,,True,True,True
인천가톨릭대학교,조형예술대학,시각디자인학과,,,True,True,True
공주대학교,예술대학,퍼니처디자인전공,,,True,True,True
국민대학교,체육대학,스포츠경영학전공,,,True,True,True
이화여자대학교,체육과학대학,무용과,,,True,True,True
군산대학교,예술대학,음악과(성악전공),,,True,True,True
국민대학교,체육대학,체육학전공,,,True,True,True
예원예술대학교,단과대구분없음,미술디자인학부,,,True,True,True
호남대학교,보건과학대학,간호학과,,,True,True,True
성신여자대학교,간호대학,간호학과,,,True,True,True
송원대학교,단과대구분없음,간호학과,,,True,True,True
동명대학교,보건복지교육대학,간호학과,,,True,True,True
평택대학교,단과대구분없음,간호학과,,,True,True,True
전북대학교,간호대학,간호학과,,,True,True,True
울산대학교,의과대학,간호학전공,,,True,True,True
호남대학교,보건과학대학,물리치료학과,,,True,True,True
청주대학교,보건의료대학,물리치료학과,,,True,True,True
남부대학교,단과대구분없음,물리치료학과,,,True,True,True
건양대학교,의과학대학,물리치료학과,,,True,True,True
우송대학교,단과대구분없음,물리치료학과,,,True,True,True
연세대학교(미래),보건과학대학,물리치료학과,,,True,True,True
고려대학교,보건과학대학,방사선학과,,,True,True,True
고려대학교,보건과학대학,보건과학부,,,True,True,True
공주대학교,간호보건대학,보건관리학전공,,,True,True,True
숙명여자대학교,약학대학,산업약학과,,,True,True,True
순천향대학교,자연과학대학,스포츠의학과,,,True,True,True
경희대학교,체육대학,스포츠의학과,,,True,True,True
호남대학교,보건과학대학,작업치료학과,,,True,True,True
동신대학교,보건복지대학,작업치료학과,,,True,True,True
우석대학교,보건복지대학,재활학과,,,True,True,True
울산대학교,의과대학,의예과,,,True,True,True
가톨릭대학교,의과대학,의예과,,,True,True,True
인하대학교,의과대학,의예과,,,True,True,True
계명대학교,의과대학,의예과,,,True,True,True
전남대학교,의과대학,의예과,,,True,True,True
경북대학교,의과대학,의학과,,,True,True,True
충북대학교,의과대학,의학과,,,True,True,True
가톨릭대학교,의과대학,의학과,,,True,True,True
한양대학교,의과대학,의학과,,,True,True,True
순천향대학교,의과대학,의학과,,,True,True,True
전남대학교,의과대학,의학과,,,True,True,True
동덕여자대학교,약학대학,약학과,,,True,True,True
대구가톨릭대학교,약학대학,약학부,,,True,True,True
을지대학교,보건과학대학,임상병리학과,,,True,True,True
세명대학교,자연과학대학,임상병리학과,,,True,True,True
나사렛대학교,단과대구분없음,임상병리학과,,,True,True,True
경동대학교,단과대구분없음,임상병리학과,,,True,True,True
부산가톨릭대학교,보건과학대학,언어청각치료학과,,,True,True,True
부산대학교,약학대학,제약학전공,,,True,True,True
건양대학교,의과학대학,치위생학과,,,True,True,True
광주여자대학교,단과대구분없음,치위생학과,,,True,True,True
경희대학교,치과대학,치의학과,,,True,True,True
대구한의대학교,한방산업대학,한방제약공학과,,,True,True,True
전북대학교,환경생명자원대학,한약자원학과,,,True,True,True
경희대학교,약학대학,한약학과,,,True,True,True
대구한의대학교,한의과대학,한의예과,,,True,True,True
세명대학교,의생명공학대학,한의학과,,,True,True,True
삼육대학교,약학대학,기초의약과학과,,,True,True,True
중원대학교,단과대구분없음,의료보건학부,,,True,True,True
경상국립대학교,약학대학,약학과(2+4년제),,,True,True,True
이화여자대학교,약학대학,약학과(6년제),,,True,True,True
원광대학교,약학대학,약학과(2+4학제),,,True,True,True
연세대학교,약학대학,약학과(2+4학제),,,True,True,True
순천대학교,약학대학,약학과(2+4학제),,,True,True,True
연세대학교(미래),보건과학대학,Bio융합전공,,,True,True,True
대구사이버대학교,단과대구분없음,놀이치료학과,,,True,True,True
을지대학교,간호대학,간호학과,,,True,True,True
공주대학교,간호보건대학,간호학과,,,True,True,True
가천대학교,단과대구분없음,간호학과,,,True,True,True
충남대학교,간호대학,간호학과,,,True,True,True
동의대학교,의료보건대학,간호학과,,,True,True,True
청주대학교,보건의료대학,간호학과,,,True,True,True
동양대학교,단과대구분없음,간호학과,,,True,True,True
중앙대학교,적십자간호대학,간호학과,,,True,True,True
가톨릭관동대학교,의과대학,간호학과,,,True,True,True
화성의과학대학교,단과대구분없음,간호학과,,,True,True,True
조선대학교,의과대학,간호학과,,,True,True,True
연세대학교(미래),의과대학,간호학과,,,True,True,True
인하대학교,의과대학,간호학과,,,True,True,True
동국대학교(WISE),의과대학,간호학과,,,True,True,True
순천대학교,생명산업과학대학,간호학과,,,True,True,True
이화여자대학교,건강과학대학,간호학부,,,True,True,True
한국성서대학교,단과대구분없음,간호학부,,,True,True,True
한국국제대학교,의료보건대학,방사선학과,,,True,True,True
부산가톨릭대학교,응용과학대학,산업보건학과,,,True,True,True
연세대학교(미래),보건과학대학,보건과학과,,,True,True,True
공주대학교,간호보건대학,응급구조학과,,,True,True,True
을지대학교,보건과학대학,응급구조학과,,,True,True,True
연세대학교(미래),보건과학대학,작업치료학과,,,True,True,True
대구대학교,재활과학대학,재활공학과,,,True,True,True
성균관대학교,의과대학,의예과,,,True,True,True
동아대학교,의과대학,의예과,,,True,True,True
영남대학교,의과대학,의예과,,,True,True,True
충남대학교,의과대학,의학과,,,True,True,True
이화여자대학교,의과대학,의학과,,,True,True,True
인하대학교,의과대학,의학과,,,True,True,True
가톨릭대학교,약학대학,약학과,,,True,True,True
계명대학교,약학대학,약학과,,,True,True,True
건양대학교,의과학대학,임상병리학과,,,True,True,True
순천향대학교,의료과학대학,임상병리학과,,,True,True,True
초당대학교,단과대구분없음,치위생학과,,,True,True,True
연세대학교(미래),의과대학,치위생학과,,,True,True,True
강릉원주대학교,치과대학,치의예과,,,True,True,True
부산대학교,치과대학,치의학과,,,True,True,True
원광대학교,치과대학,치의학과,,,True,True,True
대구한의대학교,웰빙복지대학,한방미술치료전공,,,True,True,True
세명대학교,의생명공학대학,한의예과,,,True,True,True
대전대학교,한의과대학,한의예과,,,True,True,True
대구대학교,재활과학대학,직업재활학과,,,True,True,True
가톨릭대학교,단과대구분없음,직업재활학전공,,,True,True,True
경희대학교,약학대학,약학과(2+4년제),,,True,True,True
서울대학교,약학대학,약학기본과정(2+4학제),,,True,True,True
우석대학교,약학대학,약학과(2+4학제),,,True,True,True
우송대학교,단과대구분없음,보건의료경영학과,,,True,True,True
연세대학교,간호대학,간호학과,,,True,True,True
건양대학교,의과학대학,작업치료학과,,,True,True,True
선문대학교,건강보건대학,응급구조학과,,,True,True,True
을지대학교,의과대학,의예과,,,True,True,True
한림대학교,자연과학대학,언어병리학전공,,,True,True,True
건양대학교,의과학대학,방사선학과,,,True,True,True
서울과학기술대학교,에너지바이오대학,안경광학과,,,True,True,True
광주여자대학교,단과대구분없음,언어치료학과,,,True,True,True
충북대학교,약학대학,산업제약학과,,,True,True,True
연세대학교(미래),의과대학,의예과,,,True,True,True
순천향대학교,의료과학대학,의예과,,,True,True,True
계명대학교,의과대학,의학과,,,True,True,True
연세대학교(미래),보건과학대학,방사선학과,,,True,True,True
경북대학교,치과대학,치의학과,,,True,True,True
원광대학교,치과대학,치의예과,,,True,True,True
경희대학교,한의과대학,한의학과,,,True,True,True
고려대학교(세종),약학대학,약학과,,,True,True,True
원광대학교,약학대학,한약학과,,,True,True,True
조선대학교,의과대학,의학과,,,True,True,True
이화여자대학교,건강과학대학,간호학전공,,,True,True,True
나사렛대학교,단과대구분없음,물리치료학과,,,True,True,True
을지대학교,보건과학대학,방사선학과,,,True,True,True
중앙대학교,약학대학,약학부,,,True,True,True
경동대학교,단과대구분없음,작업치료학과,,,True,True,True
차의과학대학교,간호대학,간호학과,,,True,True,True
대전대학교,한의과대학,한의학과,,,True,True,True
성균관대학교,단과대구분없음,약학부,,,True,True,True
가톨릭관동대학교,의과대학,의예과,,,True,True,True
우석대학교,약학대학,한약학과,,,True,True,True
동의대학교,의료보건대학,방사선학과,,,True,True,True
동신대학교,한의과대학,한의학과,,,True,True,True
부산가톨릭대학교,간호대학,간호학과,,,True,True,True
세명대학교,자연과학대학,작업치료학과,,,True,True,True
가천대학교,단과대구분없음,물리치료학과,,,True,True,True
순천향대학교,의과대학,간호학과,,,True,True,True
울산대학교,의과대학,의학전공,,,True,True,True
한국국제대학교,의료보건대학,간호학과,,,True,True,True
동의대학교,의료보건대학,치위생학과,,,True,True,True
전북대학교,자연과학대학,의예과,,,True,True,True
부산가톨릭대학교,보건과학대학,물리치료학과,,,True,True,True
가천대학교,약학대학,약학과(2+4학제),,,True,True,True
동신대학교,보건복지대학,안경광학과,,,True,True,True
한양대학교,의과대학,의예과,,,True,True,True
대구한의대학교,보건치료대학,한방미술치료학과,,,True,True,True
서울대학교,의과대학,의학과,,,True,True,True
전북대학교,의과대학,의학과,,,True,True,True
부산가톨릭대학교,보건과학대학,임상병리학과,,,True,True,True
강원대학교,약학대학,약학과,,,True,True,True
고려대학교,간호대학,간호학과,,,True,True,True
강릉원주대학교,치과대학,치의학과,,,True,True,True
광주여자대학교,단과대구분없음,물리치료학과,,,True,True,True
호서대학교,자연과학대학,간호학과,,,True,True,True
대구사이버대학교,단과대구분없음,미술치료학과,,,True,True,True
동국대학교,약학대학,약학과,,,True,True,True
울산대학교,의과대학,의학과,,,True,True,True
우석대학교,보건복지대학,작업치료학과,,,True,True,True
동의대학교,한의과대학,한의예과,,,True,True,True
중원대학교,단과대구분없음,간호학전공,,,True,True,True
경희대학교,간호과학대학,간호학과,,,True,True,True
남부대학교,단과대구분없음,간호학과,,,True,True,True
동덕여자대학교,자연과학대학,보건관리학전공,,,True,True,True
목포가톨릭대학교,단과대구분없음,간호학과,,,True,True,True
우석대학교,한의과대학,한의학과,,,True,True,True
삼육대학교,약학대학,약학과,,,True,True,True
이화여자대학교,사범대학,보건교육과,,,True,True,True
을지대학교,보건과학대학,물리치료학과,,,True,True,True
선문대학교,건강보건대학,치위생학과,,,True,True,True
영산대학교,보건의료대학,간호학과,,,True,True,True
예수대학교,단과대구분없음,간호학부,,,True,True,True
경북대학교,간호대학,간호학과,,,True,True,True
이화여자대학교,약학대학,제약학전공,,,True,True,True
충북대학교,약학대학,제약학과,,,True,True,True
신라대학교,의생명과학대학,물리치료학과,,,True,True,True
호서대학교,자연과학대학,제약공학과,,,True,True,True
한서대학교,단과대구분없음,치위생학과,,,True,True,True
고신대학교,의과대학,의예과,,,True,True,True
광주대학교,보건복지교육대학,간호학과,,,True,True,True
숙명여자대학교,약학대학,약학부,,,True,True,True
충북대학교,약학대학,약학과(2+4학제),,,True,True,True
대구사이버대학교,단과대구분없음,행동치료학과,,,True,True,True
가천대학교,단과대구분없음,응급구조학과,,,True,True,True
초당대학교,단과대구분없음,간호학과,,,True,True,True
강원대학교,의과대학,의학과,,,True,True,True
제주대학교,간호대학,간호학과,,,True,True,True
한서대학교,단과대구분없음,간호학과,,,True,True,True
선문대학교,건강보건대학,간호학과,,,True,True,True
제주대학교,의과대학,의학과,,,True,True,True
계명대학교,약학대학,제약학과,,,True,True,True
동국대학교(WISE),한의과대학,한의학과,,,True,True,True
고신대학교,의과대학,의학과,,,True,True,True
대구한의대학교,보건복지대학,한약재생산가공학과,,,True,True,True
나사렛대학교,단과대구분없음,간호학과,,,True,True,True
전남대학교,간호대학,간호학과,,,True,True,True
호남대학교,보건과학대학,언어치료학과,,,True,True,True
경동대학교,단과대구분없음,안경광학과,,,True,True,True
신라대학교,의생명과학대학,치위생학과,,,True,True,True
부산대학교,약학대학,제약학과,,,True,True,True
우송대학교,단과대구분없음,응급구조학과,,,True,True,True
호원대학교,보건복지대학,간호학과,,,True,True,True
우송대학교,단과대구분없음,간호학과,,,True,True,True
이화여자대학교,간호과학대학,간호과학과,,,True,True,True
을지대학교,보건과학대학,안경광학과,,,True,True,True
목포대학교,약학대학,약학과(2+4학제),,,True,True,True
남부대학교,단과대구분없음,언어치료청각학과,,,True,True,True
서울대학교,간호대학,간호학과,,,True,True,True
대구한의대학교,한의과대학,간호학과,,,True,True,True
원광대학교,약학대학,약학과,,,True,True,True
한국국제대학교,의료보건대학,물리치료학과,,,True,True,True
한림대학교,의과대학,의예과,,,True,True,True
대구대학교,재활과학대학,물리치료학과,,,True,True,True
호서대학교,자연과학대학,제약공학전공,,,True,True,True
연세대학교(미래),보건과학대학,임상병리학과,,,True,True,True
신라대학교,의생명과학대학,간호학과,,,True,True,True
대구한의대학교,한방산업대학,한방생약자원학과,,,True,True,True
인제대학교,의과대학,간호학과,,,True,True,True
대구대학교,재활과학대학,언어치료학과,,,True,True,True
한서대학교,단과대구분없음,물리치료학과,,,True,True,True
우석대학교,약학대학,약학과,,,True,True,True
동신대학교,보건복지대학,운동처방학과,,,True,True,True
대구가톨릭대학교,간호대학,간호학과,,,True,True,True
성균관대학교,약학대학,약학대학,,,True,True,True
건양대학교,의과학대학,응급구조학과,,,True,True,True
경성대학교,이과대학,물리치료학과,,,True,True,True
서울대학교,약학대학,약학과,,,True,True,True
상지대학교,보건과학대학,제약공학과,,,True,True,True
순천향대학교,의료과학대학,작업치료학과,,,True,True,True
백석대학교,단과대구분없음,응급구조학과,,,True,True,True
덕성여자대학교,약학대학,약학과(6년제),,,True,True,True
계명대학교,간호대학,간호학과,,,True,True,True
건양대학교,의과학대학,안경광학과,,,True,True,True
창원대학교,자연과학대학,간호학과,,,True,True,True
대구대학교,재활과학대학,작업치료학과,,,True,True,True
루터대학교,단과대구분없음,언어치료학과,,,True,True,True
영남대학교,약학대학,제약학전공,,,True,True,True
창원대학교,자연과학대학,보건의과학과,,,True,True,True
서울대학교,의과대학,의예과,,,True,True,True
부경대학교,자연과학대학,간호학과,,,True,True,True
가톨릭관동대학교,의과대학,의학과,,,True,True,True
을지대학교,의과대학,임상병리학과,,,True,True,True
경성대학교,약학대학,약학과,,,True,True,True
원광대학교,한의과대학,한의예과,,,True,True,True
이화여자대학교,건강과학대학,보건관리학과,,,True,True,True
충북대학교,의과대학,의예과,,,True,True,True
이화여자대학교,약학대학,약학과,,,True,True,True
한서대학교,단과대구분없음,작업치료학과,,,True,True,True
우석대학교,한의과대학,한의예과,,,True,True,True
서울대학교,약학대학,약학과(2+4년제),,,True,True,True
연세대학교(미래),의과대학,의학과,,,True,True,True
백석대학교,단과대구분없음,치위생학과,,,True,True,True
한신대학교,휴먼서비스대학,재활학과,,,True,True,True
연세대학교(미래),의과대학,간호학전공,,,True,True,True
건양대학교,의과대학,의학과,,,True,True,True
차의과학대학교,약학대학,약학과,,,True,True,True
한서대학교,단과대구분없음,방사선학과,,,True,True,True
우송대학교,단과대구분없음,작업치료학과,,,True,True,True
동아대학교,의과대학,의학과,,,True,True,True
동덕여자대학교,자연과학대학,보건관리학과,,,True,True,True
가천대학교,단과대구분없음,방사선학과,,,True,True,True
경동대학교,단과대구분없음,응급구조학과,,,True,True,True
서울대학교,약학대학,제약학과,,,True,True,True
연세대학교,학부대학,간호전공,,,True,True,True
동신대학교,보건복지대학,방사선학과,,,True,True,True
성균관대학교,약학대학,약학과,,,True,True,True
부산대학교,의과대학,의학과,,,True,True,True
인제대학교,의과대학,의예과,,,True,True,True
전북대학교,치과대학,치의학과,,,True,True,True
을지대학교,보건산업대학,보건환경학전공,,,True,True,True
한남대학교,생명ㆍ나노과학대학,간호학과,,,True,True,True
경상국립대학교,의과대학,의학과,,,True,True,True
조선대학교,약학대학,약학과(2+4학제),,,True,True,True
경희대학교,약학대학,약과학과,,,True,True,True
고려대학교,의과대학,의예과,,,True,True,True
동국대학교(WISE),의과대학,의학과,,,True,True,True
원광대학교,의과대학,의학과,,,True,True,True
한림대학교,의과대학,간호학부,,,True,True,True
고려대학교,보건과학대학,임상병리학과,,,True,True,True
부산대학교,간호대학,간호학과,,,True,True,True
이화여자대학교,건강과학대학,간호과학부,,,True,True,True
세명대학교,가정과학대학,간호학과,,,True,True,True
대구한의대학교,보건치료대학,재활교육상담학과,,,True,True,True
광주여자대학교,단과대구분없음,작업치료학과,,,True,True,True
한양대학교(ERICA),약학대학,약학과(2+4학제),,,True,True,True
대구가톨릭대학교,의과대학,의학과,,,True,True,True
광주대학교,보건복지교육대학,작업치료학과,,,True,True,True
을지대학교,보건과학대학,치위생학과,,,True,True,True
백석대학교,단과대구분없음,물리치료학과,,,True,True,True
한림대학교,의과대학,의학과,,,True,True,True
서울대학교,약학대학,약학대학,,,True,True,True
연세대학교(미래),보건과학대학,재활공학전공,,,True,True,True
군산대학교,자연과학대학,간호학과,,,True,True,True
대구대학교,인문대학,건강증진학과,,,True,True,True
인하대학교,자연과학대학,기초의과학부,,,True,True,True
동신대학교,한의과대학,간호학과,,,True,True,True
세명대학교,자연과학대학,자연약재과학과,,,True,True,True
송원대학교,단과대구분없음,치위생학과,,,True,True,True
청주대학교,보건의료대학,치위생학과,,,True,True,True
경성대학교,이과대학,간호학과,,,True,True,True
강릉원주대학교,치과대학,치위생학과,,,True,True,True
고려대학교,보건과학대학,물리치료학과,,,True,True,True
울산대학교,의과대학,간호학과,,,True,True,True
부산대학교,약학대학,약학부,,,True,True,True
이화여자대학교,약학대학,산업제약학과,,,True,True,True
한림대학교,의과대학,간호학전공,,,True,True,True
삼육대학교,보건복지대학,물리치료학과,,,True,True,True
충북대학교,약학대학,제약학과(2+4학제),,,True,True,True
가천대학교,단과대구분없음,치위생학과,,,True,True,True
충북대학교,약학대학,약학과,,,True,True,True
연세대학교,의과대학,의예과,,,True,True,True
남부대학교,단과대구분없음,방사선학과,,,True,True,True
초당대학교,단과대구분없음,안경광학과,,,True,True,True
한국국제대학교,의료보건대학,제약공학과,,,True,True,True
한세대학교,단과대구분없음,간호학과,,,True,True,True
가천대학교,단과대구분없음,약과학과,,,True,True,True
원광대학교,의과대학,의예과,,,True,True,True
영남대학교,약학대학,약학부,,,True,True,True
남부대학교,단과대구분없음,한방제약개발학과,,,True,True,True
원광대학교,한의과대학,한의학과,,,True,True,True
연세대학교,치과대학,치의학과,,,True,True,True
영남대학교,의과대학,의학과,,,True,True,True
영산대학교,보건의료대학,물리치료학과,,,True,True,True
백석대학교,단과대구분없음,작업치료학과,,,True,True,True
중앙대학교,의과대학,의학부(의학),,,True,True,True
부산가톨릭대학교,보건과학대학,방사선학과,,,True,True,True
가톨릭꽃동네대학교,단과대구분없음,간호학과,,,True,True,True
성균관대학교,의과대학,의학과,,,True,True,True
대구대학교,간호보건학부,간호학과,,,True,True,True
대구한의대학교,보건복지대학,보건환경학과,,,True,True,True
상지대학교,한의과대학,한의예과,,,True,True,True
성신여자대학교,간호대학,글로벌의과학과,,,True,True,True
이화여자대학교,약학대학,약학전공,,,True,True,True
동의대학교,의료보건대학,임상병리학과,,,True,True,True
백석대학교,단과대구분없음,간호학과,,,True,True,True
선문대학교,건강보건대학,제약공학과,,,True,True,True
우석대학교,보건복지대학,제약공학과,,,True,True,True
협성대학교,이공대학,보건관리학과,,,True,True,True
충북대학교,의과대학,간호학과,,,True,True,True
가천대학교,단과대구분없음,보건환경시스템학과,,,True,True,True
영산대학교,보건의료대학,치위생학과,,,True,True,True
상지대학교,보건과학대학,간호학과,,,True,True,True
한림대학교,자연과학대학,언어청각학부,,,True,True,True
동국대학교(WISE),의과대학,의예과,,,True,True,True
동의대학교,한의과대학,한의학과,,,True,True,True
충남대학교,약학대학,약학과,,,True,True,True
배재대학교,아펜젤러대학,간호학과,,,True,True,True
중원대학교,단과대구분없음,작업치료학전공,,,True,True,True
동국대학교(WISE),한의과대학,한의예과,,,True,True,True
대구가톨릭대학교,약학대학,약학전공,,,True,True,True
동신대학교,한의과대학,한의예과,,,True,True,True
중앙대학교,의과대학,의학부(의예),,,True,True,True
경희대학교,생명과학대학,한방재료가공학과,,,True,True,True
조선대학교,치과대학,치의학과,,,True,True,True
건양대학교,의과대학,의예과,,,True,True,True
대구대학교,인문대학,운동처방학과,,,True,True,True
경동대학교,단과대구분없음,물리치료학과,,,True,True,True
광주여자대학교,단과대구분없음,간호학과,,,True,True,True
용인대학교,보건복지대학,물리치료학과,,,True,True,True
수원대학교,자연과학대학,간호학과,,,True,True,True
인제대학교,약학대학,약학과,,,True,True,True
원광대학교,의과대학,간호학과,,,True,True,True
백석대학교,단과대구분없음,안경광학과,,,True,True,True
대구사이버대학교,단과대구분없음,언어치료학과,,,True,True,True
경상국립대학교,간호대학,간호학과,,,True,True,True
부산대학교,약학대학,약학전공,,,True,True,True
가천대학교,간호대학,간호학과,,,True,True,True
고신대학교,간호대학,간호학과,,,True,True,True
대구가톨릭대학교,약학대학,제약학전공,,,True,True,True
고려대학교,의과대학,의학과,,,True,True,True
목포대학교,자연과학대학,간호학과,,,True,True,True
대구한의대학교,한방산업대학,한약재약리학과,,,True,True,True
을지대학교,의과대학,의학과,,,True,True,True
연세대학교,치과대학,치의예과,,,True,True,True
경희대학교,약학대학,약학과,,,True,True,True
동신대학교,보건복지대학,물리치료학과,,,True,True,True
우석대학교,보건복지대학,보건의료관리학과,,,True,True,True
나사렛대학교,단과대구분없음,응급구조학과,,,True,True,True
연세대학교,의과대학,의학과,,,True,True,True
서울대학교,약학대학,제약학과(2+4학제),,,True,True,True
강원대학교,의생명과학대학,시스템면역과학전공,,,True,True,True
대구대학교,재활과학대학,재활심리학과,,,True,True,True
영남대학교,약학대학,약학전공,,,True,True,True
성균관대학교,의과대학,의과대학,,,True,True,True
경동대학교,단과대구분없음,간호학과,,,True,True,True
경희대학교,단과대구분없음,동서의과학과,,,True,True,True
한국방송통신대학교,자연과학대학,간호학과,,,True,True,True
상지대학교,한의과대학,한의학과,,,True,True,True
청주대학교,보건의료대학,방사선학과,,,True,True,True
동신대학교,보건복지대학,언어치료학과,,,True,True,True
대구한의대학교,한의과대학,한의학과,,,True,True,True
전남대학교,약학대학,약학부,,,True,True,True
이화여자대학교,건강과학대학,간호과학전공,,,True,True,True
경희대학교,의과대학,의학과,,,True,True,True
선문대학교,건강보건대학,물리치료학과,,,True,True,True
경북대학교,약학대학,약학과,,,True,True,True
가톨릭대학교,간호대학,간호학과,,,True,True,True
서울대학교,간호대학,간호대학,,,True,True,True
동아대학교,의과대학,간호학과,,,True,True,True
강원대학교,인문사회과학대학,관광학과,,,True,True,True
전북대학교,인문대학,동양어문학부,,,True,True,True
전북대학교,인문대학,동양어문학부(일어일문학전공),,,True,True,True
전주대학교,경영대학,경영관리전공,,,True,True,True
한양대학교(ERICA),언론정보대학,광고전공,,,True,True,True
한라대학교,경영사회대학,광고홍보학과,,,True,True,True
신라대학교,상경대학,광고홍보학과,,,True,True,True
동국대학교,사회과학대학,광고홍보학과,,,True,True,True
한양대학교(ERICA),언론정보대학,광고홍보학부,,,True,True,True
동국대학교,경영대학,광고홍보학전공,,,True,True,True
서울한영대학교,인문대학,기독교아동복지학과,,,True,True,True
호서대학교,인문대학,기독교학부,,,True,True,True
이화여자대학교,인문과학대학,기독교학부,,,True,True,True
부산가톨릭대학교,사회과학대학,경영정보학과,,,True,True,True
광주대학교,경영대학,경영학과,,,True,True,True
한국국제대학교,사회과학대학,경영학과,,,True,True,True
서경대학교,사회과학대학,경영학과,,,True,True,True
상지대학교,경상대학,경영학과,,,True,True,True
부산가톨릭대학교,사회과학대학,경영학과,,,True,True,True
우석대학교,문화사회대학,경영학과,,,True,True,True
성균관대학교,경영대학,경영학과,,,True,True,True
서울여자대학교,사회과학대학,경영학과,,,True,True,True
고려대학교,경영대학,경영학과,,,True,True,True
대구대학교,경상대학,경영학과,,,True,True,True
금오공과대학교,단과대구분없음,경영학과,,,True,True,True
가톨릭관동대학교,인문대학,교양과,,,True,True,True
가톨릭대학교,단과대구분없음,교양과정,,,True,True,True
명지대학교,단과대구분없음,교양학과,,,True,True,True
공주대학교,산업과학대학,교양학과,,,True,True,True
사이버한국외국어대학교,단과대구분없음,교양학부,,,True,True,True
추계예술대학교,단과대구분없음,교양학부,,,True,True,True
평택대학교,단과대구분없음,교양학부(인문사회계열),,,True,True,True
한국방송통신대학교,교육과학대학,교육과,,,True,True,True
동서대학교,단과대구분없음,디지털방송전공,,,True,True,True
부산대학교,상과대학,경영학부,,,True,True,True
단국대학교,상경대학,경영학부,,,True,True,True
청주대학교,경상대학,경영학부,,,True,True,True
호원대학교,사회과학대학,경영학부,,,True,True,True
경상국립대학교,경영대학,경영학부,,,True,True,True
수원대학교,경상대학,경영학부,,,True,True,True
광운대학교,경영대학,경영학부,,,True,True,True
동국대학교,경영대학,경영학부,,,True,True,True
동국대학교(WISE),상경대학,경영학전공,,,True,True,True
안양대학교,사회과학대학,경영학전공,,,True,True,True
부경대학교,경영대학,경영학전공,,,True,True,True
영남대학교,상경대학,경영학전공,,,True,True,True
상명대학교,경영대학,경영학전공,,,True,True,True
이화여자대학교,경영대학,경영학전공,,,True,True,True
부산교육대학교,단과대구분없음,교육학과,,,True,True,True
신라대학교,사범대학,교육학과,,,True,True,True
중앙대학교,사범대학,교육학과,,,True,True,True
한양대학교,사범대학,교육학과,,,True,True,True
경성대학교,문과대학,교육학과,,,True,True,True
제주대학교,경상대학,경제무역학학과군,,,True,True,True
경상국립대학교,사회과학대학,경제학과,,,True,True,True
성신여자대학교,사회과학대학,경제학과,,,True,True,True
상지대학교,경상대학,경제학과,,,True,True,True
신라대학교,상경대학,경제학과,,,True,True,True
한림대학교,경영대학,경제학과,,,True,True,True
동덕여자대학교,사회대학,경제학과,,,True,True,True
목포대학교,경영대학,경제학과,,,True,True,True
부산대학교,경제통상대학,경제학부,,,True,True,True
중앙대학교,경영경제대학,경제학부,,,True,True,True
한양대학교(ERICA),경상대학,경제학부,,,True,True,True
가톨릭대학교,단과대구분없음,경제학전공,,,True,True,True
경성대학교,상경대학,경제학전공,,,True,True,True
동국대학교,사회과학대학,경제학전공,,,True,True,True
공주대학교,인문사회과학대학,경제학전공,,,True,True,True
중부대학교,단과대구분없음,교직과,,,True,True,True
순천대학교,사범대학,교직과,,,True,True,True
가톨릭대학교,단과대구분없음,교직과,,,True,True,True
서울디지털대학교,단과대구분없음,경찰학과,,,True,True,True
경동대학교,단과대구분없음,경찰행정학과,,,True,True,True
세명대학교,사회과학대학,경찰행정학부,,,True,True,True
전주대학교,사회과학대학,경찰행정학전공,,,True,True,True
동국대학교(WISE),인문과학대학,국사학전공,,,True,True,True
원광대학교,사범대학,국어교육과,,,True,True,True
전남대학교,사범대학,국어교육과,,,True,True,True
한국교원대학교,제2대학,국어교육과,,,True,True,True
충북대학교,사범대학,국어교육과,,,True,True,True
공주대학교,사범대학,국어교육과,,,True,True,True
부산대학교,인문대학,국어국문학과,,,True,True,True
서울시립대학교,인문대학,국어국문학과,,,True,True,True
신라대학교,인문사회과학대학,국어국문학과,,,True,True,True
동아대학교,인문과학대학,국어국문학과,,,True,True,True
청주대학교,인문대학,국어국문학과,,,True,True,True
경북대학교,인문대학,국어국문학과,,,True,True,True
한신대학교,인문대학,국어국문학과,,,True,True,True
고려대학교,문과대학,국어국문학과,,,True,True,True
제주대학교,인문대학,국어국문학과,,,True,True,True
동국대학교,문과대학,국어국문학과,,,True,True,True
서강대학교,문과대학,국어국문학전공,,,True,True,True
대구한의대학교,문화.정보대학,국어국문학전공,,,True,True,True
동국대학교(WISE),인문과학대학,국어국문학전공,,,True,True,True
인제대학교,인문사회과학대학,국제경상학부,,,True,True,True
창원대학교,사회과학대학,국제관계학과,,,True,True,True
신라대학교,인문사회과학대학,국제관계학전공,,,True,True,True
한서대학교,단과대구분없음,노인복지학과,,,True,True,True
호서대학교,인문대학,노인복지학전공,,,True,True,True
부산디지털대학교,단과대구분없음,노인복지학전공,,,True,True,True
동아대학교,경영대학,국제관광학과,,,True,True,True
부경대학교,경영대학,국제무역물류학전공,,,True,True,True
경상국립대학교,농업생명과학대학,농업경제학과,,,True,True,True
전북대학교,농업생명과학대학,농업경제학과,,,True,True,True
국민대학교,법과대학,공법학전공,,,True,True,True
이화여자대학교,경영대학,국제사무학과,,,True,True,True
진주교육대학교,단과대구분없음,도덕과교육과(심화과정),,,True,True,True
강릉원주대학교,사회과학대학,도시계획부동산학과,,,True,True,True
순천향대학교,글로벌경영대학,국제통상학과,,,True,True,True
덕성여자대학교,사회과학대학,국제통상학과,,,True,True,True
광운대학교,동북아대학,국제통상학과,,,True,True,True
영남대학교,상경대학,국제통상학부,,,True,True,True
한림대학교,국제학부,국제학부,,,True,True,True
이화여자대학교,스크랜튼대학,국제학전공,,,True,True,True
서울시립대학교,도시과학대학,도시사회학과,,,True,True,True
협성대학교,인문사회과학대학,도시행정학과,,,True,True,True
성균관대학교,경영대학,글로벌경영학과,,,True,True,True
부산대학교,사범대학,독어교육과,,,True,True,True
강원대학교,인문대학,독어독문불어불문학과군,,,True,True,True
공주대학교,인문사회과학대학,독어독문학과,,,True,True,True
경상국립대학교,인문대학,독어독문학과,,,True,True,True
건국대학교,문과대학,독어독문학전공,,,True,True,True
동덕여자대학교,인문대학,독일어과,,,True,True,True
한국외국어대학교,사범대학,독일어교육과,,,True,True,True
제주대학교,경상대학,관광경영학과,,,True,True,True
부경대학교,경영대학,관광경영학전공,,,True,True,True
강원대학교,경영대학,관광경영학전공,,,True,True,True
덕성여자대학교,사회과학대학,문화인류학과,,,True,True,True
연세대학교,사회과학대학,문화인류학과,,,True,True,True
한양대학교(ERICA),국제문화대학,문화콘텐츠학과,,,True,True,True
경성대학교,상경대학,물류학전공,,,True,True,True
동국대학교,불교대학,불교학전공,,,True,True,True
덕성여자대학교,인문과학대학,불어불문학과,,,True,True,True
전남대학교,인문대학,불어불문학과,,,True,True,True
영남대학교,자연자원대학,식품산업경영학과,,,True,True,True
한신대학교,사회과학대학,미국학전공,,,True,True,True
가톨릭대학교,단과대구분없음,미국학전공,,,True,True,True
한세대학교,단과대구분없음,미디어영상학부,,,True,True,True
연세대학교,사회과학대학,신문방송학과,,,True,True,True
안양대학교,사회과학대학,신문방송학과,,,True,True,True
호남대학교,인문사회대학,신문방송학과,,,True,True,True
동의대학교,인문대학,신문방송학과,,,True,True,True
한양대학교(ERICA),언론정보대학,신문방송학과,,,True,True,True
세종대학교,사회과학대학,신문방송학전공,,,True,True,True
동국대학교,사회과학대학,신문방송학전공,,,True,True,True
호원대학교,공과대학,사이버수사경찰학부,,,True,True,True
숭실대학교,인문대학,사학과,,,True,True,True
덕성여자대학교,인문과학대학,사학과,,,True,True,True
단국대학교,문과대학,사학과,,,True,True,True
목포대학교,인문대학,사학과,,,True,True,True
고려대학교,문과대학,서양사학과,,,True,True,True
인하대학교,문과대학,서양어문학부,,,True,True,True
세종대학교,사회과학대학,사회과학부,,,True,True,True
전북대학교,사범대학,사회교육학부,,,True,True,True
동국대학교,불교대학,선학전공,,,True,True,True
조선대학교,외국어대학,러시아어과,,,True,True,True
안양대학교,인문대학,러시아어과,,,True,True,True
동덕여자대학교,사회과학대학,사회복지학과,,,True,True,True
한국열린사이버대학교,인문사회대학,사회복지학과,,,True,True,True
화신사이버대학교,단과대구분없음,사회복지학과,,,True,True,True
경남대학교,문과대학,사회복지학과,,,True,True,True
남부대학교,단과대구분없음,사회복지학과,,,True,True,True
송원대학교,단과대구분없음,사회복지학과,,,True,True,True
목원대학교,인문대학,사회복지학과,,,True,True,True
청주대학교,사회과학대학,사회복지학과,,,True,True,True
경성대학교,법정대학,사회복지학과,,,True,True,True
부산대학교,사회과학대학,사회복지학과,,,True,True,True
공주대학교,인문사회과학대학,사회복지학과,,,True,True,True
백석대학교,단과대구분없음,사회복지학부,,,True,True,True
한라대학교,경영사회대학,레저관광경영학과,,,True,True,True
덕성여자대학교,사회과학대학,사회학과,,,True,True,True
제주대학교,인문대학,사회학과,,,True,True,True
경상국립대학교,사회과학대학,사회학과,,,True,True,True
대구가톨릭대학교,사회과학대학,사회학과,,,True,True,True
동국대학교,사회과학대학,사회학전공,,,True,True,True
성균관대학교,사회과학대학,소비자가족학과,,,True,True,True
건국대학교,상경대학,소비자정보학전공,,,True,True,True
동의대학교,법정대학,법경찰학부,,,True,True,True
조선대학교,법과대학,법학과,,,True,True,True
숭실대학교,법과대학,법학과,,,True,True,True
부경대학교,인문사회과학대학,법학과,,,True,True,True
한국외국어대학교,법과대학,법학과,,,True,True,True
성신여자대학교,법과대학,법학과,,,True,True,True
건국대학교,법과대학,법학과,,,True,True,True
가톨릭관동대학교,경찰법정대학,법학과,,,True,True,True
목포대학교,사회과학대학,법학과,,,True,True,True
강릉원주대학교,사회과학대학,법학과,,,True,True,True
경희대학교,법과대학,법학부,,,True,True,True
충남대학교,법과대학,법학전공,,,True,True,True
경남과학기술대학교,상경대학,벤처경영학과,,,True,True,True
전북대학교,인문대학,스페인・중남미학과,,,True,True,True
조선대학교,경상대학,무역학과,,,True,True,True
청주대학교,경상대학,무역학과,,,True,True,True
제주대학교,경상대학,무역학과,,,True,True,True
평택대학교,단과대구분없음,무역학전공,,,True,True,True
신라대학교,상경대학,무역학전공,,,True,True,True
서울여자대학교,인문대학,문예창작전공,,,True,True,True
동의대학교,인문대학,문예창작학과,,,True,True,True
원광대학교,인문대학,문예창작학과,,,True,True,True
배재대학교,하워드대학,복지신학과,,,True,True,True
대구사이버대학교,단과대구분없음,복지행정학과,,,True,True,True
광주여자대학교,단과대구분없음,상담심리학과,,,True,True,True
한남대학교,문과대학,문헌정보학과,,,True,True,True
경북대학교,사회과학대학,문헌정보학과,,,True,True,True
전북대학교,인문대학,문헌정보학과,,,True,True,True
경성대학교,문과대학,문헌정보학과,,,True,True,True
한국방송통신대학교,교육과학대학,문화교양학과,,,True,True,True
호서대학교,예체능대학,문화기획학과,,,True,True,True
대구한의대학교,문화과학대학,역사관광전공,,,True,True,True
한남대학교,사범대학,역사교육과,,,True,True,True
홍익대학교,사범대학,역사교육과,,,True,True,True
중앙대학교,인문대학,역사학과,,,True,True,True
성균관대학교,학부대학,자유전공학부,,,True,True,True
전북대학교,단과대구분없음,자율전공학부(인문),,,True,True,True
가톨릭관동대학교,경영대학,의료경영학과,,,True,True,True
대전대학교,사회과학대학,정치언론홍보학과,,,True,True,True
제주대학교,법정대학,정치외교학과,,,True,True,True
고려대학교,정경대학,정치외교학과,,,True,True,True
동아대학교,사회과학대학,정치외교학과,,,True,True,True
서울대학교,사회과학대학,정치외교학부,,,True,True,True
건국대학교,정치대학,정치외교학전공,,,True,True,True
한밭대학교,인문대학,영어과,,,True,True,True
서울신학대학교,단과대구분없음,영어과,,,True,True,True
동덕여자대학교,인문대학,영어과,,,True,True,True
신라대학교,사범대학,영어교육과,,,True,True,True
경남대학교,사범대학,영어교육과,,,True,True,True
한국외국어대학교,사범대학,영어교육과,,,True,True,True
이화여자대학교,사범대학,영어교육과,,,True,True,True
순천향대학교,인문과학대학,영어영문학과,,,True,True,True
서울여자대학교,인문대학,영어영문학과,,,True,True,True
대구대학교,인문대학,영어영문학과,,,True,True,True
국민대학교,문과대학,영어영문학과,,,True,True,True
한남대학교,문과대학,영어영문학부,,,True,True,True
한성대학교,인문대학,영어영문학부,,,True,True,True
세종대학교,인문과학대학,영어영문학전공,,,True,True,True
성공회대학교,단과대구분없음,영어학과,,,True,True,True
초당대학교,단과대구분없음,영어학과,,,True,True,True
한경국립대학교,인문사회과학대학,영어학과,,,True,True,True
경남과학기술대학교,인문사회과학대학,영어학과,,,True,True,True
광운대학교,사회과학대학,영어학과,,,True,True,True
연세대학교,학부대학,신학계열,,,True,True,True
광신대학교,단과대구분없음,신학과,,,True,True,True
성결대학교,신학대학,신학부,,,True,True,True
한세대학교,단과대구분없음,신학부,,,True,True,True
동국대학교,불교대학,인도철학전공,,,True,True,True
성균관대학교,단과대구분없음,인문과학계열,,,True,True,True
동국대학교(WISE),인문과학대학,인문학부,,,True,True,True
순천대학교,인문예술대학,인문학부,,,True,True,True
충북대학교,사회과학대학,심리학과,,,True,True,True
경북대학교,생활과학대학,아동가족학과,,,True,True,True
덕성여자대학교,사회과학대학,아동가족학과,,,True,True,True
세종대학교,호텔관광대학,외식경영전공,,,True,True,True
영산대학교,호텔관광대학,외식경영학과,,,True,True,True
건양대학교,재활복지교육대학,아동보육학과,,,True,True,True
부산디지털대학교,단과대구분없음,아동보육학전공,,,True,True,True
원광대학교,교학대학,원불교학과,,,True,True,True
세명대학교,사회과학대학,전자상거래학과,,,True,True,True
경북대학교,생활과학대학,아동학부,,,True,True,True
동덕여자대학교,자연과학대학,아동학전공,,,True,True,True
경남대학교,사범대학,유아교육과,,,True,True,True
남부대학교,단과대구분없음,유아교육과,,,True,True,True
대구가톨릭대학교,사범대학,유아교육과,,,True,True,True
강릉원주대학교,인문대학,유아교육과,,,True,True,True
세명대학교,인문대학,일본어학과,,,True,True,True
경희대학교,외국어대학,일본어학과,,,True,True,True
신라대학교,사범대학,일어교육과,,,True,True,True
동아대학교,인문과학대학,일어일문학과,,,True,True,True
명지대학교,인문대학,일어일문학과,,,True,True,True
성결대학교,인문대학,일어일문학과,,,True,True,True
대전대학교,인문예술대학,일어일문학과,,,True,True,True
동국대학교(WISE),인문과학대학,일어일문학과,,,True,True,True
가톨릭대학교,단과대구분없음,정경학부,,,True,True,True
청주대학교,인문대학,어문학부,,,True,True,True
대구가톨릭대학교,사회과학대학,언론광고학부,,,True,True,True
전북대학교,사회과학대학,언론심리학부,,,True,True,True
서울대학교,사회과학대학,언론정보학과,,,True,True,True
수원대학교,법정대학,언론정보학과,,,True,True,True
청주대학교,사회과학대학,언론정보학부,,,True,True,True
인제대학교,인문사회과학대학,언론정치학부,,,True,True,True
대구대학교,사범대학,유아특수교육과,,,True,True,True
가톨릭대학교,단과대구분없음,언어문화학부,,,True,True,True
제주대학교,사범대학,윤리교육과,,,True,True,True
한국교원대학교,제2대학,윤리교육과,,,True,True,True
전북대학교,사범대학,윤리교육과,,,True,True,True
국민대학교,사회과학대학,행정정책학부,,,True,True,True
한성대학교,사회과학대학,행정학과,,,True,True,True
경일대학교,사회과학대학,행정학과,,,True,True,True
충남대학교,사회과학대학,행정학과,,,True,True,True
수원대학교,법정대학,행정학과,,,True,True,True
명지대학교,사회과학대학,행정학과,,,True,True,True
우석대학교,문화사회대학,행정학과,,,True,True,True
영남대학교,정치행정대학,행정학과,,,True,True,True
전북대학교,사회과학대학,행정학과,,,True,True,True
서울과학기술대학교,인문사회대학,행정학과,,,True,True,True
동아대학교,사회과학대학,행정학과,,,True,True,True
강원대학교,사회과학대학,행정학과,,,True,True,True
부산대학교,인문대학,철학과,,,True,True,True
제주대학교,인문대학,철학과,,,True,True,True
강원대학교,인문대학,철학과,,,True,True,True
동국대학교,문과대학,철학전공,,,True,True,True
세종대학교,호텔관광대학,호텔경영전공,,,True,True,True
동명대학교,경영대학,호텔경영학과,,,True,True,True
광주대학교,경영대학,호텔경영학과,,,True,True,True
경성대학교,상경대학,호텔관광경영학과,,,True,True,True
평택대학교,단과대구분없음,청소년복지학전공,,,True,True,True
영남대학교,사범대학,특수체육교육과,,,True,True,True
한남대학교,법과대학,특허법학전공,,,True,True,True
세종대학교,호텔관광대학,호텔관광경영학부,,,True,True,True
호원대학교,관광대학,호텔관광학부,,,True,True,True
수원대학교,경상대학,호텔관광학부,,,True,True,True
세명대학교,사회과학대학,호텔관광학부,,,True,True,True
서울교육대학교,단과대구분없음,초등과학교육과(심화과정),,,True,True,True
공주교육대학교,사범대학,초등과학교육과(심화과정),,,True,True,True
이화여자대학교,사범대학,초등교육과,,,True,True,True
춘천교육대학교,단과대구분없음,초등교육학과(심화과정),,,True,True,True
대구교육대학교,교육대학,초등교육학과(심화과정),,,True,True,True
공주교육대학교,사범대학,초등미술교육과(심화과정),,,True,True,True
대구교육대학교,교육대학,초등윤리교육과(심화과정),,,True,True,True
청운대학교,호텔관광대학,호텔조리식당경영학과,,,True,True,True
서울교육대학교,단과대구분없음,초등음악교육과(심화과정),,,True,True,True
공주교육대학교,사범대학,초등음악교육과(심화과정),,,True,True,True
서울교육대학교,단과대구분없음,초등컴퓨터교육과(심화과정),,,True,True,True
대구교육대학교,교육대학,초등컴퓨터교육과(심화과정),,,True,True,True
대구한의대학교,단과대구분없음,풍수지리학전공,,,True,True,True
서강대학교,문과대학,프랑스문화전공,,,True,True,True
경기대학교,인문대학,프랑스어문학과,,,True,True,True
가톨릭대학교,단과대구분없음,프랑스어문화학과,,,True,True,True
경성대학교,문과대학,프랑스지역학과,,,True,True,True
성균관대학교,단과대구분없음,학부대학,,,True,True,True
한신대학교,인문대학,한국사학과,,,True,True,True
광주대학교,인문사회대학,한국어교육과,,,True,True,True
숙명여자대학교,문과대학,한국어문학부,,,True,True,True
호서대학교,인문대학,한국어문화학부,,,True,True,True
영남대학교,단과대구분없음,중국문화정보전공,,,True,True,True
한밭대학교,인문대학,중국어과,,,True,True,True
동덕여자대학교,인문대학,중국어과,,,True,True,True
동덕여자대학교,인문과학대학,중국어전공,,,True,True,True
영남대학교,단과대구분없음,중국어통번역전공,,,True,True,True
단국대학교,사범대학,한문교육과,,,True,True,True
영남대학교,사범대학,한문교육과,,,True,True,True
전주대학교,사범대학,한문교육과,,,True,True,True
공주대학교,사범대학,한문교육과,,,True,True,True
세종대학교,사회과학대학,중국학과,,,True,True,True
세종대학교,사회과학대학,중국학전공,,,True,True,True
부경대학교,인문사회과학대학,중국학전공,,,True,True,True
광주여자대학교,단과대구분없음,중등특수교육과,,,True,True,True
서울여자대학교,인문대학,중어중문학과,,,True,True,True
청주대학교,단과대구분없음,중어중문학전공,,,True,True,True
전남대학교,사범대학,지리교육과,,,True,True,True
대구대학교,사범대학,지리교육과,,,True,True,True
충북대학교,사범대학,지리교육과,,,True,True,True
서원대학교,사범대학,지리교육과,,,True,True,True
고려대학교,사범대학,지리교육과,,,True,True,True
제주대학교,사범대학,지리교육전공,,,True,True,True
영산대학교,호텔관광대학,항공관광학과,,,True,True,True
경기대학교,사회과학대학,교정보호학과,,,True,True,True
목포대학교,사회과학대학,지적학과,,,True,True,True
가천대학교,IT대학,인터랙티브미디어학과,,,True,True,True
순천대학교,인문예술대학,인문학부(사학전공),,,True,True,True
연세대학교,언더우드국제대학,언더우드학부,,,True,True,True
전북대학교,사회과학대학,행정복지학부(사회복지학전공),,,True,True,True
대구대학교,인문대학,국제한국어교육과,,,True,True,True
서강대학교,단과대구분없음,기초교육원,,,True,True,True
청주대학교,사회과학대학,행정도시지적학부,,,True,True,True
서경대학교,인문과학대학,국제비즈니스어학부,,,True,True,True
창원대학교,경상대학,기업정보학과,,,True,True,True
울산대학교,경영대학,경영학부(경영학 야간),,,True,True,True
서강대학교,단과대구분없음,스포츠미디어연계전공,,,True,True,True
이화여자대학교,단과대구분없음,기타모집단위,,,True,True,True
고려사이버대학교,단과대구분없음,아동영어학과,,,True,True,True
우석대학교,문화사회대학,호텔항공관광학과,,,True,True,True
계명대학교,경영대학,EMU경영학부,,,True,True,True
원광대학교,단과대구분없음,인문사회자율전공학부,,,True,True,True
예원예술대학교,단과대구분없음,문화재ㆍ보존학과,,,True,True,True
금강대학교,단과대구분없음,응용불교학과,,,True,True,True
서강대학교,문과대학,동아시아문화계,,,True,True,True
강서대학교,단과대구분없음,경영학부(경영학전공),,,True,True,True
호서대학교,사회과학대학,창업학전공,,,True,True,True
송원대학교,단과대구분없음,철도운수경영학과,,,True,True,True
성균관대학교,단과대구분없음,사범계열,,,True,True,True
중앙대학교,인문대학,유럽문화학부(프랑스어문학전공),,,True,True,True
한신대학교,사회과학대학,미디어영상광고홍보학부,,,True,True,True
강서대학교,단과대구분없음,아동복지상담심리학부(아동복지학전공),,,True,True,True
수원대학교,경상대학,국제개발협력학과,,,True,True,True
중앙대학교,사회과학대학,사회복지학부(청소년전공),,,True,True,True
중앙대학교,인문대학,유럽문화학부(러시아어문학전공),,,True,True,True
광운대학교,동북아대학,동북아통상학부,,,True,True,True
한국해양대학교,국제대학,동아시아학과,,,True,True,True
대구한의대학교,단과대구분없음,동아시아학부,,,True,True,True
상지대학교,경상대학,관광학부,,,True,True,True
전북대학교,인문대학,동양어문학부(중어중문학전공),,,True,True,True
세명대학교,사회과학대학,경상학부,,,True,True,True
세명대학교,사회과학대학,광고홍보학과,,,True,True,True
이화여자대학교,사회과학대학,광고홍보학전공,,,True,True,True
숭실대학교,인문대학,기독교학과,,,True,True,True
서울여자대학교,인문대학,기독교학과,,,True,True,True
가톨릭관동대학교,인문대학,기독교학과,,,True,True,True
국민대학교,경영대학,경영정보전공,,,True,True,True
고려대학교(세종),경상대학,경영정보학과,,,True,True,True
연세대학교(미래),정경대학,경영정보학전공,,,True,True,True
동의대학교,상경대학,경영학과,,,True,True,True
덕성여자대학교,사회과학대학,경영학과,,,True,True,True
고려사이버대학교,단과대구분없음,경영학과,,,True,True,True
충남대학교,경상대학,경영학과,,,True,True,True
목원대학교,사회과학대학,경영학과,,,True,True,True
한신대학교,글로벌협력대학,경영학과,,,True,True,True
제주대학교,경상대학,경영학과,,,True,True,True
강원대학교,경영대학,경영학과,,,True,True,True
세명대학교,단과대구분없음,교양과정부,,,True,True,True
동덕여자대학교,단과대구분없음,교양교직학부,,,True,True,True
강남대학교,단과대구분없음,교양학부,,,True,True,True
전북대학교,단과대구분없음,교양학부(인문사회계열),,,True,True,True
서울시립대학교,경영대학,경영학부,,,True,True,True
영남대학교,상경대학,경영학부,,,True,True,True
숭실대학교,경영대학,경영학부,,,True,True,True
성결대학교,사회과학대학,경영학부,,,True,True,True
한성대학교,사회과학대학,경영학부,,,True,True,True
국민대학교,경영대학,경영학부,,,True,True,True
연세대학교(미래),정경대학,경영학부,,,True,True,True
전주대학교,경영대학,경영학부,,,True,True,True
가톨릭대학교,단과대구분없음,경영학부,,,True,True,True
동아대학교,경영대학,경영학부,,,True,True,True
동의대학교,상경대학,경영학전공,,,True,True,True
동덕여자대학교,사회대학,경영학전공,,,True,True,True
한국방송통신대학교,교육과학대학,교육학과,,,True,True,True
경남대학교,사범대학,교육학과,,,True,True,True
세종대학교,사회과학대학,경제통상학과,,,True,True,True
홍익대학교,법경대학,경제학과,,,True,True,True
충북대학교,사회과학대학,경제학과,,,True,True,True
고려대학교(세종),경상대학,경제학과,,,True,True,True
창원대학교,경상대학,경제학과,,,True,True,True
경희대학교,정경대학,경제학과,,,True,True,True
대구대학교,경상대학,경제학과,,,True,True,True
동아대학교,사회과학대학,경제학과,,,True,True,True
단국대학교,상경대학,경제학부,,,True,True,True
숙명여자대학교,경상대학,경제학부,,,True,True,True
한국외국어대학교,상경대학,경제학부,,,True,True,True
연세대학교,상경대학,경제학부,,,True,True,True
한국외국어대학교,상경대학,경제학전공,,,True,True,True
울산대학교,사회과학대학,경제학전공,,,True,True,True
동덕여자대학교,사회대학,경제학전공,,,True,True,True
목원대학교,사회과학대학,경찰법학과,,,True,True,True
광주여자대학교,단과대구분없음,경찰법학과,,,True,True,True
경일대학교,사회과학대학,경찰학과,,,True,True,True
순천향대학교,사회과학대학,경찰행정학과,,,True,True,True
건양대학교,군사경찰대학,경찰행정학과,,,True,True,True
우석대학교,보건복지대학,경찰행정학과,,,True,True,True
용인대학교,산업정보대학,경찰행정학과,,,True,True,True
동의대학교,법정대학,경찰행정학과,,,True,True,True
동의대학교,법정대학,경찰행정학전공,,,True,True,True
충남대학교,인문대학,국사학과,,,True,True,True
상명대학교,사범대학,국어교육과,,,True,True,True
신라대학교,사범대학,국어교육과,,,True,True,True
인하대학교,사범대학,국어교육과,,,True,True,True
경남대학교,사범대학,국어교육과,,,True,True,True
전주대학교,사범대학,국어교육과,,,True,True,True
광주교육대학교,단과대구분없음,국어교육과(심화전공),,,True,True,True
연세대학교,문과대학,노어노문학과,,,True,True,True
순천향대학교,인문과학대학,국어국문학과,,,True,True,True
홍익대학교,문과대학,국어국문학과,,,True,True,True
서울대학교,인문대학,국어국문학과,,,True,True,True
서울여자대학교,인문대학,국어국문학과,,,True,True,True
연세대학교,문과대학,국어국문학과,,,True,True,True
단국대학교,문과대학,국어국문학과,,,True,True,True
전주대학교,인문대학,국어국문학전공,,,True,True,True
연세대학교(미래),인문예술대학,국어국문학전공,,,True,True,True
동덕여자대학교,인문대학,국어국문학전공,,,True,True,True
경희대학교,국제경영대학,국제경영학부,,,True,True,True
대구대학교,사회과학대학,가정복지학과,,,True,True,True
고려대학교(세종),단과대구분없음,공공행정학부,,,True,True,True
동의대학교,상경대학,국제관광학과,,,True,True,True
동아대학교,경영대학,국제무역학과,,,True,True,True
성결대학교,사회과학대학,도시계획부동산학부,,,True,True,True
평택대학교,단과대구분없음,도시계획학전공,,,True,True,True
동국대학교,경영대학,국제통상학과,,,True,True,True
경희대학교,국제대학,국제학과,,,True,True,True
서울여자대학교,사회과학대학,국제학전공,,,True,True,True
광운대학교,동북아대학,국제협력학부,,,True,True,True
광운대학교,법과대학,과학기술법학과,,,True,True,True
충북대학교,인문대학,독어독문학과,,,True,True,True
대구대학교,인문대학,독어독문학과,,,True,True,True
목포대학교,경영대학,관광경영학과,,,True,True,True
동아대학교,경영대학,관광경영학전공,,,True,True,True
동국대학교,문과대학,독일학전공,,,True,True,True
서울디지털대학교,단과대구분없음,부동산학과,,,True,True,True
공주대학교,산업과학대학,부동산학과,,,True,True,True
전주대학교,경영대학,부동산학전공,,,True,True,True
광운대학교,동북아대학,문화콘텐츠개발전공,,,True,True,True
가톨릭대학교,단과대구분없음,문화콘텐츠전공,,,True,True,True
순천대학교,사회과학대학,물류학과,,,True,True,True
동국대학교,불교대학,불교학부,,,True,True,True
한국교원대학교,제2대학,불어교육과,,,True,True,True
부산대학교,인문대학,불어불문학과,,,True,True,True
홍익대학교,문과대학,불어불문학과,,,True,True,True
성신여자대학교,인문과학대학,불어불문학과,,,True,True,True
한국방송통신대학교,사회과학대학,미디어영상학과,,,True,True,True
광운대학교,사회과학대학,미디어영상학부,,,True,True,True
순천향대학교,인문과학대학,미디어콘텐츠전공,,,True,True,True
우석대학교,문화사회대학,신문방송학과,,,True,True,True
신라대학교,인문사회과학대학,사학과,,,True,True,True
한남대학교,문과대학,사학과,,,True,True,True
동아대학교,인문과학대학,사학과,,,True,True,True
경상국립대학교,인문대학,사학과,,,True,True,True
경북대학교,인문대학,사학과,,,True,True,True
충남대학교,인문대학,사학과,,,True,True,True
경희대학교,문과대학,사학과,,,True,True,True
서울대학교,인문대학,서양사학과,,,True,True,True
한국성서대학교,단과대구분없음,사회과학부,,,True,True,True
동의대학교,법정대학,사회과학부,,,True,True,True
연세대학교(미래),정경대학,사회과학부,,,True,True,True
제주대학교,법정대학,사회과학학과군,,,True,True,True
고려대학교,문과대학,서어서문학과,,,True,True,True
아신대학교,단과대구분없음,선교학과,,,True,True,True
동국대학교(WISE),사회대학,사회복지학과,,,True,True,True
디지털서울문화예술대학교,단과대구분없음,사회복지학과,,,True,True,True
한신대학교,휴먼서비스대학,사회복지학과,,,True,True,True
목포가톨릭대학교,단과대구분없음,사회복지학과,,,True,True,True
명지대학교,사회과학대학,사회복지학과,,,True,True,True
전북대학교,사회과학대학,사회복지학과,,,True,True,True
동신대학교,보건복지대학,사회복지학과,,,True,True,True
경기대학교,사회과학대학,사회복지학과,,,True,True,True
가톨릭꽃동네대학교,단과대구분없음,사회복지학부,,,True,True,True
동양대학교,단과대구분없음,사회복지학부,,,True,True,True
동덕여자대학교,자연과학대학,사회복지학전공,,,True,True,True
평택대학교,단과대구분없음,사회복지학전공,,,True,True,True
한림대학교,사회과학대학,사회복지학전공,,,True,True,True
경상국립대학교,인문대학,러시아학과,,,True,True,True
동국대학교,사회과학대학,사회언론정보학부,,,True,True,True
충북대학교,사회과학대학,사회학과,,,True,True,True
고려대학교,문과대학,사회학과,,,True,True,True
동국대학교,사회과학대학,사회학과,,,True,True,True
부산대학교,사회과학대학,사회학과,,,True,True,True
성균관대학교,단과대구분없음,소비자가족학전공,,,True,True,True
신라대학교,인문사회과학대학,법경찰학부,,,True,True,True
상지대학교,인문사회과학대학,법률행정학과,,,True,True,True
명지대학교,법과대학,법학과,,,True,True,True
동의대학교,법정대학,법학과,,,True,True,True
전북대학교,법과대학,법학과,,,True,True,True
한경국립대학교,인문사회과학대학,법학과,,,True,True,True
경성대학교,법정대학,법학과,,,True,True,True
순천대학교,사회과학대학,법학과,,,True,True,True
한남대학교,법과대학,법학전공,,,True,True,True
청주대학교,법과대학,법학전공,,,True,True,True
신라대학교,인문사회과학대학,법학전공,,,True,True,True
대구대학교,사회과학대학,산업복지학과,,,True,True,True
한국외국어대학교,서양어대학,스칸디나비아어과,,,True,True,True
호원대학교,사회과학대학,무역경영학부,,,True,True,True
공주대학교,간호보건대학,보건행정학과,,,True,True,True
한국방송통신대학교,사회과학대학,무역학과,,,True,True,True
평택대학교,단과대구분없음,무역학과,,,True,True,True
한성대학교,사회과학대학,무역학과,,,True,True,True
대구대학교,경상대학,무역학과,,,True,True,True
목포대학교,경영대학,무역학과,,,True,True,True
홍익대학교,경영대학,무역학전공,,,True,True,True
강원대학교,인문사회과학대학,문예창작학과,,,True,True,True
대신대학교,단과대구분없음,상담문화영어학부,,,True,True,True
삼육대학교,보건복지대학,상담심리학과,,,True,True,True
신라대학교,인문사회과학대학,문헌정보학과,,,True,True,True
충남대학교,사회과학대학,문헌정보학과,,,True,True,True
서울여자대학교,사회과학대학,문헌정보학과,,,True,True,True
경기대학교,인문대학,문헌정보학과,,,True,True,True
경일대학교,사회과학대학,부동산지적학과,,,True,True,True
경상국립대학교,사범대학,역사교육과,,,True,True,True
한국교원대학교,제2대학,역사교육과,,,True,True,True
총신대학교,단과대구분없음,역사교육과,,,True,True,True
전북대학교,사범대학,역사교육과,,,True,True,True
동국대학교,사범대학,역사교육과,,,True,True,True
고려대학교,단과대구분없음,자유전공학부,,,True,True,True
충남대학교,사회과학대학,자치행정학과,,,True,True,True
서울과학기술대학교,인문사회대학,자치행정학과,,,True,True,True
한양대학교(ERICA),국제문화대학,영미언어문화학과,,,True,True,True
대구한의대학교,문화과학대학,영상문화전공,,,True,True,True
평택대학교,단과대구분없음,재활복지학과,,,True,True,True
평택대학교,단과대구분없음,재활복지학전공,,,True,True,True
경남대학교,법정대학,정치외교학과,,,True,True,True
동의대학교,법정대학,정치외교학과,,,True,True,True
경성대학교,법정대학,정치외교학과,,,True,True,True
부산대학교,사회과학대학,정치외교학과,,,True,True,True
용인대학교,경영행정대학,영어과,,,True,True,True
가톨릭관동대학교,사범대학,영어교육과,,,True,True,True
충남대학교,사범대학,영어교육과,,,True,True,True
영남대학교,문과대학,영어영문과,,,True,True,True
조선대학교,인문과학대학,영어영문학과,,,True,True,True
영남대학교,문과대학,영어영문학과,,,True,True,True
동의대학교,인문대학,영어영문학과,,,True,True,True
홍익대학교,문과대학,영어영문학과,,,True,True,True
인제대학교,인문사회과학대학,영어영문학과,,,True,True,True
경상국립대학교,인문대학,영어영문학과,,,True,True,True
충북대학교,인문대학,영어영문학과,,,True,True,True
호남대학교,인문사회대학,영어영문학과,,,True,True,True
명지대학교,인문대학,영어영문학과,,,True,True,True
성신여자대학교,인문과학대학,영어영문학과,,,True,True,True
창원대학교,인문대학,영어영문학과,,,True,True,True
경성대학교,문과대학,영어영문학과,,,True,True,True
경기대학교,인문대학,영어영문학과,,,True,True,True
동아대학교,인문과학대학,영어영문학부,,,True,True,True
숙명여자대학교,단과대구분없음,영어영문학부,,,True,True,True
동아대학교,인문과학대학,영어영문학전공,,,True,True,True
사이버한국외국어대학교,단과대구분없음,영어학부,,,True,True,True
경희대학교,문과대학,영어학부,,,True,True,True
목원대학교,신학대학,신학과,,,True,True,True
수원가톨릭대학교,단과대구분없음,신학과,,,True,True,True
성공회대학교,단과대구분없음,신학과,,,True,True,True
서울한영대학교,인문대학,신학과,,,True,True,True
영남신학대학교,단과대구분없음,신학과,,,True,True,True
한신대학교,신학대학,신학과,,,True,True,True
대신대학교,단과대구분없음,신학과,,,True,True,True
한국성서대학교,단과대구분없음,신학부,,,True,True,True
한세대학교,단과대구분없음,신학전공,,,True,True,True
서울대학교,사회과학대학,인류학과,,,True,True,True
연세대학교,학부대학,인문계열,,,True,True,True
원광대학교,인문대학,인문학부,,,True,True,True
강원대학교,사회과학대학,심리사회문화인류학과군,,,True,True,True
서울대학교,사회과학대학,심리학과,,,True,True,True
충남대학교,사회과학대학,심리학과,,,True,True,True
중앙대학교,사회과학대학,심리학과,,,True,True,True
전북대학교,사회과학대학,심리학과,,,True,True,True
동서대학교,단과대구분없음,인터넷경영정보학전공,,,True,True,True
우석대학교,보건복지대학,아동복지학과,,,True,True,True
명지대학교,사회과학대학,아동학과,,,True,True,True
목포대학교,생활과학예술체육대학,아동학과,,,True,True,True
가톨릭대학교,단과대구분없음,아동학전공,,,True,True,True
전북대학교,사범대학,일반사회교육과,,,True,True,True
한국방송통신대학교,교육과학대학,유아교육과,,,True,True,True
광주대학교,보건복지교육대학,유아교육과,,,True,True,True
한국국제대학교,교육과학대학,유아교육과,,,True,True,True
성결대학교,사범대학,유아교육과,,,True,True,True
목원대학교,사범대학,유아교육과,,,True,True,True
총신대학교,단과대구분없음,유아교육과,,,True,True,True
조선대학교,외국어대학,일본어과,,,True,True,True
대구한의대학교,국제문화정보대학,일본어전공,,,True,True,True
사이버한국외국어대학교,단과대구분없음,일본어학부,,,True,True,True
한양대학교(ERICA),국제문화대학,일본언어문화학과,,,True,True,True
한서대학교,단과대구분없음,일본학과,,,True,True,True
상명대학교,사범대학,일어교육과,,,True,True,True
원광대학교,사범대학,일어교육과,,,True,True,True
영남대학교,문과대학,일어일문과,,,True,True,True
부경대학교,인문사회과학대학,일어일문학부,,,True,True,True
가톨릭대학교,단과대구분없음,일어일본문화전공,,,True,True,True
충남대학교,사회과학대학,언론정보학과,,,True,True,True
경희대학교,정경대학,언론정보학부,,,True,True,True
남부대학교,단과대구분없음,유아특수교육과,,,True,True,True
동국대학교,경영대학,정보관리학전공,,,True,True,True
연세대학교,사회과학대학,언론홍보영상학부,,,True,True,True
서울여자대학교,사회과학대학,언론홍보학전공,,,True,True,True
충남대학교,인문대학,언어학과,,,True,True,True
경성대학교,문과대학,윤리교육과,,,True,True,True
동국대학교,문과대학,윤리문화학전공,,,True,True,True
나사렛대학교,단과대구분없음,음악목회학전공,,,True,True,True
부산대학교,단과대구분없음,관광컨벤션학부,,,True,True,True
경상국립대학교,사회과학대학,행정학과,,,True,True,True
한국외국어대학교,사회과학대학,행정학과,,,True,True,True
배재대학교,서재필대학,행정학과,,,True,True,True
목원대학교,사회과학대학,행정학과,,,True,True,True
성균관대학교,사회과학대학,행정학과,,,True,True,True
서울여자대학교,사회과학대학,행정학과,,,True,True,True
강원대학교,인문사회과학대학,행정학과,,,True,True,True
동국대학교(WISE),법정대학,행정학전공,,,True,True,True
동국대학교,사회과학대학,행정학전공,,,True,True,True
덕성여자대학교,인문과학대학,철학과,,,True,True,True
성균관대학교,문과대학,철학과,,,True,True,True
전북대학교,인문대학,철학과,,,True,True,True
경남대학교,문과대학,철학과,,,True,True,True
동국대학교,문과대학,철학과,,,True,True,True
강릉원주대학교,인문대학,철학과,,,True,True,True
전주대학교,문화관광대학,호텔경영전공,,,True,True,True
세명대학교,사회과학대학,호텔경영학과,,,True,True,True
숭실대학교,경영대학,벤처중소기업학과,,,True,True,True
단국대학교,사범대학,특수교육과,,,True,True,True
광주교육대학교,단과대구분없음,초등교육과,,,True,True,True
춘천교육대학교,단과대구분없음,초등국어교육과(심화과정),,,True,True,True
춘천교육대학교,단과대구분없음,초등미술교육과(심화과정),,,True,True,True
서울교육대학교,단과대구분없음,초등수학교육과(심화과정),,,True,True,True
청주교육대학교,단과대구분없음,초등수학교육과(심화과정),,,True,True,True
공주교육대학교,사범대학,초등영어교육과(심화과정),,,True,True,True
한양대학교(ERICA),언론정보대학,홍보전공,,,True,True,True
공주교육대학교,사범대학,초등체육교육과(심화과정),,,True,True,True
경상국립대학교,사회과학대학,정치행정학부,,,True,True,True
경희대학교,호텔관광대학,컨벤션경영학과,,,True,True,True
한국외국어대학교,서양어대학,프랑스어과,,,True,True,True
성균관대학교,문과대학,프랑스어문학과,,,True,True,True
한양대학교(ERICA),단과대구분없음,학연산클러스터사업단,,,True,True,True
서강대학교,문과대학,종교학전공,,,True,True,True
원광대학교,인문대학,한국어문학부,,,True,True,True
우석대학교,문화사회대학,한국어학과,,,True,True,True
사이버한국외국어대학교,단과대구분없음,한국어학부,,,True,True,True
서울신학대학교,단과대구분없음,중국어과,,,True,True,True
우석대학교,문화사회대학,중국어과,,,True,True,True
서울시립대학교,인문대학,중국어문화학과,,,True,True,True
신라대학교,인문사회과학대학,중국어중국학과,,,True,True,True
금강대학교,단과대구분없음,중국어통번역학과,,,True,True,True
원광대학교,사범대학,한문교육과,,,True,True,True
충남대학교,인문대학,한문학과,,,True,True,True
영남대학교,문과대학,중국언어문화학부,,,True,True,True
한신대학교,글로벌협력대학,중국지역학과,,,True,True,True
한림대학교,인문대학,중국학과,,,True,True,True
창원대학교,사회과학대학,중국학과,,,True,True,True
청주대학교,단과대구분없음,중국학부,,,True,True,True
을지대학교,보건산업대학,중독재활복지학과,,,True,True,True
원광대학교,사범대학,중등특수교육과,,,True,True,True
강원대학교,인문대학,중어중문일본학과군,,,True,True,True
한국방송통신대학교,인문과학대학,중어중문학과,,,True,True,True
숭실대학교,인문대학,중어중문학과,,,True,True,True
경기대학교,인문대학,중어중문학과,,,True,True,True
군산대학교,인문대학,중어중문학과,,,True,True,True
강릉원주대학교,인문대학,중어중문학과,,,True,True,True
영남대학교,단과대구분없음,중어중문학전공,,,True,True,True
이화여자대학교,인문과학대학,중어중문학전공,,,True,True,True
대구한의대학교,국제문화정보대학,한약재유통전공,,,True,True,True
한국교원대학교,제2대학,지리교육과,,,True,True,True
부산대학교,사범대학,지리교육과,,,True,True,True
한국항공대학교,항공-경영대학,항공우주법학과,,,True,True,True
한국예술종합학교,연극원,극작과,,,True,True,True
한국예술종합학교,영상원,방송영상과,,,True,True,True
전주대학교,인문대학,경배와찬양학과,,,True,True,True
인하대학교,법과대학,지적재산권학전공,,,True,True,True
한국해양대학교,국제대학,해양행정학과,,,True,True,True
수원대학교,경상대학,글로벌비즈니스학과,,,True,True,True
전북대학교,인문대학,인문학부(사학전공),,,True,True,True
전북대학교,인문대학,인문학부(철학전공),,,True,True,True
전남대학교,단과대구분없음,자율전공학부(인문・자연),,,True,True,True
충북대학교,단과대구분없음,자율전공학부(인문・자연),,,True,True,True
전북대학교,사회과학대학,정치사회학부(정치외교학전공),,,True,True,True
전북대학교,사회과학대학,언론심리학부(신문방송학전공),,,True,True,True
대구교육대학교,교육대학,특수(통합)교육과(심화과정),,,True,True,True
숙명여자대학교,단과대구분없음,글로벌서비스학부,,,True,True,True
서강대학교,단과대구분없음,공공인재전공,,,True,True,True
남서울대학교,단과대구분없음,복지경영학과,,,True,True,True
성균관대학교,단과대구분없음,글로벌경제학전공,,,True,True,True
국민대학교,경영대학,기업경영전공,,,True,True,True
한국방송통신대학교,교육과학대학,청소년교육과,,,True,True,True
부경대학교,수산과학대학,해양산업경영학과,,,True,True,True
화신사이버대학교,단과대구분없음,실용일본어학과,,,True,True,True
호서대학교,사회과학대학,기술경영학전공,,,True,True,True
충남대학교,자유전공학부,리더십과조직과학전공,,,True,True,True
호남대학교,경영대학,문화산업경영학과,,,True,True,True
중앙대학교,사회과학대학,정치국제학과,,,True,True,True
세종대학교,호텔관광대학,호텔관광외식경영학부,,,True,True,True
대구한의대학교,국제문화정보대학,한약재통상전공,,,True,True,True
한국기술교육대학교,단과대구분없음,교양학부,,,True,True,True
군산대학교,인문대학,일어일문학과,,,True,True,True
배재대학교,하워드대학,국어국문학과,,,True,True,True
가톨릭대학교,단과대구분없음,사회학전공,,,True,True,True
충북대학교,법과대학,법학부,,,True,True,True
부산대학교,사범대학,특수교육과,,,True,True,True
광주대학교,경영대학,관광경영학과,,,True,True,True
순천향대학교,사회과학대학,행정학과,,,True,True,True
글로벌사이버대학교,단과대구분없음,문화콘텐츠기획전공,,,True,True,True
한국침례신학대학교,단과대구분없음,신학과,,,True,True,True
이화여자대학교,인문과학대학,철학전공,,,True,True,True
서울여자대학교,사회과학대학,교육심리학과,,,True,True,True
청주교육대학교,단과대구분없음,초등체육교육과(심화과정),,,True,True,True
대전대학교,사회과학대학,경찰학과,,,True,True,True
전주대학교,사회과학대학,법학전공,,,True,True,True
경북대학교,사회과학대학,신문방송학과,,,True,True,True
서울여자대학교,단과대구분없음,기타모집단위,,,True,True,True
동국대학교(WISE),인문과학대학,중어중문학과,,,True,True,True
경일대학교,단과대구분없음,산업경영학과,,,True,True,True
용인대학교,보건복지대학,노인재활복지학과,,,True,True,True
성균관대학교,단과대구분없음,정치외교학전공,,,True,True,True
제주대학교,인문대학,서양어문학학과군,,,True,True,True
국민대학교,사회과학대학,언론정보학부,,,True,True,True
제주대학교,인문대학,사학과,,,True,True,True
부경대학교,인문사회과학대학,동북아전공,,,True,True,True
한국침례신학대학교,단과대구분없음,유아교육과,,,True,True,True
서원대학교,사범대학,사회교육과,,,True,True,True
연세대학교,학부대학,교양과,,,True,True,True
한국외국어대학교,서양어대학,네덜란드어과,,,True,True,True
가톨릭대학교,단과대구분없음,법경학부,,,True,True,True
서울여자대학교,단과대구분없음,자율전공학부(인문사회계열),,,True,True,True
영남대학교,법과대학,법학부,,,True,True,True
한양대학교,경영대학,파이낸스경영학과,,,True,True,True
용인대학교,산업정보대학,경영학부,,,True,True,True
이화여자대학교,사회과학대학,경제학전공,,,True,True,True
국민대학교,문과대학,국사학과,,,True,True,True
숭실대학교,인문대학,독어독문학과,,,True,True,True
대전대학교,사회과학대학,사회복지학과,,,True,True,True
고려대학교,문과대학,한문학과,,,True,True,True
고신대학교,신학대학,신학과,,,True,True,True
한국외국어대학교,서양어대학,포르투갈(브라질)어과,,,True,True,True
한동대학교,단과대구분없음,상담심리사회복지학부,,,True,True,True
동국대학교,문과대학,영어통번역전공,,,True,True,True
서울교육대학교,단과대구분없음,초등미술교육과(심화과정),,,True,True,True
제주대학교,교육대학,초등교육과,,,True,True,True
성신여자대학교,사회과학대학,심리학과,,,True,True,True
경희대학교,외국어대학,스페인어학과,,,True,True,True
춘천교육대학교,단과대구분없음,초등과학교육과(심화과정),,,True,True,True
서울장신대학교,단과대구분없음,사회복지학과,,,True,True,True
호서대학교,사회과학대학,경제학과,,,True,True,True
강원대학교,경영대학,경영학전공,,,True,True,True
세종대학교,경영대학,경영학전공,,,True,True,True
강릉원주대학교,사회과학대학,국제통상학과,,,True,True,True
청운대학교,호텔관광대학,호텔관광경영학부,,,True,True,True
서울교육대학교,단과대구분없음,초등사회과교육과(심화과정),,,True,True,True
전남대학교,사범대학,사회교육학부,,,True,True,True
대구한의대학교,국제문화정보대학,외국어학부,,,True,True,True
영남신학대학교,단과대구분없음,사회복지학과,,,True,True,True
부산대학교,인문대학,중어중문학과,,,True,True,True
서울디지털대학교,단과대구분없음,경영학과,,,True,True,True
한국교통대학교,단과대구분없음,교직부,,,True,True,True
가톨릭관동대학교,사범대학,지리교육과,,,True,True,True
대구대학교,인문대학,국어국문학과,,,True,True,True
세종대학교,인문과학대학,교육학과,,,True,True,True
한양사이버대학교,단과대구분없음,호텔관광외식경영학과,,,True,True,True
호원대학교,사회과학대학,디지털경영학부,,,True,True,True
대구가톨릭대학교,사범대학,역사교육과,,,True,True,True
남서울대학교,단과대구분없음,부동산학과,,,True,True,True
원광디지털대학교,단과대구분없음,경찰학과,,,True,True,True
성신여자대학교,인문과학대학,중어중문학과,,,True,True,True
경상국립대학교,인문대학,불어불문학과,,,True,True,True
디지털서울문화예술대학교,단과대구분없음,평생교육청소년학과,,,True,True,True
고려대학교,사범대학,국어교육과,,,True,True,True
숭실대학교,인문대학,불어불문학과,,,True,True,True
한국열린사이버대학교,단과대구분없음,인문사회계열,,,True,True,True
울산과학기술원,단과대구분없음,테크노경영학부,,,True,True,True
서울여자대학교,사회과학대학,경제학과,,,True,True,True
중앙대학교,사회과학대학,사회복지학부(아동복지전공),,,True,True,True
동아대학교,인문과학대학,영어영문학과,,,True,True,True
덕성여자대학교,인문과학대학,일어일문학과,,,True,True,True
울산대학교,인문대학,철학과,,,True,True,True
부산교육대학교,단과대구분없음,영어교육과,,,True,True,True
세종대학교,인문과학대학,교육학전공,,,True,True,True
창원대학교,사회과학대학,행정학과,,,True,True,True
동양대학교,단과대구분없음,문화재학과,,,True,True,True
순천대학교,단과대구분없음,자유전공학부(인문사회),,,True,True,True
한국예술종합학교,협동과정,예술경영과,,,True,True,True
경동대학교,단과대구분없음,유아교육과,,,True,True,True
전남대학교,인문대학,중어중문학과,,,True,True,True
숙명여자대학교,문과대학,역사문화학과,,,True,True,True
전북대학교,사회과학대학,사회학과,,,True,True,True
경남대학교,법정대학,경찰학과,,,True,True,True
부경대학교,인문사회과학대학,경제학부,,,True,True,True
제주대학교,경상대학,경영정보학과,,,True,True,True
세종대학교,호텔관광대학,관광경영전공,,,True,True,True
동명대학교,보건복지교육대학,유아교육과,,,True,True,True
강원대학교,사회과학대학,문화인류학과,,,True,True,True
동양대학교,단과대구분없음,철도경영학과,,,True,True,True
연세대학교,문과대학,불어불문학과,,,True,True,True
청주대학교,사회과학대학,행정학과,,,True,True,True
한세대학교,단과대구분없음,문화스포츠선교학전공,,,True,True,True
성균관대학교,문과대학,러시아어문학과,,,True,True,True
안양대학교,사회과학대학,행정학과,,,True,True,True
경주대학교,단과대구분없음,국제화교양과정부,,,True,True,True
경상국립대학교,사회과학대학,사회복지심리학과군,,,True,True,True
동양대학교,단과대구분없음,유아교육과,,,True,True,True
서울교육대학교,단과대구분없음,초등국어교육과(심화과정),,,True,True,True
건국대학교,문과대학,중어중문학과,,,True,True,True
전주교육대학교,단과대구분없음,국어교육과(심화전공),,,True,True,True
배재대학교,서재필대학,법학부,,,True,True,True
한국외국어대학교,서양어대학,노어과,,,True,True,True
제주국제대학교,단과대구분없음,항공서비스경영학과,,,True,True,True
총신대학교,단과대구분없음,영어교육과,,,True,True,True
대전대학교,경영대학,경영학과,,,True,True,True
배재대학교,서재필대학,법학전공,,,True,True,True
을지대학교,보건산업대학,장례지도학과,,,True,True,True
동국대학교,경영대학,경영학전공,,,True,True,True
영남대학교,상경대학,경제금융전공,,,True,True,True
강원대학교,인문대학,독어독문학과,,,True,True,True
경기대학교,경상대학,경영학과,,,True,True,True
홍익대학교,경영대학,경영학부,,,True,True,True
연세대학교,문과대학,중어중문학과,,,True,True,True
강원대학교,법과대학,법학부,,,True,True,True
가톨릭관동대학교,경찰법정대학,경찰행정학부,,,True,True,True
대구대학교,사범대학,국어교육과,,,True,True,True
한국외국어대학교,서양어대학,독일어과,,,True,True,True
세종대학교,인문과학대학,영어영문학과,,,True,True,True
조선대학교,인문과학대학,한문학과,,,True,True,True
가톨릭관동대학교,사범대학,국어교육과,,,True,True,True
세명대학교,사회과학대학,경영학과,,,True,True,True
서강대학교,문과대학,영미어문전공,,,True,True,True
명지대학교,사회과학대학,사회과학대학,,,True,True,True
중원대학교,단과대구분없음,사회과학부,,,True,True,True
평택대학교,단과대구분없음,사회복지학과,,,True,True,True
한경국립대학교,인문사회과학대학,행정학과,,,True,True,True
전남대학교,문화사회과학대학,경상학부,,,True,True,True
순천대학교,사범대학,국어교육과,,,True,True,True
청운대학교,호텔관광대학,호텔관광경영학과,,,True,True,True
동의대학교,인문대학,유아교육과,,,True,True,True
가톨릭대학교,단과대구분없음,영어영미문화전공,,,True,True,True
창원대학교,경상대학,경영학과,,,True,True,True
신라대학교,인문사회과학대학,사회복지학과,,,True,True,True
숭실대학교,인문대학,영어영문학과,,,True,True,True
서울교육대학교,단과대구분없음,초등체육교육과(심화과정),,,True,True,True
경기대학교,인문대학,문예창작학과,,,True,True,True
인하대학교,법과대학,법학부,,,True,True,True
영남대학교,기초교육대학,천마인재학부,,,True,True,True
글로벌사이버대학교,단과대구분없음,동양학전공,,,True,True,True
인천가톨릭대학교,신학대학,신학과,,,True,True,True
한국기술교육대학교,단과대구분없음,산업경영학부,,,True,True,True
이화여자대학교,경영대학,경영학부,,,True,True,True
광주여자대학교,단과대구분없음,보건행정학과,,,True,True,True
삼육대학교,인문사회대학,유아교육과,,,True,True,True
대구한의대학교,국제문화정보대학,한국어학전공,,,True,True,True
동국대학교,문과대학,사학전공,,,True,True,True
서원대학교,사범대학,국어교육과,,,True,True,True
이화여자대학교,생활환경대학,소비자인간발달학전공,,,True,True,True
한국열린사이버대학교,인문사회대학,상담심리학과,,,True,True,True
충남대학교,인문대학,일어일문학과,,,True,True,True
덕성여자대학교,인문과학대학,국어국문학과,,,True,True,True
성균관대학교,문과대학,한문학과,,,True,True,True
삼육대학교,인문사회대학,경영학과,,,True,True,True
청주교육대학교,단과대구분없음,초등사회과교육과(심화과정),,,True,True,True
단국대학교,법과대학,법학과,,,True,True,True
서울대학교,자유전공학부,자유전공학부,,,True,True,True
강원대학교,경영대학,경영관광학부,,,True,True,True
숙명여자대학교,사회과학대학,사회심리학과,,,True,True,True
한밭대학교,경상대학,경제학과,,,True,True,True
대구대학교,행정대학,부동산학과,,,True,True,True
대구대학교,인문대학,불어불문학과,,,True,True,True
세종대학교,단과대구분없음,자유전공학부,,,True,True,True
동아대학교,경영대학,관광경영학과,,,True,True,True
우석대학교,사범대학,국어교육과,,,True,True,True
남서울대학교,단과대구분없음,영어과,,,True,True,True
국민대학교,문과대학,교육학과,,,True,True,True
동국대학교,문과대학,국어국문학전공,,,True,True,True
한양대학교,인문과학대학,사학과,,,True,True,True
호원대학교,사회과학대학,행정학부,,,True,True,True
동국대학교(WISE),인문과학대학,인문과학대학,,,True,True,True
제주대학교,사회과학대학,정치외교학과,,,True,True,True
고려대학교(세종),경상대학,무역학과,,,True,True,True
경희대학교,정경대학,경제학부,,,True,True,True
동의대학교,상경대학,경영정보학과,,,True,True,True
광신대학교,단과대구분없음,사회복지상담학과,,,True,True,True
용인대학교,경영행정대학,경찰행정학과,,,True,True,True
호원대학교,사회과학대학,법경찰학부,,,True,True,True
한양대학교,경영대학,경영학부,,,True,True,True
전주대학교,인문대학,신학전공,,,True,True,True
광주여자대학교,단과대구분없음,초등특수교육과,,,True,True,True
충북대학교,사범대학,윤리교육과,,,True,True,True
영남대학교,자연자원대학,외식산업학전공,,,True,True,True
고려대학교(세종),인문대학,북한학과,,,True,True,True
강서대학교,단과대구분없음,아동복지상담심리학부(상담심리학전공),,,True,True,True
서울여자대학교,인문대학,일어일문학과,,,True,True,True
춘천교육대학교,단과대구분없음,초등수학교육과(심화과정),,,True,True,True
한신대학교,사회과학대학,경제학과,,,True,True,True
세명대학교,인문대학,한국어문학과,,,True,True,True
원광디지털대학교,단과대구분없음,실용복지학부,,,True,True,True
경북대학교,사회과학대학,심리학과,,,True,True,True
동신대학교,사회과학대학,경찰행정학과,,,True,True,True
이화여자대학교,인문과학대학,사학전공,,,True,True,True
부산대학교,사회과학대학,심리학과,,,True,True,True
영남대학교,단과대구분없음,국제학전공,,,True,True,True
평택대학교,단과대구분없음,신학전공,,,True,True,True
평택대학교,단과대구분없음,국제통상학전공,,,True,True,True
중앙대학교,경영경제대학,광고홍보학과,,,True,True,True
공주대학교,인문사회과학대학,경제통상학부,,,True,True,True
홍익대학교,단과대구분없음,경제학부,,,True,True,True
배재대학교,하워드대학,유아교육과,,,True,True,True
원광대학교,인문대학,중어중문학과,,,True,True,True
전주대학교,경영대학,광고홍보전공,,,True,True,True
부산가톨릭대학교,신학대학,신학과,,,True,True,True
전주대학교,사범대학,교육학과,,,True,True,True
동명대학교,보건복지교육대학,사회복지학과,,,True,True,True
상지대학교,경상대학,경영정보학과,,,True,True,True
목포대학교,사회과학대학,행정학과,,,True,True,True
대진대학교,단과대구분없음,교직과,,,True,True,True
순복음총회신학교,단과대구분없음,신학과,,,True,True,True
광주교육대학교,단과대구분없음,사회과교육과(심화전공),,,True,True,True
국민대학교,경영대학,기업경영학부,,,True,True,True
안양대학교,신학대학,신학과,,,True,True,True
장로회신학대학교,단과대구분없음,신학과,,,True,True,True
동국대학교,사회과학대학,국제학과,,,True,True,True
창원대학교,사회과학대학,신문방송학과,,,True,True,True
경기대학교,인문대학,일어일문학과,,,True,True,True
평택대학교,단과대구분없음,경영학과,,,True,True,True
한국방송통신대학교,인문과학대학,국어국문학과,,,True,True,True
경주대학교,단과대구분없음,기타모집단위,,,True,True,True
한신대학교,사회과학대학,국제관계학전공,,,True,True,True
금강대학교,단과대구분없음,행정학과,,,True,True,True
김천대학교,단과대구분없음,기타모집단위,,,True,True,True
성균관대학교,사회과학대학,신문방송학과,,,True,True,True
창원대학교,사회과학대학,법학과,,,True,True,True
경기대학교,인문대학,러시아어문학과,,,True,True,True
단국대학교,상경대학,경제학과,,,True,True,True
성결대학교,인문대학,중어중문학과,,,True,True,True
계명대학교,사범대학,국어교육과,,,True,True,True
중앙대학교,사회과학대학,사회학과,,,True,True,True
광주여자대학교,단과대구분없음,어린이영어교육학과,,,True,True,True
숙명여자대학교,문과대학,교육학부,,,True,True,True
총신대학교,단과대구분없음,아동학과,,,True,True,True
서강대학교,문과대학,철학전공,,,True,True,True
고려대학교,사범대학,역사교육과,,,True,True,True
청주대학교,사범대학,지리교육과,,,True,True,True
한양대학교,사범대학,영어교육과,,,True,True,True
용인대학교,경영행정대학,중국학과,,,True,True,True
조선대학교,외국어대학,프랑스어과,,,True,True,True
한남대학교,사범대학,영어교육과,,,True,True,True
가톨릭관동대학교,관광의료복지대학,항공여행학전공,,,True,True,True
호원대학교,사회과학대학,경제통상정보학부,,,True,True,True
광운대학교,동북아대학,한일통상전공,,,True,True,True
강서대학교,단과대구분없음,사회복지학부,,,True,True,True
고려대학교,단과대구분없음,미디어학부,,,True,True,True
협성대학교,인문사회과학대학,사회복지학과,,,True,True,True
동양대학교,단과대구분없음,행정경찰학부,,,True,True,True
배재대학교,하워드대학,중국어학전공,,,True,True,True
이화여자대학교,사회과학대학,행정학전공,,,True,True,True
숭실대학교,사회과학대학,정보사회학과,,,True,True,True
호서대학교,사회과학대학,법학과,,,True,True,True
강릉원주대학교,인문대학,독어독문학과,,,True,True,True
안양대학교,사회과학대학,경영학과,,,True,True,True
고려대학교,사범대학,교육학과,,,True,True,True
서울대학교,인문대학,노어노문학과,,,True,True,True
대구대학교,사범대학,특수교육과,,,True,True,True
경희대학교,외국어대학,글로벌커뮤니케이션학부,,,True,True,True
안양대학교,신학대학,기독교교육과,,,True,True,True
공주대학교,인문사회과학대학,국제통상학전공,,,True,True,True
한남대학교,문과대학,독일어문학과,,,True,True,True
영남대학교,상경대학,경제금융학부,,,True,True,True
한국교원대학교,제1대학,유아교육과,,,True,True,True
서울대학교,인문대학,인문대학,,,True,True,True
가톨릭관동대학교,경영대학,경영학과,,,True,True,True
세종대학교,사회과학대학,신문방송학과,,,True,True,True
강원대학교,인문사회과학대학,영미언어문화학과,,,True,True,True
동국대학교,불교대학,선학과,,,True,True,True
평택대학교,단과대구분없음,일본학과,,,True,True,True
글로벌사이버대학교,단과대구분없음,마케팅전공,,,True,True,True
건국대학교,상경대학,상경대학,,,True,True,True
목포대학교,사회과학대학,사회과학부,,,True,True,True
대구가톨릭대학교,사범대학,교육학과,,,True,True,True
나사렛대학교,단과대구분없음,중등특수교육과,,,True,True,True
서울시립대학교,정경대학,국제관계학과,,,True,True,True
전북대학교,사범대학,교육학과,,,True,True,True
동국대학교(WISE),상경대학,경제학전공,,,True,True,True
강원대학교,인문사회과학대학,지역경제학과,,,True,True,True
동아대학교,경영대학,경영학과,,,True,True,True
세명대학교,사회과학대학,법학과,,,True,True,True
군산대학교,인문대학,사학과,,,True,True,True
경성대학교,문과대학,한문학과,,,True,True,True
경성대학교,문과대학,일어일문학과,,,True,True,True
성공회대학교,단과대구분없음,경영학부,,,True,True,True
청주교육대학교,단과대구분없음,초등영어교육과(심화과정),,,True,True,True
광운대학교,인문대학,영어영문학과,,,True,True,True
경상국립대학교,사범대학,교육학과,,,True,True,True
강원대학교,경영대학,경제무역학부,,,True,True,True
호서대학교,인문대학,사회복지학전공,,,True,True,True
동국대학교,경영대학,경영정보학전공,,,True,True,True
전주대학교,경영대학,경제학과,,,True,True,True
한라대학교,경영사회대학,무역통상학과,,,True,True,True
대구대학교,법과대학,법학부(사법학전공),,,True,True,True
충북대학교,인문대학,불어불문학과,,,True,True,True
호서대학교,사회과학대학,경영학과,,,True,True,True
경북대학교,사범대학,교육학과,,,True,True,True
순천향대학교,글로벌경영대학,경영학과,,,True,True,True
경상국립대학교,사범대학,지리교육과,,,True,True,True
신라대학교,인문사회과학대학,영어영문학전공,,,True,True,True
청주교육대학교,단과대구분없음,초등윤리교육과(심화과정),,,True,True,True
호서대학교,사회과학대학,산업심리학과,,,True,True,True
성균관대학교,법과대학,법학과,,,True,True,True
강원대학교,인문사회과학대학,행정경제학과군,,,True,True,True
용인대학교,산업정보대학,관광학과,,,True,True,True
평택대학교,단과대구분없음,행정학전공,,,True,True,True
부산장신대학교,인문대학,신학과,,,True,True,True
한일장신대학교,단과대구분없음,신학부,,,True,True,True
중앙대학교,사회과학대학,사회복지학부,,,True,True,True
부산대학교,단과대구분없음,교양학부(예체능계열),,,True,True,True
숭실대학교,사회과학대학,행정학부,,,True,True,True
가톨릭관동대학교,관광스포츠대학,호텔경영학전공,,,True,True,True
전주대학교,사회과학대학,상담심리학전공,,,True,True,True
제주대학교,인문대학,인문사회학학과군,,,True,True,True
제주국제대학교,단과대구분없음,사회복지학과,,,True,True,True
호서대학교,사회과학대학,해외개발학과,,,True,True,True
초당대학교,단과대구분없음,사회복지학과,,,True,True,True
서원대학교,사범대학,교육학과,,,True,True,True
경상국립대학교,사범대학,일반사회교육과,,,True,True,True
경기대학교,경상대학,무역학과,,,True,True,True
전주교육대학교,단과대구분없음,초등교육학과(심화과정),,,True,True,True
경기대학교,관광대학,호텔경영학과,,,True,True,True
전주대학교,인문대학,인문학부,,,True,True,True
조선대학교,사범대학,독어교육과,,,True,True,True
가톨릭관동대학교,경찰법정대학,행정학과,,,True,True,True
가톨릭대학교,단과대구분없음,국제통상전공,,,True,True,True
경상국립대학교,법과대학,법학과,,,True,True,True
한국항공대학교,단과대구분없음,영어학과,,,True,True,True
청주대학교,경상대학,경제학과,,,True,True,True
강원대학교,경영대학,경제학전공,,,True,True,True
금강대학교,단과대구분없음,국제통상학과,,,True,True,True
평택대학교,단과대구분없음,e-비즈니스및창업학전공,,,True,True,True
제주대학교,경상대학,경제학과,,,True,True,True
계명대학교,사회과학대학,문헌정보학과,,,True,True,True
서울대학교,사범대학,불어교육과,,,True,True,True
경성대학교,문과대학,사학과,,,True,True,True
동국대학교,예술대학,문예창작학과,,,True,True,True
고려대학교(세종),인문대학,영어영문학과,,,True,True,True
울산과학기술원,단과대구분없음,기초과정부(경영계열),,,True,True,True
상명대학교,사범대학,교육학과,,,True,True,True
경북대학교,인문대학,중어중문학과,,,True,True,True
백석대학교,단과대구분없음,특수교육과,,,True,True,True
강릉원주대학교,사회과학대학,관광경영학과,,,True,True,True
청주대학교,인문대학,불어불문학전공,,,True,True,True
성균관대학교,사회과학대학,사회복지학과,,,True,True,True
전북대학교,상과대학,무역학과,,,True,True,True
경기대학교,사회과학대학,행정학과,,,True,True,True
동의대학교,인문대학,일어일문학과,,,True,True,True
전북대학교,사범대학,영어교육과,,,True,True,True
한양대학교(ERICA),국제문화대학,문화인류학과,,,True,True,True
아신대학교,단과대구분없음,선교영어학과,,,True,True,True
목원대학교,사범대학,국어교육과,,,True,True,True
한국열린사이버대학교,인문사회대학,부동산학과,,,True,True,True
경일대학교,글로벌경영대학,경영학부,,,True,True,True
순천향대학교,인문과학대학,국제어문학부,,,True,True,True
전남대학교,사회과학대학,사회학과,,,True,True,True
신라대학교,인문사회과학대학,사학전공,,,True,True,True
목포대학교,인문대학,고고학과,,,True,True,True
중앙승가대학교,단과대구분없음,역경학과,,,True,True,True
안동대학교,사범대학,영어교육과,,,True,True,True
광주교육대학교,단과대구분없음,특수(통합)교육과(심화과정),,,True,True,True
강원대학교,인문대학,사학과,,,True,True,True
세종대학교,경영대학,경영학부,,,True,True,True
동국대학교,법과대학,법학과,,,True,True,True
광주여자대학교,단과대구분없음,사회복지학과,,,True,True,True
서울장신대학교,단과대구분없음,신학과,,,True,True,True
배재대학교,서재필대학,무역학과,,,True,True,True
고려사이버대학교,단과대구분없음,부동산학과,,,True,True,True
성균관대학교,단과대구분없음,아동학전공,,,True,True,True
한양대학교,단과대구분없음,국제학부,,,True,True,True
숙명여자대학교,사회과학대학,행정학과,,,True,True,True
전북대학교,인문대학,고고문화인류학과,,,True,True,True
대구한의대학교,국제문화정보대학,한문학전공,,,True,True,True
목포대학교,인문대학,독일언어문화학과,,,True,True,True
부산대학교,단과대구분없음,교양학부(의학계열),,,True,True,True
단국대학교,단과대구분없음,문과대학,,,True,True,True
청주대학교,사회과학대학,신문방송학과,,,True,True,True
중앙대학교,사범대학,영어교육과,,,True,True,True
서원대학교,사범대학,유아교육과,,,True,True,True
협성대학교,인문사회과학대학,문예창작학과,,,True,True,True
동의대학교,법정대학,행정학과,,,True,True,True
가톨릭관동대학교,경영대학,경영정보학과,,,True,True,True
한서대학교,단과대구분없음,문예창작학과,,,True,True,True
부산교육대학교,단과대구분없음,실과교육과,,,True,True,True
가톨릭관동대학교,경영대학,광고홍보학과,,,True,True,True
동아대학교,사회과학대학,사회복지학과,,,True,True,True
연세대학교,사회과학대학,사회복지학과,,,True,True,True
고려대학교,문과대학,철학과,,,True,True,True
상명대학교,인문사회과학대학,가족복지학과,,,True,True,True
동국대학교,경영대학,경영정보학과,,,True,True,True
성신여자대학교,인문과학대학,독어독문학과,,,True,True,True
경북대학교,법과대학,행정학과,,,True,True,True
대구한의대학교,국제문화정보대학,유통경제학부,,,True,True,True
동덕여자대학교,사회대학,아동학과,,,True,True,True
대구대학교,사회과학대학,문헌정보학과,,,True,True,True
경인교육대학교,단과대구분없음,초등교육과,,,True,True,True
배재대학교,하워드대학,중국통상학전공,,,True,True,True
서울디지털대학교,단과대구분없음,상담심리학과,,,True,True,True
인하대학교,사범대학,영어교육과,,,True,True,True
상명대학교,사범대학,영어교육과,,,True,True,True
동의대학교,법정대학,사회복지학과,,,True,True,True
동서대학교,단과대구분없음,경영정보학전공,,,True,True,True
대구한의대학교,단과대구분없음,자율전공,,,True,True,True
대구한의대학교,단과대구분없음,경영학부,,,True,True,True
수원대학교,경상대학,호텔관광경영학과,,,True,True,True
동국대학교,사회과학대학,경제통상학부,,,True,True,True
대구대학교,행정대학,행정학과,,,True,True,True
동국대학교,사범대학,국어교육과,,,True,True,True
동신대학교,문화관광대학,스튜어디스학과,,,True,True,True
성균관대학교,단과대구분없음,신문방송학전공,,,True,True,True
삼육대학교,인문사회대학,경영정보학과,,,True,True,True
동덕여자대학교,인문대학,인문학부,,,True,True,True
경기대학교,경상대학,경제학과,,,True,True,True
한남대학교,사회과학대학,도시부동산학과,,,True,True,True
대구교육대학교,교육대학,초등체육교육과(심화과정),,,True,True,True
숭실대학교,단과대구분없음,교직과정,,,True,True,True
서울대학교,사범대학,사회교육과,,,True,True,True
울산대학교,경영대학,경영학전공(야간),,,True,True,True
경기대학교,사회과학대학,경찰행정학과,,,True,True,True
성균관대학교,단과대구분없음,사회복지학전공,,,True,True,True
강원대학교,인문대학,사학철학과군,,,True,True,True
조선대학교,사범대학,영어교육과,,,True,True,True
가톨릭관동대학교,인문대학,영어영문학과,,,True,True,True
전남대학교,사회과학대학,정치외교학과,,,True,True,True
세명대학교,인문대학,중국어학과,,,True,True,True
한국예술종합학교,협동과정,서사창작과,,,True,True,True
경성대학교,문과대학,철학과,,,True,True,True
경성대학교,상경대학,경영학부,,,True,True,True
신라대학교,인문사회과학대학,일어일문학과,,,True,True,True
중원대학교,단과대구분없음,국제비지니스학부,,,True,True,True
신라대학교,인문사회과학대학,중국학과,,,True,True,True
창원대학교,인문대학,특수교육과,,,True,True,True
청주대학교,경상대학,경영학과,,,True,True,True
신라대학교,상경대학,광고홍보학전공,,,True,True,True
세종대학교,사회과학대학,경제학전공,,,True,True,True
동의대학교,인문대학,유아교육학과,,,True,True,True
부경대학교,인문사회과학대학,영어영문학과,,,True,True,True
전북대학교,인문대학,국어국문학과,,,True,True,True
경남대학교,사범대학,일어교육과,,,True,True,True
한남대학교,린튼글로벌칼리지,글로벌비즈니스전공,,,True,True,True
배재대학교,하워드대학,외국어로서의한국어학과,,,True,True,True
영산대학교,호텔관광대학,호텔경영학과,,,True,True,True
강원대학교,사회과학대학,사회학과,,,True,True,True
배재대학교,하워드대학,러시아학과,,,True,True,True
성신여자대학교,사범대학,한문교육과,,,True,True,True
한국방송통신대학교,교육과학대학,초등교육과,,,True,True,True
서울대학교,경영대학,경영대학,,,True,True,True
세명대학교,인문대학,영어학과,,,True,True,True
부산디지털대학교,단과대구분없음,경영학전공,,,True,True,True
수원대학교,인문대학,영어영문학과,,,True,True,True
광운대학교,동북아대학,동북아대학,,,True,True,True
동국대학교(WISE),단과대구분없음,자유전공학부,,,True,True,True
덕성여자대학교,사회과학대학,정치외교학과,,,True,True,True
인하대학교,문과대학,동양어문학부,,,True,True,True
서강대학교,문과대학,인문계,,,True,True,True
고려대학교,문과대학,국제어문학부,,,True,True,True
동의대학교,상경대학,관광경영학과,,,True,True,True
한라대학교,경영사회대학,사회복지학과,,,True,True,True
광주대학교,인문사회대학,영어영문학과,,,True,True,True
서울대학교,인문대학,종교학과,,,True,True,True
창원대학교,인문대학,국어국문학과,,,True,True,True
이화여자대학교,사회과학대학,심리학전공,,,True,True,True
경성대학교,문과대학,국어국문학과,,,True,True,True
서강대학교,단과대구분없음,"PEP(정치학,경제학,철학)연계전공",,,True,True,True
가톨릭대학교,단과대구분없음,국제학부,,,True,True,True
서강대학교,사회과학대학,사회과학계,,,True,True,True
명지대학교,사회과학대학,청소년지도학과,,,True,True,True
한림대학교,사회과학대학,정치행정학과,,,True,True,True
금강대학교,단과대구분없음,일본어통번역학과,,,True,True,True
이화여자대학교,사회과학대학,사회과학부,,,True,True,True
부산가톨릭대학교,사회과학대학,사회복지학과,,,True,True,True
공주대학교,사범대학,윤리교육과,,,True,True,True
고려사이버대학교,단과대구분없음,교양과,,,True,True,True
가톨릭관동대학교,관광의료복지대학,호텔경영학전공,,,True,True,True
상명대학교,인문사회과학대학,문헌정보학과,,,True,True,True
동서대학교,단과대구분없음,사회복지학부,,,True,True,True
동신대학교,보건복지대학,보건행정학과,,,True,True,True
글로벌사이버대학교,단과대구분없음,문화스토리텔링전공,,,True,True,True
전북대학교,상과대학,경제학부,,,True,True,True
정석대학,단과대구분없음,경영학과,,,True,True,True
군산대학교,자연과학대학,아동가족학과,,,True,True,True
영남대학교,상경대학,국제통상전공,,,True,True,True
경상국립대학교,인문대학,독어독문불어불문학과군,,,True,True,True
숙명여자대학교,단과대구분없음,미디어학부,,,True,True,True
전주대학교,사회과학대학,국제학전공,,,True,True,True
경상국립대학교,사범대학,영어교육과,,,True,True,True
동덕여자대학교,인문대학,국사학전공,,,True,True,True
대구대학교,사회과학대학,국제관계학과,,,True,True,True
원광대학교,인문대학,유럽문화학부,,,True,True,True
부산외국어대학교,인문사회대학,외교학과,,,True,True,True
단국대학교,국제학부,국제경영학전공,,,True,True,True
전북대학교,사회과학대학,정치사회학부(사회학전공),,,True,True,True
군산대학교,사회과학대학,경제학과,,,True,True,True
영남대학교,상경대학,경영학과,,,True,True,True
한세대학교,단과대구분없음,국제관광학전공,,,True,True,True
성균관대학교,사회과학대학,정치외교학과,,,True,True,True
동국대학교(WISE),사회대학,정치행정경찰학부,,,True,True,True
상명대학교,경영대학,금융경제학과,,,True,True,True
숙명여자대학교,생활과학대학,가족자원경영학과,,,True,True,True
용인대학교,보건복지대학,노인복지학과,,,True,True,True
서울대학교,인문대학,영어영문학과,,,True,True,True
호서대학교,사회과학대학,경제학전공,,,True,True,True
초당대학교,단과대구분없음,항공운항서비스학과,,,True,True,True
한림대학교,사회과학대학,심리학과,,,True,True,True
연세대학교,학부대학,교육과학계열,,,True,True,True
부산교육대학교,단과대구분없음,유아교육과,,,True,True,True
서울대학교,사회과학대학,사회복지학과,,,True,True,True
부경대학교,인문사회과학대학,행정학과,,,True,True,True
한양대학교,사범대학,교육공학과,,,True,True,True
강원대학교,사회과학대학,신문방송학과,,,True,True,True
강릉원주대학교,문화대학,유아교육과,,,True,True,True
국민대학교,사회과학대학,행정학과,,,True,True,True
경동대학교,단과대구분없음,한국어교원과,,,True,True,True
공주대학교,사범대학,영어교육과,,,True,True,True
강원대학교,사범대학,한문교육과,,,True,True,True
세종대학교,사회과학대학,중국통상학과,,,True,True,True
우석대학교,사범대학,유아특수교육과,,,True,True,True
창원대학교,경상대학,국제무역학과,,,True,True,True
을지대학교,보건산업대학,유아교육학과,,,True,True,True
연세대학교,문과대학,심리학과,,,True,True,True
경동대학교,단과대구분없음,사회복지경영학부,,,True,True,True
성결대학교,인문대학,영어영문학과,,,True,True,True
전주교육대학교,단과대구분없음,윤리교육과(심화전공),,,True,True,True
동아대학교,법과대학,법학부,,,True,True,True
원광대학교,법과대학,법학과,,,True,True,True
경남대학교,법정대학,행정학과,,,True,True,True
서강대학교,사회과학대학,심리학전공,,,True,True,True
안동대학교,사회과학대학,법학과,,,True,True,True
경희대학교,외국어대학,러시아어학과,,,True,True,True
수원대학교,인문대학,국어국문학과,,,True,True,True
동국대학교,문과대학,일어일문학전공,,,True,True,True
청주대학교,단과대구분없음,군사학부,,,True,True,True
용인대학교,산업정보대학,국제학부,,,True,True,True
화신사이버대학교,단과대구분없음,실용영어학과,,,True,True,True
한남대학교,문과대학,국어국문학과,,,True,True,True
충남대학교,경상대학,경제학과,,,True,True,True
서울대학교,인문대학,언어학과,,,True,True,True
동국대학교(WISE),사회대학,정치행정학부,,,True,True,True
충남대학교,인문대학,불어불문학과,,,True,True,True
가톨릭대학교,단과대구분없음,법학전공,,,True,True,True
동국대학교,문과대학,영어영문학전공,,,True,True,True
대구한의대학교,단과대구분없음,중국학&동양철학전공,,,True,True,True
한신대학교,사회과학대학,국제관계학부,,,True,True,True
경남대학교,문과대학,역사학전공,,,True,True,True
경기대학교,국제대학,국제관계학과,,,True,True,True
우석대학교,문화사회대학,법학과,,,True,True,True
경상국립대학교,경영대학,경영정보학과,,,True,True,True
경북대학교,사회과학대학,정치외교학과,,,True,True,True
중원대학교,단과대구분없음,인문학부,,,True,True,True
제주대학교,경상대학,관광개발학과,,,True,True,True
덕성여자대학교,단과대구분없음,교직학부,,,True,True,True
전주대학교,사회과학대학,사회과학부,,,True,True,True
순천향대학교,인문과학대학,특수교육과,,,True,True,True
성균관대학교,단과대구분없음,사회학전공,,,True,True,True
가톨릭대학교,단과대구분없음,종교학과,,,True,True,True
강서대학교,단과대구분없음,경영학부,,,True,True,True
전주대학교,인문대학,경배와찬양학전공,,,True,True,True
한양대학교(ERICA),국제문화대학,중국학과,,,True,True,True
전북대학교,사범대학,사회교육학부(공통사회교육전공),,,True,True,True
제주국제대학교,단과대구분없음,경찰행정학과,,,True,True,True
부산대학교,경제통상대학,관광컨벤션학과,,,True,True,True
한양사이버대학교,단과대구분없음,아동학과,,,True,True,True
연세대학교,학부대학,경영계열,,,True,True,True
강원대학교,경영대학,국제무역학과,,,True,True,True
인하대학교,사범대학,교육학과,,,True,True,True
국민대학교,경영대학,경영정보학부,,,True,True,True
춘천교육대학교,단과대구분없음,초등영어교육과(심화과정),,,True,True,True
용인대학교,경영행정대학,문화관광학과,,,True,True,True
동국대학교(WISE),인문과학대학,고고미술사학전공,,,True,True,True
강서대학교,단과대구분없음,외국어학부(영어전공),,,True,True,True
제주대학교,사회과학대학,행정학과,,,True,True,True
가톨릭관동대학교,사범대학,교직과,,,True,True,True
서경대학교,인문과학대학,국어국문학과,,,True,True,True
강남대학교,단과대구분없음,교양교수부,,,True,True,True
한신대학교,인문대학,국사학과,,,True,True,True
강원대학교,인문대학,중어중문학과,,,True,True,True
세명대학교,사회과학대학,경찰행정학과,,,True,True,True
을지대학교,보건산업대학,보건산업유통학전공,,,True,True,True
신라대학교,상경대학,경영학전공,,,True,True,True
세명대학교,인문대학,미디어문학부,,,True,True,True
청주교육대학교,단과대구분없음,초등과학교육과(심화과정),,,True,True,True
목포대학교,사범대학,교육학과,,,True,True,True
명지대학교,경영대학,부동산학과,,,True,True,True
이화여자대학교,인문과학대학,인문과학부,,,True,True,True
경북대학교,사회과학대학,사회복지학과,,,True,True,True
건국대학교,문과대학,문화정보학부,,,True,True,True
청주교육대학교,단과대구분없음,초등교육학과,,,True,True,True
대구교육대학교,교육대학,초등음악교육과(심화과정),,,True,True,True
군산대학교,사회과학대학,법학과,,,True,True,True
전남대학교,사범대학,역사교육과,,,True,True,True
전북대학교,인문대학,중어중문학과,,,True,True,True
한국외국어대학교,영어대학,영문학과,,,True,True,True
광주교육대학교,단과대구분없음,교육학과(심화전공),,,True,True,True
호남대학교,인문사회대학,행정학과,,,True,True,True
가톨릭관동대학교,경찰법정대학,범죄수사학전공,,,True,True,True
동의대학교,의료보건대학,의료경영학과,,,True,True,True
울산대학교,인문대학,영어영문학과,,,True,True,True
강원대학교,사범대학,윤리교육과,,,True,True,True
한국외국어대학교,상경대학,국제통상학과,,,True,True,True
충북대학교,사범대학,역사교육과,,,True,True,True
경상국립대학교,인문대학,인문학부,,,True,True,True
동국대학교(WISE),사회대학,행정학전공,,,True,True,True
호서대학교,인문대학,유아교육과,,,True,True,True
원광대학교,사범대학,역사교육과,,,True,True,True
숭실대학교,단과대구분없음,교양과정,,,True,True,True
단국대학교,상경대학,경제학전공,,,True,True,True
한국방송통신대학교,사회과학대학,경영학과,,,True,True,True
성결대학교,사회과학대학,행정학부,,,True,True,True
서울대학교,사범대학,역사교육과,,,True,True,True
평택대학교,단과대구분없음,미국학전공,,,True,True,True
대구대학교,사회과학대학,사회복지학과,,,True,True,True
이화여자대학교,스크랜튼대학,국제학부,,,True,True,True
용인대학교,문화예술대학,문화재학과,,,True,True,True
전주교육대학교,단과대구분없음,영어교육과(심화전공),,,True,True,True
서울대학교,사범대학,독어교육과,,,True,True,True
공주대학교,사범대학,문헌정보교육과,,,True,True,True
부산대학교,사범대학,유아교육과,,,True,True,True
영남대학교,정치행정대학,행정학부,,,True,True,True
충남대학교,경상대학,국제경영학과,,,True,True,True
대구대학교,사범대학,초등특수교육과,,,True,True,True
평택대학교,단과대구분없음,국어국문학전공,,,True,True,True
경기대학교,경상대학,경영정보학과,,,True,True,True
한경국립대학교,인문사회과학대학,미디어문예창작학과,,,True,True,True
동국대학교,문과대학,영어영문학과,,,True,True,True
덕성여자대학교,인문과학대학,중어중문학과,,,True,True,True
동의대학교,상경대학,경제학과,,,True,True,True
제주대학교,인문대학,영어영문학과,,,True,True,True
숭실대학교,인문대학,철학과,,,True,True,True
안양대학교,인문대학,영어영문학과,,,True,True,True
영남대학교,사범대학,유아교육과,,,True,True,True
동덕여자대학교,인문대학,중어중국학과,,,True,True,True
강원대학교,사회과학대학,행정부동산학부,,,True,True,True
순천대학교,사회과학대학,행정학과,,,True,True,True
건국대학교,사범대학,일어교육과,,,True,True,True
이화여자대학교,경영대학,국제사무학전공,,,True,True,True
안동대학교,사회과학대학,행정학과,,,True,True,True
동양대학교,단과대구분없음,국제통상영어과,,,True,True,True
부경대학교,인문사회과학대학,정치외교학과,,,True,True,True
서강대학교,커뮤니케이션대학,신문방송학전공,,,True,True,True
공주대학교,산업과학대학,부동산학전공,,,True,True,True
전주대학교,인문대학,교회실용교육학과,,,True,True,True
신라대학교,상경대학,경영학과,,,True,True,True
한양사이버대학교,단과대구분없음,광고미디어학과,,,True,True,True
부경대학교,인문사회과학대학,유아교육과,,,True,True,True
한양대학교(ERICA),경상대학,경영학부,,,True,True,True
광신대학교,단과대구분없음,국제한국어교원학과,,,True,True,True
연세대학교,문과대학,문헌정보학과,,,True,True,True
계명대학교,사범대학,유아교육과,,,True,True,True
한세대학교,단과대구분없음,e-비즈니스학전공,,,True,True,True
한성대학교,사회과학대학,부동산경영학과,,,True,True,True
전주대학교,사회과학대학,문헌정보학전공,,,True,True,True
대구가톨릭대학교,사회과학대학,사회복지학과,,,True,True,True
대구대학교,사범대학,유아교육과,,,True,True,True
영남대학교,문과대학,중어중문과,,,True,True,True
동아대학교,생활과학대학,아동가족학과,,,True,True,True
동양대학교,단과대구분없음,교양학부,,,True,True,True
호남신학대학교,신학대학,신학과,,,True,True,True
명지대학교,인문대학,미술사학과,,,True,True,True
동신대학교,보건복지대학,상담심리학과,,,True,True,True
건양대학교,재활복지교육대학,초등특수교육과,,,True,True,True
세명대학교,사회과학대학,외식경영학과,,,True,True,True
성신여자대학교,인문과학대학,국어국문학과,,,True,True,True
화성의과학대학교,단과대구분없음,사회복지학과,,,True,True,True
이화여자대학교,인문과학대학,국어국문학전공,,,True,True,True
대구한의대학교,국제문화정보대학,TESOL영어전공,,,True,True,True
대구대학교,사범대학,역사교육과,,,True,True,True
나사렛대학교,단과대구분없음,유아특수교육과,,,True,True,True
건국대학교,문과대학,문화콘텐츠학과,,,True,True,True
서울대학교,사회과학대학,경제학부,,,True,True,True
숙명여자대학교,경상대학,경영학부,,,True,True,True
한양사이버대학교,단과대구분없음,사회복지학부,,,True,True,True
원광대학교,인문대학,유럽지역어문학부,,,True,True,True
대구한의대학교,문화과학대학,국제어문학부,,,True,True,True
경희대학교,생활과학대학,아동가족학과,,,True,True,True
성균관대학교,경제대학,글로벌경제학과,,,True,True,True
용인대학교,체육과학대학,특수체육교육과,,,True,True,True
조선대학교,사회과학대학,신문방송학과,,,True,True,True
수원대학교,인문대학,일어일문학과,,,True,True,True
경북대학교,법과대학,법학부,,,True,True,True
서경대학교,사회과학대학,군사학과,,,True,True,True
순천대학교,사회과학대학,경영학과,,,True,True,True
충남대학교,사회과학대학,사회학과,,,True,True,True
대구가톨릭대학교,사범대학,영어교육과,,,True,True,True
계명대학교,사범대학,영어교육과,,,True,True,True
가톨릭관동대학교,경찰법정대학,경찰행정학전공,,,True,True,True
연세대학교,사회과학대학,행정학과,,,True,True,True
건국대학교,단과대구분없음,기타모집단위,,,True,True,True
호서대학교,사회과학대학,벤처비즈니스전공,,,True,True,True
예원예술대학교,단과대구분없음,교양학부,,,True,True,True
전주대학교,사범대학,중등특수교육과,,,True,True,True
동서대학교,단과대구분없음,관광경영학전공,,,True,True,True
순천대학교,사회과학대학,무역학과,,,True,True,True
공주대학교,인문사회과학대학,불어불문학과,,,True,True,True
수원대학교,인문대학,유럽학부,,,True,True,True
전북대학교,인문대학,인문학부,,,True,True,True
공주대학교,인문사회과학대학,관광학부,,,True,True,True
한신대학교,인문대학,독어독문학과,,,True,True,True
강원대학교,인문대학,국어국문학과,,,True,True,True
단국대학교,상경대학,무역학과,,,True,True,True
건양대학교,재활복지교육대학,중등특수교육과,,,True,True,True
성균관대학교,사회과학대학,글로벌리더학부,,,True,True,True
호남대학교,인문사회대학,일본어학과,,,True,True,True
충북대학교,인문대학,사학과,,,True,True,True
창원대학교,경상대학,산업비즈니스학과,,,True,True,True
공주대학교,사범대학,역사교육과,,,True,True,True
덕성여자대학교,사회과학대학,사회복지학과,,,True,True,True
부산디지털대학교,단과대구분없음,사회복지학전공,,,True,True,True
경상국립대학교,사범대학,윤리교육과,,,True,True,True
신라대학교,인문사회과학대학,국제관계학과,,,True,True,True
공주교육대학교,사범대학,초등실과교육과(심화과정),,,True,True,True
전북대학교,인문대학,영어영문학과,,,True,True,True
서울대학교,사회과학대학,사회학과,,,True,True,True
호서대학교,사회과학대학,e-비즈니스전공,,,True,True,True
동덕여자대학교,사회과학대학,국제경영학과,,,True,True,True
부산디지털대학교,단과대구분없음,평생교육학전공,,,True,True,True
진주교육대학교,단과대구분없음,사회과교육과(심화과정),,,True,True,True
공주교육대학교,사범대학,초등컴퓨터교육과(심화과정),,,True,True,True
청주교육대학교,단과대구분없음,초등실과교육과(심화과정),,,True,True,True
건국대학교,문과대학,영어영문학과,,,True,True,True
서강대학교,문과대학,영미문화계,,,True,True,True
청주대학교,사범대학,한문교육과,,,True,True,True
포항공과대학교(POSTECH),공과대학,인문사회학부,,,True,True,True
서강대학교,문과대학,EU문화계,,,True,True,True
동명대학교,보건복지교육대학,상담심리학과,,,True,True,True
호서대학교,인문대학,국어국문학전공,,,True,True,True
청주대학교,사회과학대학,사회학과,,,True,True,True
전북대학교,사범대학,사회교육학부(역사교육전공),,,True,True,True
전주대학교,문화관광대학,관광정보전공,,,True,True,True
청주교육대학교,단과대구분없음,초등국어교육과(심화과정),,,True,True,True
한양사이버대학교,단과대구분없음,상담심리학과,,,True,True,True
안양대학교,신학대학,신학전공,,,True,True,True
진주교육대학교,단과대구분없음,국어교육과(심화전공),,,True,True,True
대전가톨릭대학교,단과대구분없음,신학과,,,True,True,True
충북대학교,사회과학대학,행정학과,,,True,True,True
순천대학교,사회과학대학,경제학과,,,True,True,True
이화여자대학교,사회과학대학,문헌정보학전공,,,True,True,True
강원대학교,인문사회과학대학,어문학부,,,True,True,True
서울대학교,인문대학,독어독문학과,,,True,True,True
서울여자대학교,인문대학,박물관학전공,,,True,True,True
제주대학교,사범대학,국어교육과,,,True,True,True
광운대학교,단과대구분없음,국어국문학부,,,True,True,True
목포가톨릭대학교,단과대구분없음,유아교육과,,,True,True,True
서울대학교,사범대학,교육학과,,,True,True,True
부산대학교,인문대학,독어독문학과,,,True,True,True
경상국립대학교,경영대학,국제통상학과,,,True,True,True
성공회대학교,단과대구분없음,신문방송학과,,,True,True,True
국민대학교,문과대학,중어중문학과,,,True,True,True
한국교원대학교,제1대학,교육학과,,,True,True,True
서원대학교,단과대구분없음,독어독문학과,,,True,True,True
대구한의대학교,단과대구분없음,문화학전공,,,True,True,True
사이버한국외국어대학교,단과대구분없음,언론홍보학부,,,True,True,True
한국해양대학교,국제대학,유럽학과,,,True,True,True
동국대학교,사회과학대학,신문방송학과,,,True,True,True
전북대학교,생활과학대학,생활과학부(아동학전공),,,True,True,True
광주대학교,인문사회대학,외국어학부,,,True,True,True
사이버한국외국어대학교,단과대구분없음,외국어계열,,,True,True,True
한국해양대학교,국제대학,해운경영학부,,,True,True,True
전주대학교,인문대학,역사문화콘텐츠전공,,,True,True,True
전주대학교,경영대학,부동산학과,,,True,True,True
협성대학교,경영대학,유통경영학과,,,True,True,True
초당대학교,단과대구분없음,아동청소년상담학과,,,True,True,True
공주교육대학교,사범대학,초등사회과교육과(심화과정),,,True,True,True
영산선학대학교,단과대구분없음,원불교학부,,,True,True,True
나사렛대학교,단과대구분없음,경찰행정학과,,,True,True,True
광주대학교,경영대학,부동산금융학과,,,True,True,True
덕성여자대학교,사회과학대학,유아교육과,,,True,True,True
경기대학교,인문대학,국어국문학과,,,True,True,True
호서대학교,사회과학대학,항공서비스학과,,,True,True,True
서울디지털대학교,단과대구분없음,인문사회계열,,,True,True,True
동아대학교,경영대학,경영정보과학부,,,True,True,True
동서대학교,단과대구분없음,이벤트/컨벤션학전공,,,True,True,True
강서대학교,단과대구분없음,사회복지학과,,,True,True,True
강남대학교,사범대학,초등특수교육과,,,True,True,True
한세대학교,단과대구분없음,영어통번역전공,,,True,True,True
고려대학교(세종),인문대학,사회학과,,,True,True,True
서울대학교,인문대학,동양사학과,,,True,True,True
공주교육대학교,사범대학,초등교육학과(심화과정),,,True,True,True
연세대학교,문과대학,독어독문학과,,,True,True,True
전남대학교,생활과학대학,생활환경복지학과,,,True,True,True
동의대학교,인문대학,평생교육학과,,,True,True,True
가톨릭관동대학교,경영대학,경제금융학과,,,True,True,True
나사렛대학교,단과대구분없음,영어학과,,,True,True,True
홍익대학교,사범대학,영어교육과,,,True,True,True
부산장신대학교,인문대학,사회복지상담학과,,,True,True,True
계명대학교,사범대학,교육학과,,,True,True,True
한국교원대학교,제2대학,독어교육과,,,True,True,True
영남대학교,문과대학,불어불문학과,,,True,True,True
동신대학교,문화관광대학,호텔관광학과,,,True,True,True
동국대학교,사회과학대학,정치외교학전공,,,True,True,True
가톨릭대학교,단과대구분없음,인문학부,,,True,True,True
숙명여자대학교,문과대학,일본학과,,,True,True,True
연세대학교,사회과학대학,정치외교학과,,,True,True,True
부산대학교,사범대학,불어교육과,,,True,True,True
순복음총회신학교,단과대구분없음,사회복지학과,,,True,True,True
건국대학교,동물생명과학대학,축산경영학전공,,,True,True,True
전남대학교,사범대학,특수교육학부,,,True,True,True
평택대학교,단과대구분없음,미국학과,,,True,True,True
대전대학교,사회과학대학,법학과,,,True,True,True
한국외국어대학교,단과대구분없음,국제학전공,,,True,True,True
강릉원주대학교,사회과학대학,경영학과,,,True,True,True
충남대학교,인문대학,고고학과,,,True,True,True
서강대학교,단과대구분없음,교육문화전공,,,True,True,True
백석대학교,단과대구분없음,기독교학부,,,True,True,True
배재대학교,서재필대학,경영학과,,,True,True,True
동국대학교(WISE),불교문화대학,불교아동학과,,,True,True,True
경북대학교,단과대구분없음,행정학부,,,True,True,True
세종대학교,사회과학대학,행정학전공,,,True,True,True
대구교육대학교,교육대학,초등사회교육과(심화과정),,,True,True,True
군산대학교,사회과학대학,사회복지학과,,,True,True,True
조선대학교,사회과학대학,경찰행정학과,,,True,True,True
제주국제대학교,단과대구분없음,유아교육과,,,True,True,True
을지대학교,보건산업대학,의료경영학과,,,True,True,True
가톨릭대학교,단과대구분없음,사회복지학전공,,,True,True,True
나사렛대학교,단과대구분없음,신학전공,,,True,True,True
안동대학교,사범대학,교육공학과,,,True,True,True
연세대학교(미래),인문예술대학,인문과학부,,,True,True,True
전북대학교,사회과학대학,신문방송학과,,,True,True,True
숙명여자대학교,법과대학,법학부,,,True,True,True
부산디지털대학교,단과대구분없음,상담심리학전공,,,True,True,True
한신대학교,신학대학,기독교교육학과,,,True,True,True
상지대학교,인문사회과학대학,법학과,,,True,True,True
신라대학교,사범대학,역사교육과,,,True,True,True
경남대학교,문과대학,역사학과,,,True,True,True
중앙대학교,인문대학,아시아문화학부,,,True,True,True
세명대학교,사회과학대학,행정학과,,,True,True,True
한서대학교,단과대구분없음,영어학과,,,True,True,True
강원대학교,인문사회과학대학,영미언어문화전공,,,True,True,True
성균관대학교,문과대학,영어영문학과,,,True,True,True
전북대학교,사범대학,지리교육과,,,True,True,True
창원대학교,인문대학,철학과,,,True,True,True
대구한의대학교,단과대구분없음,아동청소년학부,,,True,True,True
대구대학교,사범대학,영어교육과,,,True,True,True
서울여자대학교,사회과학대학,사회과학대학,,,True,True,True
영남대학교,문과대학,사회학과,,,True,True,True
한남대학교,사범대학,교육학과,,,True,True,True
동아대학교,사회과학대학,사회학과,,,True,True,True
청주대학교,인문대학,문화콘텐츠학과,,,True,True,True
동아대학교,경영대학,경영정보학과,,,True,True,True
세명대학교,인문대학,미디어창작학과,,,True,True,True
부산가톨릭대학교,사회과학대학,사회복지상담학과,,,True,True,True
조선대학교,외국어대학,스페인어과,,,True,True,True
숭실대학교,인문대학,국어국문학과,,,True,True,True
부경대학교,경영대학,국제경영학전공,,,True,True,True
한남대학교,공과대학,미디어영상전공,,,True,True,True
서울대학교,사범대학,영어교육과,,,True,True,True
가톨릭대학교,단과대구분없음,중국학전공,,,True,True,True
전남대학교,인문대학,국어국문학과,,,True,True,True
세명대학교,사회과학대학,사회복지학과,,,True,True,True
한세대학교,단과대구분없음,경찰행정학전공,,,True,True,True
순천향대학교,인문과학대학,미디어콘텐츠학과,,,True,True,True
세종대학교,인문과학대학,일어일문학전공,,,True,True,True
한신대학교,사회과학대학,정치학전공,,,True,True,True
동국대학교,문과대학,사학과,,,True,True,True
이화여자대학교,사회과학대학,소비자학전공,,,True,True,True
성균관대학교,단과대구분없음,행정학전공,,,True,True,True
창원대학교,인문대학,유아교육과,,,True,True,True
전북대학교,인문대학,인문학부(고고문화인류학전공),,,True,True,True
공주대학교,산업과학대학,산업유통학과,,,True,True,True
한신대학교,글로벌협력대학,e-비즈니스학과,,,True,True,True
성공회대학교,단과대구분없음,중어중국학과,,,True,True,True
안양대학교,인문대학,국어국문학과,,,True,True,True
평택대학교,단과대구분없음,광고홍보학전공,,,True,True,True
서울대학교,인문대학,고고미술사학과,,,True,True,True
가톨릭대학교,단과대구분없음,경영학전공,,,True,True,True
경북대학교,농업생명과학대학,농업경제학과,,,True,True,True
가천대학교,단과대구분없음,경영전공,,,True,True,True
중앙승가대학교,단과대구분없음,사회복지학과,,,True,True,True
이화여자대학교,인문과학대학,불어불문학전공,,,True,True,True
연세대학교,문과대학,철학과,,,True,True,True
창원대학교,인문대학,독어독문학과,,,True,True,True
경기대학교,예술대학,언론미디어학과,,,True,True,True
이화여자대학교,사회과학대학,사회학전공,,,True,True,True
경희대학교,경영대학,경영학부,,,True,True,True
동국대학교,영상미디어대학,광고홍보학과,,,True,True,True
우석대학교,사범대학,교육학과,,,True,True,True
전남대학교,사회과학대학,행정학과,,,True,True,True
강남대학교,단과대구분없음,실버산업연계전공학부,,,True,True,True
호남대학교,경영대학,항공서비스학과,,,True,True,True
서강대학교,문과대학,중국문화전공,,,True,True,True
전남대학교,사회과학대학,문헌정보학과,,,True,True,True
동덕여자대학교,사회과학대학,경제학과,,,True,True,True
국민대학교,경영대학,경영학전공,,,True,True,True
대구한의대학교,보건복지대학,청소년복지상담학과,,,True,True,True
호서대학교,사회과학대학,국제지역통상전공,,,True,True,True
국민대학교,사회과학대학,행정학전공,,,True,True,True
부산대학교,생활환경대학,아동가족학과,,,True,True,True
한양사이버대학교,단과대구분없음,일본어학과,,,True,True,True
화성의과학대학교,단과대구분없음,법학과,,,True,True,True
상지대학교,인문사회과학대학,중국학과,,,True,True,True
고신대학교,신학대학,기독교교육과,,,True,True,True
동아대학교,공과대학,도시계획학과,,,True,True,True
동아대학교,인문과학대학,문예창작학과,,,True,True,True
고려대학교,문과대학,사학과,,,True,True,True
한남대학교,문과대학,아동영어학전공,,,True,True,True
전북대학교,사회과학대학,행정복지학부,,,True,True,True
고려대학교(세종),인문대학,국어국문학과,,,True,True,True
청주대학교,경상대학,관광경영학과,,,True,True,True
동국대학교,문과대학,독어독문학과,,,True,True,True
상지대학교,인문사회과학대학,사회복지학과,,,True,True,True
동국대학교,경영대학,국제통상학전공,,,True,True,True
서강대학교,경영대학,경영학전공,,,True,True,True
경북대학교,사범대학,영어교육과,,,True,True,True
대구가톨릭대학교,사범대학,국어교육과,,,True,True,True
부산대학교,인문대학,영어영문학과,,,True,True,True
제주대학교,법정대학,법학부,,,True,True,True
가톨릭관동대학교,관광의료복지대학,의료경영학과,,,True,True,True
공주대학교,인문사회과학대학,관광영어통역학전공,,,True,True,True
한남대학교,경상대학,경영학과,,,True,True,True
동의대학교,상경대학,e비즈니스학과,,,True,True,True
조선대학교,사범대학,교육학과,,,True,True,True
용인대학교,예술대학,문화재보존학과,,,True,True,True
한국국제대학교,교육과학대학,초등특수교육과,,,True,True,True
화신사이버대학교,단과대구분없음,국제관광학과,,,True,True,True
목원대학교,사회과학대학,광고홍보언론학과,,,True,True,True
성공회대학교,단과대구분없음,사회복지학과,,,True,True,True
한남대학교,문과대학,기독교학과,,,True,True,True
한남대학교,린튼글로벌칼리지,글로벌학부,,,True,True,True
고려대학교,정경대학,정경대학,,,True,True,True
건국대학교,문과대학,인문학부,,,True,True,True
경상국립대학교,사회과학대학,사회복지학과,,,True,True,True
가톨릭대학교,단과대구분없음,법학부,,,True,True,True
전주대학교,경영대학,경영학과,,,True,True,True
한국침례신학대학교,단과대구분없음,사회복지학과,,,True,True,True
대구가톨릭대학교,사회과학대학,도서관학과,,,True,True,True
서울디지털대학교,단과대구분없음,영어학과,,,True,True,True
연세대학교,문과대학,영어영문학과,,,True,True,True
부경대학교,인문사회과학대학,신문방송학과,,,True,True,True
세명대학교,사회과학대학,중국통상학과,,,True,True,True
동국대학교(WISE),관광대학,호텔경영학전공,,,True,True,True
제주대학교,인문대학,중어중문학과,,,True,True,True
서울대학교,인문대학,불어불문학과,,,True,True,True
서울대학교,인문대학,국사학과,,,True,True,True
광운대학교,사회과학대학,산업심리학과,,,True,True,True
한양대학교,인문과학대학,국어국문학과,,,True,True,True
한국국제대학교,사회과학대학,경찰행정학과,,,True,True,True
한양대학교,인문과학대학,영어영문학과,,,True,True,True
동국대학교,경영대학,E-비지니스전공,,,True,True,True
한국국제대학교,교육과학대학,유아특수교육과,,,True,True,True
충남대학교,인문대학,국어국문학과,,,True,True,True
청주대학교,인문대학,역사문화학과,,,True,True,True
서경대학교,인문과학대학,아동학과,,,True,True,True
제주대학교,생명자원과학대학,산업응용경제학과,,,True,True,True
광주대학교,인문사회대학,신문방송학과,,,True,True,True
충남대학교,인문대학,독어독문학과,,,True,True,True
전남대학교,문화사회과학대학,교통물류학부,,,True,True,True
호서대학교,공과대학,뉴미디어학과,,,True,True,True
배재대학교,하워드대학,일본학과,,,True,True,True
건국대학교,정치대학,행정학전공,,,True,True,True
명지대학교,인문대학,문예창작학과,,,True,True,True
용인대학교,경영행정대학,경영학과,,,True,True,True
서울대학교,사회과학대학,정치외교학부(외교학전공),,,True,True,True
서울교육대학교,단과대구분없음,초등교육학과,,,True,True,True
가톨릭대학교,신학대학,신학과,,,True,True,True
중앙대학교,인문대학,철학과,,,True,True,True
나사렛대학교,단과대구분없음,경영학과,,,True,True,True
한성대학교,사회과학대학,부동산학과,,,True,True,True
영남대학교,기초교육대학,군사학과,,,True,True,True
고려대학교(세종),인문대학,중국학부,,,True,True,True
동신대학교,문화관광대학,관광경영학과,,,True,True,True
전남대학교,문화사회과학대학,국제통상학과,,,True,True,True
이화여자대학교,사범대학,교육학과,,,True,True,True
가톨릭대학교,단과대구분없음,영미언어문화학부,,,True,True,True
공주대학교,인문사회과학대학,중어중문학과,,,True,True,True
영남대학교,사범대학,영어교육과,,,True,True,True
공주대학교,사범대학,유아교육과,,,True,True,True
단국대학교,상경대학,무역학전공,,,True,True,True
고려대학교,법과대학,법학과,,,True,True,True
원광대학교,단과대구분없음,소방행정학부,,,True,True,True
경희대학교,정경대학,경제통상학부,,,True,True,True
원광디지털대학교,단과대구분없음,한국문화학부,,,True,True,True
나사렛대학교,단과대구분없음,특수교육과,,,True,True,True
평택대학교,단과대구분없음,중국학전공,,,True,True,True
동국대학교,사회과학대학,사회과학부,,,True,True,True
동덕여자대학교,사회과학대학,문헌정보학과,,,True,True,True
경일대학교,단과대구분없음,광고홍보학과,,,True,True,True
평택대학교,단과대구분없음,신학과,,,True,True,True
대구한의대학교,국제문화정보대학,중어중국학부,,,True,True,True
건국대학교,문과대학,철학과,,,True,True,True
영남대학교,문과대학,중어중문전공,,,True,True,True
공주대학교,인문사회과학대학,영어영문학과,,,True,True,True
한남대학교,경상대학,경영정보학과,,,True,True,True
강원대학교,사회과학대학,심리학과,,,True,True,True
한신대학교,인문대학,철학과,,,True,True,True
창원대학교,자연과학대학,아동가족학과,,,True,True,True
대구대학교,행정대학,경찰행정학과,,,True,True,True
동아대학교,인문과학대학,윤리문화학과,,,True,True,True
한림대학교,사회과학대학,사회복지학부,,,True,True,True
칼빈대학교,단과대구분없음,계약학과(영유아보육학과),,,True,True,True
동아대학교,사회과학대학,신문방송학과,,,True,True,True
국민대학교,사회과학대학,국제학부,,,True,True,True
총신대학교,단과대구분없음,신학과,,,True,True,True
숭실대학교,법과대학,국제법무학과,,,True,True,True
전북대학교,인문대학,사학과,,,True,True,True
조선대학교,경상대학,경제학과,,,True,True,True
한국방송통신대학교,인문과학대학,영어영문학과,,,True,True,True
조선대학교,사범대학,특수교육과,,,True,True,True
충남대학교,법과대학,법학부,,,True,True,True
원광디지털대학교,단과대구분없음,한국어문화학과,,,True,True,True
덕성여자대학교,인문과학대학,미술사학과,,,True,True,True
광주대학교,보건복지교육대학,사회복지학부,,,True,True,True
서울대학교,인문대학,중어중문학과,,,True,True,True
건국대학교,문과대학,국제어문학부,,,True,True,True
목포대학교,인문대학,국어국문학과,,,True,True,True
울산대학교,경영대학,글로벌경영학전공,,,True,True,True
한국열린사이버대학교,인문사회대학,일본언어문화학과,,,True,True,True
공주대학교,사범대학,특수교육과,,,True,True,True
경남대학교,문과대학,심리학과,,,True,True,True
전북대학교,인문대학,유럽어문학부,,,True,True,True
건국대학교,문과대학,국어국문학과,,,True,True,True
충남대학교,인문대학,교육학과,,,True,True,True
목포대학교,인문대학,영어영문학과,,,True,True,True
이화여자대학교,사범대학,사회과교육과,,,True,True,True
울산대학교,사회과학대학,법학전공,,,True,True,True
신라대학교,상경대학,무역학과,,,True,True,True
영남대학교,법과대학,법학전공,,,True,True,True
충남대학교,인문대학,영어영문학과,,,True,True,True
세종대학교,인문과학대학,역사학전공,,,True,True,True
동명대학교,경영대학,유통경영학과,,,True,True,True
경희대학교,정경대학,언론정보학과,,,True,True,True
광운대학교,법과대학,법학부,,,True,True,True
단국대학교,문과대학,중어중문학과,,,True,True,True
경상국립대학교,인문대학,중어중문학과,,,True,True,True
동양대학교,단과대구분없음,항공비서학부,,,True,True,True
동의대학교,인문대학,불어불문학과,,,True,True,True
한양사이버대학교,단과대구분없음,경영학부,,,True,True,True
동국대학교,사회과학대학,북한학과,,,True,True,True
충북대학교,사범대학,영어교육과,,,True,True,True
한양대학교(ERICA),국제문화대학,한국언어문학과,,,True,True,True
국민대학교,사회과학대학,사회학과,,,True,True,True
제주대학교,사범대학,상업교육과,,,True,True,True
이화여자대학교,사회과학대학,사회복지학전공,,,True,True,True
제주대학교,인문대학,일어일문학과,,,True,True,True
동국대학교,단과대구분없음,교양학부(인문사회계열),,,True,True,True
광주대학교,경영대학,항공서비스학과,,,True,True,True
아신대학교,단과대구분없음,신학과,,,True,True,True
대구교육대학교,교육대학,초등실과교육과(심화과정),,,True,True,True
전남대학교,경영대학,경영학부,,,True,True,True
제주대학교,사범대학,영어교육과,,,True,True,True
청주대학교,인문대학,일어일문학과,,,True,True,True
나사렛대학교,단과대구분없음,기독교학부,,,True,True,True
인하대학교,사범대학,사회교육과,,,True,True,True
건국대학교,사범대학,영어교육과,,,True,True,True
한국해양대학교,국제대학,국제통상학과,,,True,True,True
호서대학교,인문대학,영어영문학과,,,True,True,True
한성대학교,인문대학,역사문화학부,,,True,True,True
한국국제대학교,사회과학대학,사회복지학과,,,True,True,True
제주대학교,사범대학,일반사회교육전공,,,True,True,True
동국대학교(WISE),불교문화대학,불교문화대학,,,True,True,True
부경대학교,인문사회과학대학,경제학전공,,,True,True,True
광운대학교,인문사회과학대학,국어국문학과,,,True,True,True
창원대학교,사회과학대학,사회학과,,,True,True,True
상명대학교,경영대학,경영학부,,,True,True,True
한동대학교,단과대구분없음,법학부,,,True,True,True
제주대학교,법정대학,행정학과,,,True,True,True
한남대학교,법과대학,법학부,,,True,True,True
원광대학교,사범대학,유아교육과,,,True,True,True
공주대학교,사범대학,일반사회교육과,,,True,True,True
호서대학교,인문대학,기독교교육학전공,,,True,True,True
서울대학교,사범대학,국어교육과,,,True,True,True
충남대학교,사회과학대학,정치외교학과,,,True,True,True
청주대학교,사회과학대학,법학과/사회과학대학,,,True,True,True
한국방송통신대학교,사회과학대학,경제학과,,,True,True,True
가톨릭관동대학교,관광의료복지대학,관광경영학전공,,,True,True,True
상명대학교,경영대학,국제통상학과,,,True,True,True
명지대학교,사회과학대학,정치외교학과,,,True,True,True
경희대학교,외국어대학,중국어학과,,,True,True,True
대구사이버대학교,단과대구분없음,사회복지학과,,,True,True,True
가톨릭관동대학교,관광스포츠대학,스포츠경영관리학전공,,,True,True,True
광주대학교,인문사회대학,문헌정보학과,,,True,True,True
건양대학교,군사경찰대학,국방경찰학부,,,True,True,True
성균관대학교,단과대구분없음,심리학전공,,,True,True,True
건국대학교,상경대학,국제무역학전공,,,True,True,True
동국대학교(WISE),사범교육대학,유아교육과,,,True,True,True
건국대학교,경영대학,경영학전공,,,True,True,True
부산대학교,사범대학,교육학과,,,True,True,True
군산대학교,사회과학대학,물류학과,,,True,True,True
전남대학교,경영대학,경제학부,,,True,True,True
성신여자대학교,인문과학대학,사학과,,,True,True,True
군산대학교,사회과학대학,무역학과,,,True,True,True
경상국립대학교,사범대학,일어교육과,,,True,True,True
한남대학교,경상대학,무역학과,,,True,True,True
덕성여자대학교,인문과학대학,독어독문학과,,,True,True,True
금강대학교,단과대구분없음,불교학과,,,True,True,True
루터대학교,단과대구분없음,사회복지학과,,,True,True,True
강릉원주대학교,인문대학,교직과정부,,,True,True,True
동아대학교,인문과학대학,영어전공,,,True,True,True
동국대학교,문과대학,인문학부,,,True,True,True
가톨릭대학교,단과대구분없음,국어국문학전공,,,True,True,True
서울교육대학교,단과대구분없음,초등영어교육과(심화과정),,,True,True,True
세종대학교,전자정보공학대학,디지털콘텐츠전공,,,True,True,True
연세대학교(미래),동아시아국제학부,동아시아국제학부,,,True,True,True
원광디지털대학교,단과대구분없음,얼굴경영학과,,,True,True,True
부산디지털대학교,단과대구분없음,복지경영학전공,,,True,True,True
한성대학교,인문대학,한국어문학부,,,True,True,True
화성의과학대학교,단과대구분없음,노인복지학과,,,True,True,True
동서대학교,단과대구분없음,관광학부,,,True,True,True
덕성여자대학교,사회과학대학,법학과,,,True,True,True
군산대학교,사회과학대학,경영학부,,,True,True,True
서울대학교,농업생명과학대학,농경제사회학부,,,True,True,True
한양사이버대학교,단과대구분없음,영어학과,,,True,True,True
전남대학교,문화사회과학대학,기업경영학과,,,True,True,True
조선대학교,외국어대학,영어과,,,True,True,True
동국대학교(WISE),인문과학대학,영어영문학과,,,True,True,True
대구한의대학교,문화과학대학,외국어문학부,,,True,True,True
인하대학교,문과대학,인문학부,,,True,True,True
충북대학교,인문대학,중어중문학과,,,True,True,True
충남대학교,농업생명과학대학,농업경제학과,,,True,True,True
부산대학교,사범대학,영어교육과,,,True,True,True
동양대학교,단과대구분없음,문화재발굴보존학과,,,True,True,True
경북대학교,사범대학,국어교육과,,,True,True,True
전남대학교,사회과학대학,인류학과,,,True,True,True
고려대학교,문과대학,한국사학과,,,True,True,True
강원대학교,사범대학,역사교육과,,,True,True,True
동국대학교(WISE),상경대학,전자상거래학전공,,,True,True,True
성균관대학교,사회과학대학,사회학과,,,True,True,True
한림대학교,인문대학,러시아학과,,,True,True,True
세명대학교,사회과학대학,부동산학과,,,True,True,True
동국대학교,경영대학,경영학과,,,True,True,True
대구대학교,인문대학,러시아어러시아학과,,,True,True,True
인하대학교,문과대학,국제언어문화학부,,,True,True,True
전주교육대학교,단과대구분없음,사회교육과(심화전공),,,True,True,True
한성대학교,사회과학대학,경제학과,,,True,True,True
한신대학교,인문대학,종교문화학과,,,True,True,True
서울교육대학교,단과대구분없음,유아ㆍ특수교육과(심화과정),,,True,True,True
건양대학교,재활복지교육대학,유아교육과,,,True,True,True
부산대학교,경제통상대학,무역학부,,,True,True,True
강원대학교,인문사회과학대학,일본어학과,,,True,True,True
가톨릭관동대학교,관광의료복지대학,사회복지학과,,,True,True,True
전남대학교,농업생명과학대학,농업경제학과,,,True,True,True
동아대학교,인문과학대학,철학과,,,True,True,True
성균관대학교,단과대구분없음,사회과학계열,,,True,True,True
금오공과대학교,단과대구분없음,컨설팅학과,,,True,True,True
공주대학교,인문사회과학대학,법학과,,,True,True,True
성균관대학교,경제대학,경제학과,,,True,True,True
서울교육대학교,단과대구분없음,초등교육학과(심화과정),,,True,True,True
전북대학교,사회과학대학,행정복지학부(행정학전공),,,True,True,True
백석대학교,단과대구분없음,유아교육과,,,True,True,True
부산대학교,생명자원과학대학,농업경제학과,,,True,True,True
나사렛대학교,단과대구분없음,사회복지학부,,,True,True,True
전주대학교,인문대학,중국언어문화전공,,,True,True,True
인하대학교,생활과학대학,소비자아동학전공,,,True,True,True
평택대학교,단과대구분없음,경영학전공,,,True,True,True
한남대학교,문과대학,영어영문학전공,,,True,True,True
동국대학교,불교대학,불교학과,,,True,True,True
동명대학교,경영대학,경영정보학과,,,True,True,True
목포대학교,사회과학대학,사회복지학과,,,True,True,True
중앙대학교,단과대구분없음,기타모집단위,,,True,True,True
한신대학교,인문대학,독일어문화학부,,,True,True,True
수원대학교,인문대학,프랑스어문학과,,,True,True,True
숙명여자대학교,문과대학,문헌정보학과,,,True,True,True
원광대학교,단과대구분없음,경찰행정학부,,,True,True,True
경북대학교,사범대학,불어교육과,,,True,True,True
충북대학교,생활과학대학,소비자학과,,,True,True,True
강릉원주대학교,사회과학대학,자치행정학과,,,True,True,True
가천대학교,법과대학,행정학과,,,True,True,True
서강대학교,경상대학,경제학전공,,,True,True,True
계명대학교,사회과학대학,사회복지학과,,,True,True,True
고려대학교,문과대학,인문학부,,,True,True,True
송원대학교,단과대구분없음,국방공무원과,,,True,True,True
건국대학교,사범대학,교직과,,,True,True,True
성신여자대학교,생활과학대학,생활문화소비자학과,,,True,True,True
서울기독대학교,단과대구분없음,교양학과,,,True,True,True
서울대학교,인문대학,아시아언어문명학부,,,True,True,True
강원대학교,경영대학,무역학전공,,,True,True,True
건국대학교,문과대학,불어불문학전공,,,True,True,True
감리교신학대학교,신학대학,신학부,,,True,True,True
경일대학교,글로벌경영대학,국제통상학과,,,True,True,True
대구가톨릭대학교,단과대구분없음,공통사회교육전공,,,True,True,True
대구한의대학교,단과대구분없음,사학전공,,,True,True,True
조선대학교,인문과학대학,철학과,,,True,True,True
부경대학교,경영대학,국제통상학부,,,True,True,True
한국해양대학교,해사대학,해양플랜트운영학과,,,True,True,True
안양대학교,인문대학,유아교육과,,,True,True,True
덕성여자대학교,인문과학대학,영어영문학과,,,True,True,True
동양대학교,단과대구분없음,관광영어과,,,True,True,True
서울신학대학교,단과대구분없음,사회복지학과,,,True,True,True
광주대학교,경영대학,물류유통경영학과,,,True,True,True
세종대학교,호텔관광대학,호텔관광경영학과,,,True,True,True
서강대학교,사회과학대학,국제한국학전공,,,True,True,True
경희대학교,정경대학,행정학과,,,True,True,True
경성대학교,문과대학,독일지역학과,,,True,True,True
계명대학교,사회과학대학,사회학과,,,True,True,True
세종대학교,사회과학대학,경제통상학전공,,,True,True,True
순천대학교,인문예술대학,중어중문학과,,,True,True,True
한성대학교,인문대학,지식정보학부,,,True,True,True
동양대학교,단과대구분없음,사회복지학과,,,True,True,True
초당대학교,단과대구분없음,경영학과,,,True,True,True
광주여자대학교,단과대구분없음,유아교육과,,,True,True,True
상명대학교,인문사회과학대학,법학과,,,True,True,True
대구한의대학교,국제문화정보대학,중국학전공,,,True,True,True
강원대학교,인문대학,자유전공계열,,,True,True,True
한일장신대학교,단과대구분없음,사회복지학부,,,True,True,True
한신대학교,인문대학,영어영문학과,,,True,True,True
경상국립대학교,사회과학대학,정치외교학과,,,True,True,True
경기대학교,인문대학,독어독문학과,,,True,True,True
전주대학교,인문대학,일본언어문화전공,,,True,True,True
숭실대학교,단과대구분없음,교목,,,True,True,True
부산대학교,경제통상대학,국제학부,,,True,True,True
호남대학교,인문사회대학,사회복지학과,,,True,True,True
대구대학교,인문대학,중국어중국학과,,,True,True,True
한남대학교,문과대학,프랑스어문학과,,,True,True,True
순천대학교,사회과학대학,사회복지학부,,,True,True,True
성신여자대학교,사범대학,유아교육과,,,True,True,True
한림대학교,인문대학,영어영문학과,,,True,True,True
충남대학교,사범대학,교육학과,,,True,True,True
충북대학교,인문대학,국어국문학과,,,True,True,True
부경대학교,인문사회과학대학,영어전공,,,True,True,True
호남대학교,인문사회대학,법학과,,,True,True,True
동국대학교,경영대학,광고학전공,,,True,True,True
강원대학교,문화예술대학,영상문화학과,,,True,True,True
광운대학교,인문대학,국어국문학과,,,True,True,True
성결대학교,사회과학대학,지역사회과학부,,,True,True,True
국민대학교,사회과학대학,광고학전공,,,True,True,True
전북대학교,생활과학대학,아동학과,,,True,True,True
대구대학교,사회과학대학,심리학과,,,True,True,True
충남대학교,인문대학,철학과,,,True,True,True
고려대학교,정경대학,경제학과,,,True,True,True
경북대학교,인문대학,한문학과,,,True,True,True
중앙승가대학교,단과대구분없음,포교사회학과,,,True,True,True
이화여자대학교,인문과학대학,기독교학전공,,,True,True,True
청주대학교,보건의료대학,의료경영학과,,,True,True,True
경남대학교,문과대학,문화콘텐츠학과,,,True,True,True
중앙대학교,경영경제대학,지식경영학부,,,True,True,True
대구교육대학교,교육대학,초등국어교육과(심화과정),,,True,True,True
경상국립대학교,사범대학,국어교육과,,,True,True,True
단국대학교,사회과학대학,저널리즘전공,,,True,True,True
이화여자대학교,인문과학대학,영어영문학전공,,,True,True,True
한라대학교,경영사회대학,경찰행정학과,,,True,True,True
서울신학대학교,단과대구분없음,유아교육과,,,True,True,True
동아대학교,경영대학,국제관광학부,,,True,True,True
전주대학교,인문대학,영미언어문화전공,,,True,True,True
고려대학교,문과대학,중어중문학과,,,True,True,True
한남대학교,사회과학대학,행정학과,,,True,True,True
글로벌사이버대학교,단과대구분없음,비즈니스전공,,,True,True,True
고려대학교,문과대학,영어영문학과,,,True,True,True
영남대학교,문과대학,사학과,,,True,True,True
국민대학교,사회과학대학,정치외교학과,,,True,True,True
단국대학교,문과대학,영어영문학과,,,True,True,True
건국대학교,문과대학,커뮤니케이션학과,,,True,True,True
청주대학교,인문대학,문화정보학부,,,True,True,True
서강대학교,문과대학,독일문화전공,,,True,True,True
고려대학교(세종),경상대학,행정학과,,,True,True,True
경희대학교,외국어대학,영미어학부,,,True,True,True
진주교육대학교,단과대구분없음,영어교육과(심화전공),,,True,True,True
나사렛대학교,단과대구분없음,아동학과,,,True,True,True
청주대학교,단과대구분없음,군사학과,,,True,True,True
목원대학교,인문대학,영어영문학과,,,True,True,True
경북대학교,경상대학,경영학부,,,True,True,True
전남대학교,인문대학,철학과,,,True,True,True
세종사이버대학교,단과대구분없음,사회복지학과,,,True,True,True
대전대학교,인문예술대학,러시아어통역학과,,,True,True,True
동덕여자대학교,인문과학대학,일본어전공,,,True,True,True
원광대학교,인문대학,사학과,,,True,True,True
상지대학교,보건과학대학,의료경영학과,,,True,True,True
부경대학교,인문사회과학대학,유럽학전공,,,True,True,True
동덕여자대학교,사회대학,국제경영학과,,,True,True,True
한양대학교,인문과학대학,철학과,,,True,True,True
서울신학대학교,단과대구분없음,기독교교육과,,,True,True,True
경기대학교,관광대학,관광경영학과,,,True,True,True
강릉원주대학교,인문대학,사학과,,,True,True,True
배재대학교,서재필대학,전자상거래학과,,,True,True,True
남부대학교,단과대구분없음,경찰행정학과,,,True,True,True
전남대학교,사범대학,윤리교육과,,,True,True,True
홍익대학교,사범대학,국어교육과,,,True,True,True
강원대학교,경영대학,경제학과,,,True,True,True
영남대학교,단과대구분없음,국제학부,,,True,True,True
동서대학교,단과대구분없음,마케팅학전공,,,True,True,True
국민대학교,사회과학대학,정책학전공,,,True,True,True
중앙대학교,인문대학,국어국문학과,,,True,True,True
영남대학교,기초교육대학,교양학부,,,True,True,True
서울대학교,사범대학,지리교육과,,,True,True,True
호남대학교,경영대학,호텔경영학과,,,True,True,True
안동대학교,사회과학대학,무역학과,,,True,True,True
한림대학교,인문대학,일본학과,,,True,True,True
대구교육대학교,교육대학,초등과학교육과(심화과정),,,True,True,True
순천향대학교,인문과학대학,독어독문학전공,,,True,True,True
동덕여자대학교,인문대학,일본어과,,,True,True,True
홍익대학교,사범대학,교육학과,,,True,True,True
전남대학교,인문대학,독일언어문학과,,,True,True,True
평택대학교,단과대구분없음,광고홍보학과,,,True,True,True
동국대학교,사회과학대학,국제학전공,,,True,True,True
부산대학교,사회과학대학,신문방송학과,,,True,True,True
충남대학교,인문대학,중어중문학과,,,True,True,True
상명대학교,사범대학,불어교육과,,,True,True,True
청주대학교,인문대학,문화철학전공,,,True,True,True
강원대학교,법과대학,법학전공,,,True,True,True
청주대학교,사회과학대학,광고홍보학과,,,True,True,True
강릉원주대학교,인문대학,국어국문학과,,,True,True,True
중앙승가대학교,단과대구분없음,불교학과,,,True,True,True
대구가톨릭대학교,단과대구분없음,CU인재학부,,,True,True,True
나사렛대학교,단과대구분없음,중국학과,,,True,True,True
동국대학교,예술대학,미술사학과,,,True,True,True
명지대학교,인문대학,아랍지역학과,,,True,True,True
서울시립대학교,정경대학,법학부,,,True,True,True
동국대학교,문과대학,일어일문학과,,,True,True,True
우송대학교,단과대구분없음,철도경영학과,,,True,True,True
강원대학교,사회과학대학,정치외교학과,,,True,True,True
건국대학교,사범대학,교육공학과,,,True,True,True
경상국립대학교,해양과학대학,수산경영학과,,,True,True,True
경희대학교,정경대학,무역학부,,,True,True,True
전북대학교,인문대학,유럽어문학부(스페인중남미어문학전공),,,True,True,True
대구한의대학교,문화과학대학,문화컨텐츠학부,,,True,True,True
대구대학교,법과대학,법학부,,,True,True,True
동의대학교,인문대학,국어국문학과,,,True,True,True
충북대학교,인문대학,고고미술사학과,,,True,True,True
서강대학교,사회과학대학,사회학전공,,,True,True,True
청주교육대학교,단과대구분없음,초등컴퓨터교육과(심화과정),,,True,True,True
동국대학교,문과대학,독일학과,,,True,True,True
강원대학교,인문대학,불어불문학과,,,True,True,True
대구가톨릭대학교,신학대학,신학부,,,True,True,True
경상국립대학교,인문대학,철학과,,,True,True,True
동의대학교,인문대학,중어중문학과,,,True,True,True
영남대학교,문과대학,중국어통번역전공,,,True,True,True
한양대학교(ERICA),국제문화대학,프랑스언어문화학과,,,True,True,True
세종대학교,인문과학대학,국어국문학과,,,True,True,True
한서대학교,단과대구분없음,중국학과,,,True,True,True
조선대학교,기초교육대학,자유전공학부,,,True,True,True
경동대학교,단과대구분없음,관광학부,,,True,True,True
국민대학교,법과대학,사법학전공,,,True,True,True
경남대학교,문과대학,사회학과,,,True,True,True
가천대학교,단과대구분없음,교양학부,,,True,True,True
전남대학교,인문대학,일어일문학과,,,True,True,True
경희대학교,정경대학,정치외교학과,,,True,True,True
강원대학교,사회과학대학,사회과학부,,,True,True,True
제주국제대학교,단과대구분없음,관광경영학과,,,True,True,True
청주교육대학교,단과대구분없음,초등교육학과(심화과정),,,True,True,True
동국대학교,사회과학대학,북한학전공,,,True,True,True
경북대학교,인문대학,철학과,,,True,True,True
동아대학교,인문과학대학,국어국문학전공,,,True,True,True
성균관대학교,유학대학,유학・동양학과,,,True,True,True
강남대학교,사범대학,교육학과,,,True,True,True
수원대학교,인문대학,러시아어문학과,,,True,True,True
한신대학교,글로벌협력대학,글로벌비즈니스학부,,,True,True,True
사이버한국외국어대학교,단과대구분없음,사회계열,,,True,True,True
부산대학교,단과대구분없음,교양학부(자연과학계열),,,True,True,True
서강대학교,문과대학,사학전공,,,True,True,True
중앙대학교,사회과학대학,문헌정보학과,,,True,True,True
강릉원주대학교,사회과학대학,경제학과,,,True,True,True
가톨릭관동대학교,사범대학,교육공학과,,,True,True,True
안양대학교,사회과학대학,무역유통학과,,,True,True,True
금강대학교,단과대구분없음,사회복지학과,,,True,True,True
광운대학교,법과대학,일반법학전공,,,True,True,True
부산대학교,사범대학,역사교육과,,,True,True,True
경기대학교,경상대학,국제통상학과,,,True,True,True
광운대학교,사회과학대학,행정학과,,,True,True,True
백석대학교,단과대구분없음,유아특수교육과,,,True,True,True
춘천교육대학교,단과대구분없음,초등사회과교육과(심화과정),,,True,True,True
강서대학교,단과대구분없음,경영학부(경영정보학전공),,,True,True,True
강원대학교,문화예술대학,스토리텔링학과,,,True,True,True
평택대학교,단과대구분없음,일본학전공,,,True,True,True
순천대학교,생명산업과학대학,농업경제학과,,,True,True,True
창원대학교,인문대학,사학과,,,True,True,True
대구한의대학교,보건치료대학,재활상담학과,,,True,True,True
한신대학교,사회과학대학,사회학과,,,True,True,True
숭실대학교,사회과학대학,사회복지학부,,,True,True,True
호서대학교,인문대학,중어중국학과,,,True,True,True
한남대학교,문과대학,문예창작학과,,,True,True,True
동국대학교,불교대학,사회복지학전공,,,True,True,True
이화여자대학교,사범대학,교육공학과,,,True,True,True
동국대학교(WISE),불교문화대학,불교학전공,,,True,True,True
한신대학교,글로벌협력대학,일본지역학과,,,True,True,True
창원대학교,인문대학,불어불문학과,,,True,True,True
연세대학교,문과대학,사학과,,,True,True,True
서울디지털대학교,단과대구분없음,사회복지학과,,,True,True,True
호원대학교,관광대학,항공서비스학과,,,True,True,True
사이버한국외국어대학교,단과대구분없음,경영학부,,,True,True,True
한경국립대학교,인문사회과학대학,경영학과,,,True,True,True
고려대학교,단과대구분없음,국제학부,,,True,True,True
대구가톨릭대학교,사범대학,지리교육과,,,True,True,True
경상국립대학교,인문대학,러시아중어중문학과군,,,True,True,True
경동대학교,단과대구분없음,중등특수교육과,,,True,True,True
사이버한국외국어대학교,단과대구분없음,중국어학부,,,True,True,True
상명대학교,인문사회과학대학,역사콘텐츠학과,,,True,True,True
인하대학교,법과대학,법학전공,,,True,True,True
우석대학교,사범대학,사회교육과,,,True,True,True
경희대학교,외국어대학,유럽어학과군,,,True,True,True
강남대학교,사범대학,중등특수교육과,,,True,True,True
한남대학교,사회과학대학,사회복지학과,,,True,True,True
백석대학교,단과대구분없음,경상학부,,,True,True,True
동서대학교,단과대구분없음,물류유통학전공,,,True,True,True
이화여자대학교,법과대학,법학과,,,True,True,True
아주대학교,단과대구분없음,국제학부,,,True,True,True
전북대학교,인문대학,독어독문학과,,,True,True,True
홍익대학교,단과대구분없음,교양과,,,True,True,True
부경대학교,인문사회과학대학,사학과,,,True,True,True
경성대학교,상경대학,외식서비스경영학과,,,True,True,True
협성대학교,인문사회과학대학,아동보육학과,,,True,True,True
가톨릭관동대학교,인문대학,사학과,,,True,True,True
부산대학교,인문대학,사학과,,,True,True,True
연세대학교(미래),정경대학,경영학전공,,,True,True,True
대구한의대학교,국제문화정보대학,중국어전공,,,True,True,True
을지대학교,의과대학,병원경영학과,,,True,True,True
가톨릭관동대학교,인문대학,중국학과,,,True,True,True
부산대학교,사범대학,윤리교육과,,,True,True,True
건양대학교,재활복지교육대학,사회복지학과,,,True,True,True
성신여자대학교,인문과학대학,일어일문학과,,,True,True,True
한세대학교,단과대구분없음,사회복지학전공,,,True,True,True
세명대학교,사회과학대학,국제통상학과,,,True,True,True
건국대학교,정치대학,정치대학,,,True,True,True
경성대학교,신학대학,신학과,,,True,True,True
충남대학교,사범대학,국어교육과,,,True,True,True
경성대학교,멀티미디어대학,신문방송학과,,,True,True,True
홍익대학교,문과대학,독어독문학과,,,True,True,True
강서대학교,단과대구분없음,신학부,,,True,True,True
화성의과학대학교,단과대구분없음,경영학과,,,True,True,True
울산대학교,경영대학,경영정보학과,,,True,True,True
세종대학교,인문과학대학,국어국문학전공,,,True,True,True
전남대학교,사회과학대학,신문방송학과,,,True,True,True
경상국립대학교,사회과학대학,심리학과,,,True,True,True
서울시립대학교,정경대학,행정학과,,,True,True,True
안동대학교,사범대학,윤리교육과,,,True,True,True
부산대학교,상과대학,경영학전공,,,True,True,True
서울대학교,인문대학,미학과,,,True,True,True
울산대학교,사회과학대학,행정학전공,,,True,True,True
광운대학교,법과대학,국제법무전공,,,True,True,True
우석대학교,문화사회대학,광고이벤트학과,,,True,True,True
연세대학교(미래),정경대학,경제학전공,,,True,True,True
한남대학교,사범대학,국어교육과,,,True,True,True
호남대학교,인문사회대학,유아교육학과,,,True,True,True
울산대학교,인문대학,국어국문학부,,,True,True,True
한신대학교,사회과학대학,광고홍보학과,,,True,True,True
동서대학교,단과대구분없음,국제관계학전공,,,True,True,True
청주대학교,사회과학대학,도시계획학전공,,,True,True,True
명지대학교,경영대학,국제통상학과,,,True,True,True
가천대학교,단과대구분없음,국제통상전공,,,True,True,True
광주여자대학교,단과대구분없음,항공서비스학과,,,True,True,True
송원대학교,단과대구분없음,유아교육과,,,True,True,True
고려대학교,문과대학,노어노문학과,,,True,True,True
충남대학교,자유전공학부,인문・사회과학전공,,,True,True,True
동국대학교(WISE),상경대학,국제통상학전공,,,True,True,True
동국대학교,문과대학,영어영문학부,,,True,True,True
동의대학교,상경대학,국제관광경영학과,,,True,True,True
배재대학교,김소월대학,호텔・컨벤션경영학과,,,True,True,True
동의대학교,법정대학,경찰행정학부,,,True,True,True
충북대학교,경영대학,경영학부,,,True,True,True
명지대학교,인문대학,중어중문학과,,,True,True,True
서강대학교,법과대학,법학전공,,,True,True,True
경기대학교,관광대학,관광개발학과,,,True,True,True
안양대학교,사회과학대학,관광경영전공,,,True,True,True
인하대학교,문과대학,독일언어문화전공,,,True,True,True
성균관대학교,문과대학,사학과,,,True,True,True
상지대학교,경상대학,무역학과,,,True,True,True
순천향대학교,사회과학대학,경찰행정학전공,,,True,True,True
고려대학교,문과대학,불어불문학과,,,True,True,True
대구가톨릭대학교,신학대학,신학전공,,,True,True,True
호남대학교,경영대학,관광경영학과,,,True,True,True
전북대학교,사범대학,국어교육과,,,True,True,True
대구대학교,경상대학,관광경영학과,,,True,True,True
한양대학교,사범대학,국어교육과,,,True,True,True
서울여자대학교,사회과학대학,언론영상학부,,,True,True,True
부산대학교,인문대학,언어정보학과,,,True,True,True
동국대학교,사범대학,교육학과,,,True,True,True
공주대학교,인문사회과학대학,행정학과,,,True,True,True
숭실대학교,경제통상대학,글로벌통상학과,,,True,True,True
대구교육대학교,교육대학,초등영어교육과(심화과정),,,True,True,True
광운대학교,동북아대학,한중통상전공,,,True,True,True
경북대학교,사범대학,윤리교육과,,,True,True,True
경성대학교,법정대학,행정학과,,,True,True,True
가톨릭관동대학교,법정대학,사회복지학과,,,True,True,True
부산대학교,사범대학,일반사회교육과,,,True,True,True
성균관대학교,단과대구분없음,경영학전공,,,True,True,True
수원대학교,경상대학,경제금융학과,,,True,True,True
건양대학교,군사경찰대학,국방공무원학과,,,True,True,True
청주대학교,인문대학,독어독문학전공,,,True,True,True
총신대학교,단과대구분없음,사회복지학과,,,True,True,True
호서대학교,인문대학,신학전공,,,True,True,True
경성대학교,멀티미디어대학,광고홍보학과,,,True,True,True
가톨릭대학교,단과대구분없음,심리학전공,,,True,True,True
초당대학교,단과대구분없음,소방행정학과,,,True,True,True
강원대학교,인문대학,영어영문학과,,,True,True,True
명지대학교,인문대학,문헌정보학과,,,True,True,True
원광디지털대학교,단과대구분없음,원불교학과,,,True,True,True
광운대학교,사회과학대학,국제통상학과,,,True,True,True
광운대학교,동북아대학,중국학과,,,True,True,True
경희대학교,호텔관광대학,관광학부,,,True,True,True
금오공과대학교,단과대구분없음,교양교직과정부,,,True,True,True
고려대학교,문과대학,언어학과,,,True,True,True
고려사이버대학교,단과대구분없음,실용외국어학과,,,True,True,True
동의대학교,인문대학,문헌정보학과,,,True,True,True
한국외국어대학교,사회과학대학,정치외교학과,,,True,True,True
군산대학교,사회과학대학,행정학과,,,True,True,True
경성대학교,중국대학,중국어통번역학과,,,True,True,True
부산대학교,단과대구분없음,교양학부(공학계열),,,True,True,True
전북대학교,상과대학,경영학부,,,True,True,True
순천향대학교,인문과학대학,유아교육과,,,True,True,True
가톨릭대학교,단과대구분없음,영어영문학전공,,,True,True,True
울산대학교,사회과학대학,사회과학부,,,True,True,True
서울교육대학교,단과대구분없음,초등생활과학교육과(심화과정),,,True,True,True
서울여자대학교,인문대학,인문대학,,,True,True,True
제주대학교,사범대학,사회교육과,,,True,True,True
한라대학교,경영사회대학,경영학과,,,True,True,True
공주대학교,인문사회과학대학,관광경영학전공,,,True,True,True
목포대학교,인문대학,문화인류학과,,,True,True,True
초당대학교,단과대구분없음,경호비서학과,,,True,True,True
경일대학교,단과대구분없음,교육문화콘텐츠학과,,,True,True,True
가천대학교,단과대구분없음,경상학부,,,True,True,True
원광대학교,교학대학,한국문화학과,,,True,True,True
홍익대학교,법과대학,법학과,,,True,True,True
목포대학교,사회과학대학,도시및지역개발학과,,,True,True,True
서울시립대학교,인문대학,철학과,,,True,True,True
영남대학교,문과대학,심리학과,,,True,True,True
국민대학교,법과대학,법학부,,,True,True,True
전남대학교,법과대학,행정학과,,,True,True,True
공주대학교,사범대학,교육학과,,,True,True,True
한일장신대학교,단과대구분없음,NGO학과,,,True,True,True
동국대학교(WISE),불교문화대학,불교학부,,,True,True,True
서강대학교,사회과학대학,정치외교학전공,,,True,True,True
건국대학교,상경대학,경제학전공,,,True,True,True
한남대학교,사회과학대학,아동복지학과,,,True,True,True
충북대학교,인문대학,철학과,,,True,True,True
경기대학교,사회과학대학,청소년학과,,,True,True,True
강릉원주대학교,인문대학,영어영문학과,,,True,True,True
한세대학교,단과대구분없음,광고홍보학전공,,,True,True,True
성균관대학교,사범대학,한문교육과,,,True,True,True
영남대학교,문과대학,영어번역전공,,,True,True,True
한국방송통신대학교,사회과학대학,행정학과,,,True,True,True
가톨릭대학교,단과대구분없음,행정학전공,,,True,True,True
글로벌사이버대학교,단과대구분없음,상담심리전공,,,True,True,True
호원대학교,보건복지대학,사회복지학과,,,True,True,True
연세대학교(미래),정경대학,법학전공,,,True,True,True
전남대학교,인문대학,사학과,,,True,True,True
서울시립대학교,도시과학대학,도시행정학과,,,True,True,True
한일장신대학교,단과대구분없음,인문사회과학부,,,True,True,True
동국대학교,문과대학,중어중문학전공,,,True,True,True
대구대학교,인문대학,일본어일본학과,,,True,True,True
영산대학교,호텔관광대학,관광컨벤션학과,,,True,True,True
안동대학교,사범대학,국어교육과,,,True,True,True
경희대학교,외국어대학,영어학과,,,True,True,True
한세대학교,단과대구분없음,신문방송학전공,,,True,True,True
청주대학교,단과대구분없음,중국통상학전공,,,True,True,True
서울시립대학교,인문대학,국사학과,,,True,True,True
조선대학교,사범대학,국어교육과,,,True,True,True
경성대학교,중국대학,중국통상학과,,,True,True,True
신라대학교,상경대학,국제관광학과,,,True,True,True
가톨릭대학교,단과대구분없음,국사학전공,,,True,True,True
부산대학교,사회과학대학,행정학과,,,True,True,True
대구대학교,법과대학,법학부(공공안전법학전공),,,True,True,True
목포대학교,경영대학,전자상거래학과,,,True,True,True
수원대학교,인문대학,중어중문학과,,,True,True,True
한밭대학교,경상대학,경영학과,,,True,True,True
가톨릭대학교,단과대구분없음,국제관계학전공,,,True,True,True
전북대학교,인문대학,프랑스학과,,,True,True,True
명지대학교,인문대학,사학과,,,True,True,True
고려대학교,문과대학,심리학과,,,True,True,True
대구한의대학교,문화과학대학,콘텐츠기획전공,,,True,True,True
가톨릭관동대학교,법정대학,경찰행정학과,,,True,True,True
전남대학교,사회과학대학,심리학과,,,True,True,True
목원대학교,사회과학대학,디지털경제학과,,,True,True,True
한서대학교,단과대구분없음,경호비서학과,,,True,True,True
청주대학교,인문대학,문헌정보학과,,,True,True,True
울산대학교,경영대학,경영학전공,,,True,True,True
영산대학교,법과대학,법률학과,,,True,True,True
배재대학교,하워드대학,영어영문학과,,,True,True,True
경동대학교,단과대구분없음,기타모집단위,,,True,True,True
가톨릭대학교,단과대구분없음,외국어문학부,,,True,True,True
세종대학교,사회과학대학,경제무역학과,,,True,True,True
충북대학교,사범대학,교육학과,,,True,True,True
전주대학교,사범대학,영어교육과,,,True,True,True
연세대학교(미래),인문예술대학,영어영문학전공,,,True,True,True
경상국립대학교,인문대학,국어국문한문학과군,,,True,True,True
중앙대학교,인문대학,아시아문화학부(일본어문학전공),,,True,True,True
부산대학교,경영대학,경영학과,,,True,True,True
부산장신대학교,사범대학,특수교육과,,,True,True,True
충북대학교,경영대학,국제경영학과,,,True,True,True
충북대학교,인문대학,노어노문학과,,,True,True,True
서울대학교,인문대학,서어서문학과,,,True,True,True
이화여자대학교,인문과학대학,독어독문학전공,,,True,True,True
순천대학교,사범대학,사회교육과,,,True,True,True
동국대학교,사범대학,지리교육과,,,True,True,True
동서대학교,단과대구분없음,경찰행정학과,,,True,True,True
고려대학교,정경대학,신문방송학과,,,True,True,True
연세대학교,언더우드국제대학,아시아학부,,,True,True,True
전남대학교,법과대학,법학과,,,True,True,True
단국대학교,사회과학대학,도시계획부동산학부,,,True,True,True
성신여자대학교,사회과학대학,정치외교학과,,,True,True,True
서울시립대학교,인문대학,영어영문학과,,,True,True,True
남서울대학교,단과대구분없음,일본어과,,,True,True,True
고려대학교,단과대구분없음,언론학부,,,True,True,True
성균관대학교,사범대학,역사교육과,,,True,True,True
중앙대학교,사범대학,유아교육과,,,True,True,True
영남대학교,사범대학,교육학과,,,True,True,True
강원대학교,사회과학대학,행정부동산학과군,,,True,True,True
한국침례신학대학교,단과대구분없음,기독교교육학과,,,True,True,True
한세대학교,단과대구분없음,교양학부,,,True,True,True
덕성여자대학교,사회과학대학,심리학과,,,True,True,True
전주대학교,문화관광대학,문화관광학부,,,True,True,True
중앙대학교,법과대학,법학과,,,True,True,True
동의대학교,상경대학,무역학과,,,True,True,True
성균관대학교,문과대학,문헌정보학과,,,True,True,True
글로벌사이버대학교,단과대구분없음,뇌교육전공,,,True,True,True
대구대학교,자율전공학부,자율전공학부(인문사회계열),,,True,True,True
이화여자대학교,사회과학대학,언론정보학전공,,,True,True,True
공주대학교,산업과학대학,지역사회개발학전공,,,True,True,True
광주교육대학교,단과대구분없음,영어교육과(심화전공),,,True,True,True
성균관대학교,단과대구분없음,글로벌경영학전공,,,True,True,True
부산대학교,인문대학,고고학과,,,True,True,True
한양사이버대학교,단과대구분없음,사회복지학과,,,True,True,True
원광대학교,인문대학,영어영문학과,,,True,True,True
서경대학교,사회과학대학,글로벌경영학과,,,True,True,True
한국열린사이버대학교,인문사회대학,경영학과,,,True,True,True
한신대학교,사회과학대학,미디어영상광고학부,,,True,True,True
경북대학교,사회과학대학,사회학과,,,True,True,True
신라대학교,상경대학,경영정보학전공,,,True,True,True
경인교육대학교,단과대구분없음,특수(통합)교육과(심화과정),,,True,True,True
전북대학교,인문대학,불어불문학과,,,True,True,True
부산교육대학교,단과대구분없음,윤리교육과,,,True,True,True
전주대학교,사회과학대학,사회복지학전공,,,True,True,True
전북대학교,인문대학,유럽어문학부(불어불문학전공),,,True,True,True
동아대학교,인문과학대학,중어중문학과,,,True,True,True
고려사이버대학교,단과대구분없음,법학과,,,True,True,True
원광대학교,인문대학,철학과,,,True,True,True
부경대학교,인문사회과학대학,일본어문학전공,,,True,True,True
동의대학교,상경대학,유통관리학과,,,True,True,True
동국대학교,사회과학대학,정치외교학과,,,True,True,True
을지대학교,의과대학,의료경영학과,,,True,True,True
단국대학교,문과대학,일어일문학과,,,True,True,True
동덕여자대학교,사회대학,문헌정보학과,,,True,True,True
대구한의대학교,문화과학대학,호텔관광전공,,,True,True,True
인하대학교,경상대학,경제통상학부,,,True,True,True
신라대학교,인문사회과학대학,영어영문학과,,,True,True,True
동국대학교,문과대학,중어중문학과,,,True,True,True
대전신학대학교,단과대구분없음,신학과,,,True,True,True
전북대학교,인문대학,유럽어문학부(독어독문학전공),,,True,True,True
영남대학교,문과대학,영어영문학부,,,True,True,True
한국침례신학대학교,단과대구분없음,상담심리학과,,,True,True,True
목원대학교,사범대학,교직과,,,True,True,True
서울여자대학교,사회과학대학,사회복지학과,,,True,True,True
서울시립대학교,정경대학,사회복지학과,,,True,True,True
금강대학교,단과대구분없음,영어통번역학과,,,True,True,True
평택대학교,단과대구분없음,행정학과,,,True,True,True
서울한영대학교,인문대학,선교영어학과,,,True,True,True
울산대학교,인문대학,영어영문학전공,,,True,True,True
건국대학교,상경대학,경상학부,,,True,True,True
원광대학교,단과대구분없음,군사학부,,,True,True,True
이화여자대학교,사범대학,유아교육과,,,True,True,True
동의대학교,인문대학,사학과,,,True,True,True
가톨릭관동대학교,인문대학,일어일문학과,,,True,True,True
배재대학교,김소월대학,관광・이벤트경영학과,,,True,True,True
한남대학교,문과대학,철학과,,,True,True,True
한림대학교,사회과학대학,노인복지학전공,,,True,True,True
경남대학교,문과대학,영어학과,,,True,True,True
한양대학교,사회과학대학,관광학부,,,True,True,True
대구한의대학교,문화과학대학,영어전공,,,True,True,True
강원대학교,사범대학,영어교육과,,,True,True,True
제주대학교,법정대학,언론홍보학과,,,True,True,True
한일장신대학교,단과대구분없음,디아코니아학,,,True,True,True
대구교육대학교,교육대학,초등수학교육과(심화과정),,,True,True,True
성결대학교,사회과학대학,사회복지학부,,,True,True,True
조선대학교,외국어대학,아랍어과,,,True,True,True
동국대학교(WISE),사회대학,경찰행정학전공,,,True,True,True
송원대학교,단과대구분없음,상담심리학과,,,True,True,True
국민대학교,경상대학,국제통상학과,,,True,True,True
동국대학교(WISE),사회대학,정치외교학전공,,,True,True,True
한국해양대학교,국제대학,교직과,,,True,True,True
동덕여자대학교,사회대학,국제경영학전공,,,True,True,True
동명대학교,경영대학,관광경영학과,,,True,True,True
부산장신대학교,인문대학,사회복지학과,,,True,True,True
경북대학교,인문대학,불어불문학과,,,True,True,True
성신여자대학교,사범대학,윤리교육과,,,True,True,True
동국대학교,문과대학,윤리문화학과,,,True,True,True
동국대학교(WISE),불교문화대학,선학전공,,,True,True,True
서울시립대학교,정경대학,경제학부,,,True,True,True
청주교육대학교,단과대구분없음,초등음악교육과(심화과정),,,True,True,True
화성의과학대학교,단과대구분없음,경찰행정학과,,,True,True,True
공주교육대학교,사범대학,초등국어교육과(심화과정),,,True,True,True
군산대학교,인문대학,영어영문학과,,,True,True,True
충남대학교,사회과학대학,사회복지학과,,,True,True,True
강서대학교,단과대구분없음,복지상담학과,,,True,True,True
대구가톨릭대학교,단과대구분없음,문화예술경영전공,,,True,True,True
춘천교육대학교,단과대구분없음,초등체육교육과(심화과정),,,True,True,True
충북대학교,농업생명환경대학,농업경제학과,,,True,True,True
성균관대학교,문과대학,독어독문학과,,,True,True,True
단국대학교,상경대학,경영학전공,,,True,True,True
순천향대학교,사회과학대학,전자상거래학과,,,True,True,True
강릉원주대학교,사회과학대학,무역학과,,,True,True,True
울산대학교,인문대학,국어국문학전공,,,True,True,True
호남대학교,인문사회대학,경찰학과,,,True,True,True
전북대학교,인문대학,일어일문학과,,,True,True,True
연세대학교(미래),정경대학,정경학부,,,True,True,True
평택대학교,단과대구분없음,청소년복지학과,,,True,True,True
강원대학교,사범대학,사회교육학부,,,True,True,True
명지대학교,경영대학,경영정보학과,,,True,True,True
배재대학교,김소월대학,외식경영학과(자연과학계열),,,True,True,True
순천향대학교,사회과학대학,법학과,,,True,True,True
영남대학교,문과대학,철학과,,,True,True,True
한남대학교,문과대학,일어일문학과,,,True,True,True
세종대학교,사회과학대학,행정학과,,,True,True,True
부경대학교,인문사회과학대학,국어국문학과,,,True,True,True
건국대학교,문과대학,사학과,,,True,True,True
고려대학교(세종),경상대학,경영학부,,,True,True,True
강원대학교,경영대학,경영관광회계학부,,,True,True,True
명지대학교,인문대학,국어국문학과,,,True,True,True
부경대학교,인문사회과학대학,일본학전공,,,True,True,True
성신여자대학교,사범대학,교육학과,,,True,True,True
수원대학교,인문대학,사학과,,,True,True,True
한국방송통신대학교,사회과학대학,관광학과,,,True,True,True
창원대학교,인문대학,일어일문학과,,,True,True,True
고려대학교,문과대학,독어독문학과,,,True,True,True
한서대학교,단과대구분없음,국제관계학과,,,True,True,True
제주대학교,법정대학,법학과,,,True,True,True
전북대학교,사회과학대학,정치외교학과,,,True,True,True
우석대학교,문화사회대학,영어과,,,True,True,True
상명대학교,인문사회과학대학,행정학과,,,True,True,True
성신여자대학교,생활과학대학,사회복지학과,,,True,True,True
한양대학교,인문과학대학,중어중문학과,,,True,True,True
배재대학교,서재필대학,공무원법학전공,,,True,True,True
동서대학교,단과대구분없음,사회복지학전공,,,True,True,True
전주대학교,문화관광대학,호텔경영학과,,,True,True,True
목포대학교,사범대학,영어교육과,,,True,True,True
성균관대학교,문과대학,국어국문학과,,,True,True,True
영남대학교,기초교육대학,인문자율전공학부,,,True,True,True
호남신학대학교,신학대학,사회복지상담학과,,,True,True,True
경희대학교,문과대학,철학과,,,True,True,True
울산대학교,사회과학대학,국제관계학전공,,,True,True,True
백석대학교,단과대구분없음,관광학부,,,True,True,True
초당대학교,단과대구분없음,경찰행정학과,,,True,True,True
서원대학교,사범대학,영어교육과,,,True,True,True
글로벌사이버대학교,단과대구분없음,영어전공,,,True,True,True
고려사이버대학교,단과대구분없음,상담심리학과,,,True,True,True
서울대학교,사범대학,윤리교육과,,,True,True,True
강원대학교,사범대학,일반사회교육과,,,True,True,True
동양대학교,단과대구분없음,항공비서학과,,,True,True,True
숙명여자대학교,문과대학,문화관광학부,,,True,True,True
대구가톨릭대학교,사회과학대학,심리학과,,,True,True,True
중앙대학교,사회과학대학,사회복지학부(가족복지전공),,,True,True,True
공주교육대학교,사범대학,초등윤리교육과(심화과정),,,True,True,True
영남대학교,문과대학,국어국문학과,,,True,True,True
춘천교육대학교,단과대구분없음,초등교육학과,,,True,True,True
중앙대학교,인문대학,아시아문화학부(비교민속학전공),,,True,True,True
이화여자대학교,스크랜튼대학,자유전공,,,True,True,True
서울여자대학교,인문대학,독어독문학과,,,True,True,True
서울과학기술대학교,인문사회대학,기초교육학부,,,True,True,True
강원대학교,인문사회과학대학,일본어학전공,,,True,True,True
전남대학교,사범대학,교육학과,,,True,True,True
한국침례신학대학교,단과대구분없음,영어과,,,True,True,True
강릉원주대학교,인문대학,일본학과,,,True,True,True
고려대학교(세종),인문대학,독일문화정보학과,,,True,True,True
명지대학교,사회과학대학,경제학과,,,True,True,True
조선대학교,외국어대학,중국어문화학과,,,True,True,True
호서대학교,사회과학대학,행정학과,,,True,True,True
한림대학교,사회과학대학,사회학과,,,True,True,True
동덕여자대학교,인문대학,문예창작전공,,,True,True,True
서울디지털대학교,단과대구분없음,아동학과,,,True,True,True
을지대학교,보건산업대학,여가디자인학과,,,True,True,True
춘천교육대학교,단과대구분없음,초등음악교육과(심화과정),,,True,True,True
건국대학교,정치대학,정치행정학부,,,True,True,True
삼육대학교,신학대학,신학과,,,True,True,True
서경대학교,사회과학대학,경영학부,,,True,True,True
한양대학교,인문과학대학,독어독문학과,,,True,True,True
한양대학교(ERICA),언론정보대학,정보사회학과,,,True,True,True
동의대학교,단과대구분없음,교양교육원,,,True,True,True
가톨릭대학교,단과대구분없음,철학전공,,,True,True,True
울산대학교,인문대학,철학전공,,,True,True,True
단국대학교,사회과학대학,행정학과,,,True,True,True
화신사이버대학교,단과대구분없음,한국어교육학과,,,True,True,True
동덕여자대학교,사회과학대학,경영학과,,,True,True,True
성신여자대학교,사회과학대학,미디어커뮤니케이션학과,,,True,True,True
순천향대학교,인문과학대학,중어중문학과,,,True,True,True
공주대학교,산업과학대학,지역사회개발학과,,,True,True,True
동양대학교,단과대구분없음,경영관광학부,,,True,True,True
대신대학교,단과대구분없음,사회복지학과,,,True,True,True
한국해양대학교,국제대학,해사법학부,,,True,True,True
동국대학교,문과대학,철학윤리문화학부,,,True,True,True
가톨릭관동대학교,인문대학,미디어문학과,,,True,True,True
숙명여자대학교,사회과학대학,홍보광고학과,,,True,True,True
서울여자대학교,인문대학,사학과,,,True,True,True
조선대학교,사회과학대학,정치외교학부,,,True,True,True
호서대학교,사회과학대학,디지털비즈니스학부,,,True,True,True
경희대학교,외국어대학,한국어학과,,,True,True,True
영남대학교,정치행정대학,정치외교학과,,,True,True,True
세종대학교,경영대학,E-비지니스전공,,,True,True,True
건국대학교,문과대학,EU문화정보학전공,,,True,True,True
대구대학교,행정대학,도시행정학과,,,True,True,True
초당대학교,단과대구분없음,의약관리학과,,,True,True,True
세종대학교,인문과학대학,일어일문학과,,,True,True,True
원광대학교,인문대학,국어국문학과,,,True,True,True
용인대학교,문화예술대학,문화콘텐츠학과,,,True,True,True
경성대학교,상경대학,경제금융물류학부,,,True,True,True
동의대학교,법정대학,법학전공,,,True,True,True
청주교육대학교,단과대구분없음,초등미술교육과(심화과정),,,True,True,True
한동대학교,단과대구분없음,글로벌리더십학부,,,True,True,True
동국대학교,사회과학대학,행정학과,,,True,True,True
국민대학교,문과대학,국어국문학과,,,True,True,True
서울신학대학교,단과대구분없음,신학과,,,True,True,True
경성대학교,중국대학,중어중문학과,,,True,True,True
동아대학교,인문과학대학,교육학과,,,True,True,True
순천향대학교,글로벌경영대학,관광경영학과,,,True,True,True
한국교원대학교,제1대학,초등교육과,,,True,True,True
대구한의대학교,문화과학대학,중국학과,,,True,True,True
부경대학교,인문사회과학대학,국제지역학부,,,True,True,True
성균관대학교,사범대학,교육학과,,,True,True,True
경성대학교,문과대학,유아교육과,,,True,True,True
동국대학교,불교대학,인도철학과,,,True,True,True
서울대학교,생활과학대학,소비자아동학부,,,True,True,True
숙명여자대학교,사회과학대학,정치외교학과,,,True,True,True
한국외국어대학교,영어대학,영어학과,,,True,True,True
청주대학교,인문대학,러시아어문학전공,,,True,True,True
고려대학교(세종),인문대학,독어독문학과,,,True,True,True
목원대학교,인문대학,역사학과,,,True,True,True
이화여자대학교,사회과학대학,정치외교학전공,,,True,True,True
대구가톨릭대학교,사회과학대학,광고홍보전공,,,True,True,True
경희대학교,단과대구분없음,자율전공학과(인문),,,True,True,True
원광대학교,사범대학,교육학과,,,True,True,True
경기대학교,법과대학,법학과,,,True,True,True
목원대학교,사회과학대학,서비스경영학부,,,True,True,True
가천대학교,단과대구분없음,컨벤션산업전공,,,True,True,True
조선대학교,경상대학,경영학부,,,True,True,True
이화여자대학교,사범대학,국어교육과,,,True,True,True
성신여자대학교,사회과학대학,경영학과,,,True,True,True
충북대학교,사회과학대학,정치외교학과,,,True,True,True
남부대학교,단과대구분없음,초등특수교육과,,,True,True,True
대구사이버대학교,단과대구분없음,특수교육학과,,,True,True,True
장로회신학대학교,단과대구분없음,기독교교육과,,,True,True,True
영남대학교,문과대학,일어일문학과,,,True,True,True
서울시립대학교,단과대구분없음,자유전공학부,,,True,True,True
충북대학교,생활과학대학,아동복지학과,,,True,True,True
신라대학교,인문사회과학대학,행정학전공,,,True,True,True
안동대학교,사회과학대학,경제학과,,,True,True,True
동국대학교(WISE),인문과학대학,한문학전공,,,True,True,True
한세대학교,단과대구분없음,기독교교육학전공,,,True,True,True
연세대학교,사회과학대학,사회학과,,,True,True,True
명지대학교,경영대학,경영학과,,,True,True,True
진주교육대학교,단과대구분없음,교육학과(심화전공),,,True,True,True
신라대학교,교양과정대학,교양과정부,,,True,True,True
동서대학교,단과대구분없음,광고PR전공,,,True,True,True
울산대학교,사회과학대학,경찰학전공,,,True,True,True
춘천교육대학교,단과대구분없음,초등컴퓨터교육과(심화과정),,,True,True,True
서울대학교,사회과학대학,사회과학계열,,,True,True,True
순천향대학교,사회과학대학,행정학전공,,,True,True,True
전남대학교,단과대구분없음,자율전공학부(인문),,,True,True,True
경희대학교,호텔관광대학,Hospitality학부,,,True,True,True
호서대학교,사회과학대학,디지털비즈니스전공,,,True,True,True
서울대학교,사회과학대학,정치외교학부(정치학전공),,,True,True,True
경상국립대학교,인문대학,사학전공,,,True,True,True
대구교육대학교,교육대학,초등교육학과,,,True,True,True
고려대학교,정경대학,행정학과,,,True,True,True
한서대학교,단과대구분없음,신문방송학과,,,True,True,True
호남대학교,인문사회대학,한국어학과,,,True,True,True
광운대학교,법과대학,IT법무전공,,,True,True,True
부산대학교,인문대학,노어노문학과,,,True,True,True
루터대학교,단과대구분없음,신학과,,,True,True,True
전북대학교,사범대학,사회교육학부(지리교육전공),,,True,True,True
인하대학교,경영대학,아태물류학부,,,True,True,True
영남대학교,단과대구분없음,중국언어문화학부,,,True,True,True
영남대학교,문과대학,독어독문학과,,,True,True,True
경상국립대학교,인문대학,한문학과,,,True,True,True
서강대학교,문과대학,미국문화전공,,,True,True,True
동명대학교,경영대학,국제통상학과,,,True,True,True
예수대학교,단과대구분없음,사회복지학부,,,True,True,True
덕성여자대학교,인문과학대학,스페인어과,,,True,True,True
신라대학교,단과대구분없음,교양과정부,,,True,True,True
한국국제대학교,관광대학,호텔관광학과,,,True,True,True
경북대학교,인문대학,영어영문학과,,,True,True,True
동의대학교,인문대학,독어독문학과,,,True,True,True
성신여자대학교,사범대학,사회교육과,,,True,True,True
원광대학교,사범대학,영어교육과,,,True,True,True
한국교원대학교,제2대학,영어교육과,,,True,True,True
부산대학교,단과대구분없음,교양학부(인문사회계열),,,True,True,True
군산대학교,인문대학,독어독문학과,,,True,True,True
대구대학교,경상대학,호텔관광학과,,,True,True,True
한남대학교,사회과학대학,경찰행정학과,,,True,True,True
강서대학교,단과대구분없음,외국어학부(중국어전공),,,True,True,True
서경대학교,사회과학대학,물류유통경영학과,,,True,True,True
경일대학교,사회과학대학,문헌정보학과,,,True,True,True
전남대학교,인문대학,영어영문학과,,,True,True,True
원광디지털대학교,단과대구분없음,사회복지학과,,,True,True,True
성결대학교,사회과학대학,유통물류학부,,,True,True,True
동국대학교(WISE),인문과학대학,철학전공,,,True,True,True
한국외국어대학교,서양어대학,스페인어과,,,True,True,True
한국교원대학교,제2대학,일반사회교육과,,,True,True,True
가톨릭관동대학교,경영대학,무역학과,,,True,True,True
단국대학교,사회과학대학,커뮤니케이션학부,,,True,True,True
용인대학교,경영행정대학,경영정보학과,,,True,True,True
광주대학교,인문사회대학,소방행정학과,,,True,True,True
안양대학교,신학대학,기독교문화학과,,,True,True,True
서울대학교,인문대학,철학과,,,True,True,True
중원대학교,단과대구분없음,의료정보행정학전공,,,True,True,True
명지대학교,인문대학,철학과,,,True,True,True
부산교육대학교,단과대구분없음,국어교육과,,,True,True,True
경남대학교,법정대학,군사학과,,,True,True,True
강원대학교,사범대학,지리교육과,,,True,True,True
목포대학교,경영대학,경영학과,,,True,True,True
국민대학교,사회과학대학,언론학전공,,,True,True,True
계명대학교,사회과학대학,심리학과,,,True,True,True
대구가톨릭대학교,사회과학대학,아동학과,,,True,True,True
수원대학교,법정대학,법학과,,,True,True,True
한양대학교,경제금융대학,경제금융학부,,,True,True,True
성균관대학교,단과대구분없음,경제학전공,,,True,True,True
호원대학교,사회과학대학,무역학과,,,True,True,True
우석대학교,보건복지대학,심리학과,,,True,True,True
강원대학교,사범대학,국어교육과,,,True,True,True
한양사이버대학교,단과대구분없음,교육공학과,,,True,True,True
신라대학교,인문사회과학대학,국어국문학전공,,,True,True,True
강원대학교,인문사회과학대학,공공행정학과,,,True,True,True
순천향대학교,사회과학대학,법학전공,,,True,True,True
우석대학교,사범대학,영어교육과,,,True,True,True
울산대학교,경영대학,경영학부,,,True,True,True
조선대학교,법과대학,글로벌법학과,,,True,True,True
전주대학교,인문대학,언어문화학부,,,True,True,True
군산대학교,인문대학,철학과,,,True,True,True
부경대학교,경영대학,국제통상학전공,,,True,True,True
동아대학교,경영대학,국제관광학전공,,,True,True,True
가톨릭관동대학교,법정대학,법학과,,,True,True,True
한국외국어대학교,사범대학,사범대학,,,True,True,True
전주대학교,사회과학대학,상담학전공,,,True,True,True
경희대학교,외국어대학,프랑스어학과,,,True,True,True
충남대학교,경상대학,경영학부,,,True,True,True
목원대학교,사회과학대학,무역학과,,,True,True,True
영남신학대학교,단과대구분없음,기독교교육학과,,,True,True,True
순천대학교,인문예술대학,일본어일본문화학과,,,True,True,True
목포대학교,사회과학대학,정치언론홍보학과,,,True,True,True
숭실대학교,사회과학대학,정치외교학과,,,True,True,True
중앙대학교,인문대학,아시아문화학부(중국어문학전공),,,True,True,True
한동대학교,단과대구분없음,경영경제학부,,,True,True,True
부산교육대학교,단과대구분없음,사회교육과,,,True,True,True
대구대학교,사범대학,일반사회교육과,,,True,True,True
대구교육대학교,교육대학,초등미술교육과(심화과정),,,True,True,True
동국대학교,경영대학,경영정보학부,,,True,True,True
이화여자대학교,사범대학,사회생활학과,,,True,True,True
목포대학교,인문대학,일어일문학과,,,True,True,True
대구대학교,사회과학대학,사회학과,,,True,True,True
조선대학교,인문과학대학,문예창작학과,,,True,True,True
광운대학교,동북아대학,일본학과,,,True,True,True
연세대학교(미래),정경대학,국제관계학전공,,,True,True,True
목포대학교,사범대학,윤리교육과,,,True,True,True
동신대학교,문화관광대학,공연전시기획학과,,,True,True,True
고려대학교,문과대학,언어과학과,,,True,True,True
군산대학교,인문대학,국어국문학과,,,True,True,True
강원대학교,경영대학,무역학과,,,True,True,True
전북대학교,사회과학대학,정치사회학부,,,True,True,True
단국대학교,사범대학,교직교육과,,,True,True,True
신라대학교,상경대학,국제통상정보학전공,,,True,True,True
한남대학교,경상대학,경제학과,,,True,True,True
한국해양대학교,국제대학,국제무역경제학부,,,True,True,True
경상국립대학교,인문대학,국어국문학과,,,True,True,True
서원대학교,사범대학,윤리교육과,,,True,True,True
중앙대학교,인문대학,영어영문학과,,,True,True,True
한국방송통신대학교,사회과학대학,법학과,,,True,True,True
중앙대학교,인문대학,유럽문화학부(독일어문학전공),,,True,True,True
경기대학교,국제대학,국제산업정보학과,,,True,True,True
수원대학교,경상대학,경영학과,,,True,True,True
공주대학교,인문사회과학대학,경영학과,,,True,True,True
한세대학교,단과대구분없음,경영학부,,,True,True,True
전주대학교,사회과학대학,행정학전공,,,True,True,True
서울신학대학교,단과대구분없음,보육학과,,,True,True,True
영남대학교,사범대학,국어교육과,,,True,True,True
부산대학교,경제통상대학,공공정책학부,,,True,True,True
경북대학교,인문대학,독어독문학과,,,True,True,True
동덕여자대학교,사회대학,경영학과,,,True,True,True
동덕여자대학교,사회대학,사회복지학과,,,True,True,True
가톨릭대학교,단과대구분없음,특수교육과,,,True,True,True
순천대학교,인문예술대학,인문학부(철학전공),,,True,True,True
고려대학교(세종),인문대학,미디어문예창작학과,,,True,True,True
고려대학교,문과대학,일어일문학과,,,True,True,True
한일장신대학교,단과대구분없음,사회복지학과,,,True,True,True
서울신학대학교,단과대구분없음,일본어과,,,True,True,True
평택대학교,단과대구분없음,전자상거래학전공,,,True,True,True
세종대학교,전자정보공학대학,디지털콘텐츠학과,,,True,True,True
상지대학교,인문사회과학대학,교직과,,,True,True,True
광주가톨릭대학교,단과대구분없음,신학과,,,True,True,True
광주대학교,인문사회대학,일본어학과,,,True,True,True
경북대학교,인문대학,노어노문학과,,,True,True,True
평택대학교,단과대구분없음,국어국문학과,,,True,True,True
전주대학교,인문대학,기독교학과,,,True,True,True
한신대학교,사회과학대학,국제경제학과,,,True,True,True
목원대학교,사범대학,영어교육과,,,True,True,True
부산대학교,상과대학,경제학과,,,True,True,True
건국대학교,문과대학,히브리학전공,,,True,True,True
광주교육대학교,단과대구분없음,윤리교육과(심화전공),,,True,True,True
공주대학교,사범대학,상업정보교육과,,,True,True,True
성공회대학교,단과대구분없음,사회과학부,,,True,True,True
연세대학교(미래),인문예술대학,역사문화학전공,,,True,True,True
한국외국어대학교,사범대학,한국어교육과,,,True,True,True
가천대학교,단과대구분없음,보건행정학과,,,True,True,True
동서대학교,단과대구분없음,호텔경영학전공,,,True,True,True
목원대학교,사회과학대학,정보컨설팅학과,,,True,True,True
경희대학교,문과대학,국어국문학과,,,True,True,True
공주대학교,사범대학,지리교육과,,,True,True,True
신라대학교,사범대학,유아교육과,,,True,True,True
경북대학교,인문대학,일어일문학과,,,True,True,True
청주대학교,경상대학,호텔경영학과,,,True,True,True
서울여자대학교,인문대학,불어불문학과,,,True,True,True
충북대학교,사범대학,사회교육과,,,True,True,True
우석대학교,사범대학,역사교육과,,,True,True,True
세종대학교,인문과학대학,역사학과,,,True,True,True
계명대학교,사범대학,한문교육과,,,True,True,True
경희대학교,정경대학,사회학과,,,True,True,True
부경대학교,인문사회과학대학,북미학전공,,,True,True,True
한세대학교,단과대구분없음,경영학전공,,,True,True,True
가톨릭관동대학교,법정대학,행정학과,,,True,True,True
제주대학교,경상대학,관광경영관광개발학학과군,,,True,True,True
백석대학교,단과대구분없음,어문학부,,,True,True,True
대전대학교,경영대학,물류유통학과,,,True,True,True
경성대학교,상경대학,경영정보학과,,,True,True,True
성공회대학교,단과대구분없음,일어일본학과,,,True,True,True
청주대학교,사범대학,교직과,,,True,True,True
경기대학교,인문대학,사학과,,,True,True,True
강원대학교,사범대학,교육학과,,,True,True,True
순천향대학교,글로벌경영대학,경제금융학과,,,True,True,True
동덕여자대학교,인문대학,프랑스어과,,,True,True,True
전주교육대학교,단과대구분없음,초등교육과,,,True,True,True
군산대학교,해양과학대학,해양경찰학과,,,True,True,True
원광디지털대학교,단과대구분없음,동양학과,,,True,True,True
대구대학교,법과대학,법학부(공법학전공),,,True,True,True
동덕여자대학교,사회과학대학,아동학과,,,True,True,True
동아대학교,인문과학대학,프랑스문화학과,,,True,True,True
경희대학교,정경대학,무역학과,,,True,True,True
부산대학교,사회과학대학,문헌정보학과,,,True,True,True
동덕여자대학교,인문과학대학,프랑스어전공,,,True,True,True
동양대학교,단과대구분없음,행정경찰복지학부,,,True,True,True
우송대학교,단과대구분없음,유아교육과,,,True,True,True
연세대학교(미래),정경대학,글로벌행정학전공,,,True,True,True
경남대학교,문과대학,국어국문학과,,,True,True,True
덕성여자대학교,사회과학대학,문헌정보학과,,,True,True,True
서강대학교,문과대학,일본문화전공,,,True,True,True
대구사이버대학교,단과대구분없음,상담심리학과,,,True,True,True
숭실대학교,경제통상대학,경제학과,,,True,True,True
전북대학교,사범대학,사회교육학부(일반사회교육전공),,,True,True,True
춘천교육대학교,단과대구분없음,초등윤리교육과(심화과정),,,True,True,True
동국대학교(WISE),인문과학대학,문화예술철학전공,,,True,True,True
유원대학교,단과대구분없음,교양융합학부,,,True,True,True
공주대학교,인문사회과학대학,사학과,,,True,True,True
화신사이버대학교,단과대구분없음,상담심리학과,,,True,True,True
순천대학교,사범대학,영어교육과,,,True,True,True
광주대학교,공과대학,도시계획부동산학과,,,True,True,True
가톨릭대학교,단과대구분없음,중국언어문화전공,,,True,True,True
목포대학교,인문대학,중어중문학과,,,True,True,True
동의대학교,상경대학,외식산업경영학과,,,True,True,True
충남대학교,경상대학,무역학과,,,True,True,True
연세대학교(미래),인문예술대학,철학전공,,,True,True,True
부경대학교,경영대학,경영학부,,,True,True,True
경희대학교,정경대학,사회과학부,,,True,True,True
고려사이버대학교,단과대구분없음,사회복지학과,,,True,True,True
부산가톨릭대학교,사회과학대학,유통경영학과,,,True,True,True
동국대학교,사회과학대학,경찰행정학과,,,True,True,True
동의대학교,인문대학,광고홍보학과,,,True,True,True
전남대학교,사범대학,유아교육과,,,True,True,True
경성대학교,상경대학,국제무역통상학과,,,True,True,True
성균관대학교,문과대학,중어중문학과,,,True,True,True
전주대학교,인문대학,유럽언어문화전공,,,True,True,True
부경대학교,인문사회과학대학,영어영문학부,,,True,True,True
상지대학교,인문사회과학대학,문화콘텐츠학과,,,True,True,True
동국대학교,사회과학대학,정치행정학부,,,True,True,True
신라대학교,인문사회과학대학,경찰학전공,,,True,True,True
평택대학교,단과대구분없음,중국학과,,,True,True,True
한동대학교,단과대구분없음,국제어문학부,,,True,True,True
경희대학교,외국어대학,동아시아어학과군,,,True,True,True
경상국립대학교,경영대학,경영학과,,,True,True,True
경주대학교,단과대구분없음,부동산컨설팅전공,,,True,True,True
대신대학교,단과대구분없음,신학부,,,True,True,True
순천향대학교,사회과학대학,사회복지학과,,,True,True,True
우석대학교,문화사회대학,유통통상학부,,,True,True,True
서경대학교,인문과학대학,철학과,,,True,True,True
조선대학교,인문과학대학,국어국문학과,,,True,True,True
성균관대학교,사범대학,사범대학,,,True,True,True
전남대학교,사범대학,영어교육과,,,True,True,True
고려대학교(세종),인문대학,고고미술사학과,,,True,True,True
경기대학교,인문대학,유아교육학과,,,True,True,True
부산대학교,인문대학,일어일문학과,,,True,True,True
한양사이버대학교,단과대구분없음,시니어비즈니스학과,,,True,True,True
서원대학교,사범대학,역사교육과,,,True,True,True
한국방송통신대학교,인문과학대학,일본학과,,,True,True,True
광운대학교,단과대구분없음,교양학부(인문사회계열),,,True,True,True
이화여자대학교,사범대학,특수교육과,,,True,True,True
동국대학교(WISE),단과대구분없음,교양학부(인문사회계열),,,True,True,True
충북대학교,경영대학,경영정보학과,,,True,True,True
안양대학교,사회과학대학,관광영어통역전공,,,True,True,True
배재대학교,하워드대학,중국학부,,,True,True,True
우송대학교,단과대구분없음,GlobalDualDegree학부,,,True,True,True
청주대학교,인문대학,영어영문학과,,,True,True,True
건국대학교,정치대학,부동산학과,,,True,True,True
강원대학교,인문대학,일본학과,,,True,True,True
울산대학교,경영대학,경영정보학전공,,,True,True,True
한국항공대학교,항공-경영대학,경영학과,,,True,True,True
한국외국어대학교,영어대학,영어통번역학과,,,True,True,True
서울과학기술대학교,인문사회대학,문예창작학과,,,True,True,True
우석대학교,사범대학,특수교육과,,,True,True,True
동아대학교,인문과학대학,독어독문학과,,,True,True,True
영남대학교,문과대학,국사학과,,,True,True,True
대구한의대학교,국제문화정보대학,한국어문학부,,,True,True,True
강남대학교,사범대학,유아교육과,,,True,True,True
경성대학교,상경대학,경영학전공,,,True,True,True
한국외국어대학교,단과대구분없음,국제학부,,,True,True,True
이화여자대학교,사회과학대학,언론홍보영상학부,,,True,True,True
한남대학교,경상대학,비즈니스통계학과,,,True,True,True
한서대학교,단과대구분없음,행정학과,,,True,True,True
건국대학교,경영대학,경영정보학전공,,,True,True,True
공주교육대학교,사범대학,초등수학교육과(심화과정),,,True,True,True
숙명여자대학교,문과대학,중어중문학부,,,True,True,True
서울교육대학교,단과대구분없음,초등윤리교육과(심화과정),,,True,True,True
국민대학교,경영대학,e-비즈니스전공,,,True,True,True
협성대학교,신학대학,신학과,,,True,True,True
고려대학교,사범대학,영어교육과,,,True,True,True
전주대학교,인문대학,기독교학부,,,True,True,True
한국외국어대학교,서양어대학,이탈리아어과,,,True,True,True
화신사이버대학교,단과대구분없음,경영학과,,,True,True,True
수원대학교,인문대학,동양어문학부,,,True,True,True
경기대학교,관광대학,이벤트학과,,,True,True,True
강원대학교,인문사회과학대학,공공정책학과,,,True,True,True
울산대학교,인문대학,한국어문학전공,,,True,True,True
공주대학교,산업과학대학,지역개발학부,,,True,True,True
영남대학교,문과대학,언론정보학과,,,True,True,True
인하대학교,사회과학대학,사회과학부,,,True,True,True
전북대학교,사범대학,독어교육과,,,True,True,True
한라대학교,경영사회대학,미디어콘텐츠학과,,,True,True,True
순천향대학교,사회과학대학,신문방송학과,,,True,True,True
안양대학교,인문대학,중국어과,,,True,True,True
부산대학교,사범대학,국어교육과,,,True,True,True
단국대학교,사회과학대학,정치외교학과,,,True,True,True
한국외국어대학교,사범대학,프랑스어교육과,,,True,True,True
성균관대학교,사회과학대학,심리학과,,,True,True,True
경북대학교,경상대학,경제통상학부,,,True,True,True
동명대학교,경영대학,경영학과,,,True,True,True
국민대학교,경상대학,경제학과,,,True,True,True
광신대학교,단과대구분없음,유아교육과,,,True,True,True
서울대학교,경영대학,경영학과,,,True,True,True
대구가톨릭대학교,신학대학,철학전공,,,True,True,True
한양사이버대학교,단과대구분없음,부동산학과,,,True,True,True
고려대학교,문과대학,동양사학과,,,True,True,True
세종대학교,사회과학대학,국제통상학전공,,,True,True,True
서울디지털대학교,단과대구분없음,문예창작학과,,,True,True,True
한국해양대학교,국제대학,영어영문학과,,,True,True,True
강원대학교,사회과학대학,부동산학과,,,True,True,True
춘천교육대학교,단과대구분없음,초등실과교육과(심화과정),,,True,True,True
한서대학교,단과대구분없음,국제통상학과,,,True,True,True
전북대학교,사회과학대학,언론심리학부(심리학전공),,,True,True,True
강원대학교,동물생명과학대학,동물자원과학과,,,True,True,True
순천대학교,생명산업과학대학,동물자원과학과,,,True,True,True
충남대학교,농업생명과학대학,동물자원과학부,,,True,True,True
영산대학교,호텔관광대학,동양조리학과,,,True,True,True
동국대학교(WISE),과학기술대학,나노소재화학과,,,True,True,True
강릉원주대학교,자연과학대학,대기환경과학과,,,True,True,True
을지대학교,보건산업대학,건강식품과학전공,,,True,True,True
전주대학교,사범대학,과학교육과,,,True,True,True
제주대학교,생명자원과학대학,동물생명공학전공,,,True,True,True
경상국립대학교,농업생명과학대학,동물생명과학전공,,,True,True,True
부산대학교,생명자원과학대학,식물생명과학과,,,True,True,True
세종대학교,생명과학대학,분자생물학부,,,True,True,True
전남대학교,농업생명과학대학,생물산업공학과,,,True,True,True
강원대학교,농업생명과학대학,식물자원응용공학전공,,,True,True,True
연세대학교(미래),과학기술대학,생물자원공학전공,,,True,True,True
경상국립대학교,자연과학대학,생물학전공,,,True,True,True
강원대학교,농업생명과학대학,생물환경화학전공,,,True,True,True
대구대학교,공과대학,식품공학과,,,True,True,True
전북대학교,농업생명과학대학,식품공학과,,,True,True,True
서울과학기술대학교,에너지바이오대학,식품공학과,,,True,True,True
경북대학교,농업생명과학대학,식품공학부,,,True,True,True
영남대학교,자연자원대학,식품공학전공,,,True,True,True
공주대학교,사범대학,물리교육과,,,True,True,True
경북대학교,자연과학대학,물리학과,,,True,True,True
성균관대학교,자연과학대학,물리학과,,,True,True,True
창원대학교,자연과학대학,물리학과,,,True,True,True
연세대학교,이과대학,물리학과,,,True,True,True
경성대학교,이과대학,물리학과,,,True,True,True
건국대학교,이과대학,물리학부,,,True,True,True
충남대학교,자연과학대학,물리학전공,,,True,True,True
강원대학교,자연과학대학,생화학과,,,True,True,True
인하대학교,생활과학대학,생활과학부,,,True,True,True
명지대학교,자연과학대학,식품영양학과,,,True,True,True
성신여자대학교,생활과학대학,식품영양학과,,,True,True,True
목포대학교,생활과학예술체육대학,식품영양학과,,,True,True,True
송원대학교,단과대구분없음,식품영양학과,,,True,True,True
수원대학교,생활과학대학,식품영양학과,,,True,True,True
전남대학교,생활과학대학,식품영양학과,,,True,True,True
대구한의대학교,보건복지대학,식품조리영양학부,,,True,True,True
충북대학교,자연과학대학,미생물학과,,,True,True,True
충북대학교,자연과학대학,미생물학전공,,,True,True,True
전북대학교,환경생명자원대학,바이오식품공학과,,,True,True,True
상지대학교,생명자원과학대학,산림과학과,,,True,True,True
강원대학교,산림환경과학대학,산림자원보호학전공,,,True,True,True
전남대학교,농업생명과학대학,산림자원조경학부,,,True,True,True
공주대학교,산업과학대학,산림자원학과,,,True,True,True
강원대학교,산림환경과학대학,산림자원학과,,,True,True,True
순천대학교,생명산업과학대학,산림자원학과,,,True,True,True
전북대학교,농업생명과학대학,산림자원학과,,,True,True,True
충남대학교,농업생명과학대학,산림환경자원학과,,,True,True,True
강원대학교,자연과학대학,수리정보학부,,,True,True,True
부경대학교,수산과학대학,수산생명의학과,,,True,True,True
제주대학교,해양과학대학,수산생명의학전공,,,True,True,True
충북대학교,수의과대학,수의예과,,,True,True,True
명지대학교,자연과학대학,수학과,,,True,True,True
대구대학교,자연과학대학,수학과,,,True,True,True
호서대학교,자연과학대학,수학과,,,True,True,True
숭실대학교,자연과학대학,수학과,,,True,True,True
순천향대학교,자연과학대학,수학과,,,True,True,True
경희대학교,이과대학,수학과,,,True,True,True
단국대학교,사범대학,수학교육과,,,True,True,True
원광대학교,사범대학,수학교육과,,,True,True,True
순천대학교,사범대학,수학교육과,,,True,True,True
우석대학교,사범대학,수학교육과,,,True,True,True
전주대학교,사범대학,수학교육과,,,True,True,True
부산대학교,사범대학,수학교육과,,,True,True,True
목포대학교,사범대학,수학교육과,,,True,True,True
포항공과대학교(POSTECH),공과대학,생명과학과,,,True,True,True
경기대학교,자연과학대학,생명과학과,,,True,True,True
대구대학교,자연과학대학,생명과학과,,,True,True,True
고려대학교,생명과학대학,생명과학대학,,,True,True,True
가톨릭대학교,단과대구분없음,생명과학부,,,True,True,True
서강대학교,이과대학,생명과학전공,,,True,True,True
전남대학교,단과대구분없음,생명과학전공,,,True,True,True
세종대학교,공과대학,생명식품공학부,,,True,True,True
인하대학교,자연과학대학,자연과학계열,,,True,True,True
연세대학교(미래),과학기술대학,응용과학부,,,True,True,True
영남대학교,자연자원대학,응용미생물학과,,,True,True,True
영남대학교,자연자원대학,자연자원학부,,,True,True,True
강원대학교,농업생명과학대학,자원생물환경학부,,,True,True,True
충남대학교,농업생명과학대학,응용생물학과,,,True,True,True
강원대학교,농업생명과학대학,응용생물학전공,,,True,True,True
전남대학교,농업생명과학대학,응용식물학부,,,True,True,True
전남대학교,단과대구분없음,자율전공학부(자연),,,True,True,True
평택대학교,단과대구분없음,정보통계학과,,,True,True,True
경성대학교,이과대학,정보통계학과,,,True,True,True
평택대학교,단과대구분없음,정보통계학전공,,,True,True,True
금오공과대학교,단과대구분없음,응용화학과,,,True,True,True
동덕여자대학교,자연과학대학,응용화학전공,,,True,True,True
상명대학교,자연과학대학,의류학과,,,True,True,True
수원대학교,생활과학대학,의류학과,,,True,True,True
서울대학교,생활과학대학,의류학과,,,True,True,True
동국대학교(WISE),과학기술대학,이공계열,,,True,True,True
한국국제대학교,생활과학대학,외식조리학과,,,True,True,True
을지대학교,보건산업대학,외식조리학전공,,,True,True,True
고려대학교,생명과학대학,원예과학과,,,True,True,True
건국대학교,생명환경과학대학,원예과학전공,,,True,True,True
충남대학교,농업생명과학대학,원예학과,,,True,True,True
제주대학교,생명자원과학대학,원예환경전공,,,True,True,True
강원대학교,산림환경과학대학,임산공학과,,,True,True,True
전남대학교,농업생명과학대학,임산공학과,,,True,True,True
경북대학교,자연과학대학,천문대기과학과,,,True,True,True
서울시립대학교,자연과학대학,통계학과,,,True,True,True
서울대학교,자연과학대학,통계학과,,,True,True,True
이화여자대학교,자연과학대학,통계학전공,,,True,True,True
강원대학교,의생명과학대학,의생명공학과,,,True,True,True
부산대학교,생명자원과학대학,동물생명자원과학과,,,True,True,True
연세대학교,이과대학,화학과,,,True,True,True
포항공과대학교(POSTECH),공과대학,화학과,,,True,True,True
군산대학교,자연과학대학,화학과,,,True,True,True
숙명여자대학교,이과대학,화학과,,,True,True,True
순천향대학교,자연과학대학,화학과,,,True,True,True
건국대학교,이과대학,화학과,,,True,True,True
한국교원대학교,제3대학,화학교육과,,,True,True,True
순천대학교,생명산업과학대학,조리과학과,,,True,True,True
성균관대학교,단과대구분없음,화학전공,,,True,True,True
충남대학교,자연과학대학,화학전공,,,True,True,True
전북대학교,생활과학대학,주거환경학과,,,True,True,True
충북대학교,생활과학대학,주거환경학과,,,True,True,True
충남대학교,농업생명과학대학,환경임산자원학부,,,True,True,True
대구한의대학교,보건복지대학,한방바이오환경학과,,,True,True,True
대구한의대학교,한방산업대학,한방식품과학부,,,True,True,True
대구한의대학교,보건복지대학,한방식품조리학전공,,,True,True,True
목포대학교,자연과학대학,한약자원학과,,,True,True,True
공주대학교,사범대학,지구과학교육과,,,True,True,True
강원대학교,자연과학대학,지구물리학과,,,True,True,True
강원대학교,공과대학,지구시스템공학전공,,,True,True,True
세종대학교,자연과학대학,지구환경과학과,,,True,True,True
충남대학교,자연과학대학,지구환경과학부,,,True,True,True
전남대학교,사회과학대학,지리학과,,,True,True,True
카이스트(KAIST/한국과학기술원),자연과학대학,수리과학과,,,True,True,True
제주대학교,해양과학대학,해양생명과학전공,,,True,True,True
강원대학교,자연과학대학,지질학과,,,True,True,True
충남대학교,자연과학대학,지질환경과학과,,,True,True,True
원광디지털대학교,단과대구분없음,차문화경영학과,,,True,True,True
전남대학교,수산해양대학,해양생산관리학과,,,True,True,True
강릉원주대학교,생명과학대학,해양자원육성학과,,,True,True,True
전북대학교,농업생명과학대학,산림환경과학과,,,True,True,True
전북대학교,자연과학대학,생물과학부(분자생물학전공),,,True,True,True
전북대학교,공과대학,환경화학공학부(공업화학전공),,,True,True,True
전북대학교,농업생명과학대학,생물자원시스템공학부(지역건설공학전공),,,True,True,True
전북대학교,농업생명과학대학,동물자원과학부(동물소재공학전공),,,True,True,True
을지대학교,보건산업대학,식품산업외식학과,,,True,True,True
세종대학교,자연과학대학,물리학전공/물리천문지구환경,,,True,True,True
전북대학교,자연과학대학,과학기술학부(물리학전공),,,True,True,True
경희대학교,단과대구분없음,자율전공학과(자연),,,True,True,True
원광대학교,생명자원과학대학,생물환경화학과,,,True,True,True
전북대학교,농업생명과학대학,생물환경화학과,,,True,True,True
순천대학교,단과대구분없음,자유전공학부(자연),,,True,True,True
한양대학교(ERICA),공학대학,생명나노공학과,,,True,True,True
한경국립대학교,농업생명과학대학,식물생명환경과학과,,,True,True,True
이화여자대학교,건강과학대학,공통전공,,,True,True,True
강원대학교,동물생명과학대학,동물자원과학전공,,,True,True,True
공주대학교,산업과학대학,동물자원학과,,,True,True,True
강원대학교,동물생명과학대학,동물자원학부,,,True,True,True
목포대학교,자연과학대학,기초과학부,,,True,True,True
경상국립대학교,농업생명과학대학,농생명학부,,,True,True,True
전북대학교,자연과학대학,과학학과,,,True,True,True
건국대학교,동물생명과학대학,동물생명공학전공,,,True,True,True
동국대학교,생명자원과학대학,생명자원과학부,,,True,True,True
건국대학교,생명환경과학대학,분자생명공학전공,,,True,True,True
부산대학교,자연과학대학,분자생물학과,,,True,True,True
세종대학교,생명과학대학,분자생물학전공,,,True,True,True
대구대학교,생명환경대학,생명환경학부(식품환경안전학전공),,,True,True,True
조선대학교,사범대학,생물교육과,,,True,True,True
공주대학교,사범대학,생물교육과,,,True,True,True
공주대학교,산업과학대학,생물산업기계공학전공,,,True,True,True
강원대학교,농업생명과학대학,식물자원학전공,,,True,True,True
강원대학교,농업생명과학대학,생물자원공학부,,,True,True,True
전북대학교,농업생명과학대학,생물자원시스템공학부,,,True,True,True
전남대학교,자연과학대학,생물학과,,,True,True,True
부산대학교,생명자원과학대학,식품공학과,,,True,True,True
서울여자대학교,자연과학대학,식품공학과,,,True,True,True
전남대학교,농업생명과학대학,식품공학과,,,True,True,True
공주대학교,산업과학대학,식품공학전공,,,True,True,True
이화여자대학교,공과대학,식품공학전공,,,True,True,True
서울시립대학교,자연과학대학,물리학과,,,True,True,True
공주대학교,자연과학대학,물리학과,,,True,True,True
경상국립대학교,자연과학대학,물리학과,,,True,True,True
카이스트(KAIST/한국과학기술원),자연과학대학,물리학과,,,True,True,True
고려대학교,이과대학,물리학과,,,True,True,True
대구대학교,자연과학대학,물리학과,,,True,True,True
전북대학교,자연과학대학,물리학과,,,True,True,True
이화여자대학교,자연과학대학,물리학전공,,,True,True,True
세종대학교,자연과학대학,물리학전공/물리천문,,,True,True,True
충남대학교,자연과학대학,생화학과,,,True,True,True
경희대학교,생활과학대학,생활과학부,,,True,True,True
을지대학교,보건산업대학,식품영양학과,,,True,True,True
호남대학교,보건과학대학,식품영양학과,,,True,True,True
광주대학교,보건복지교육대학,식품영양학과,,,True,True,True
동덕여자대학교,자연과학대학,식품영양학과,,,True,True,True
광주여자대학교,단과대구분없음,식품영양학과,,,True,True,True
호원대학교,보건복지대학,식품외식조리학부,,,True,True,True
호원대학교,보건복지대학,식품환경화공학부,,,True,True,True
경상국립대학교,자연과학대학,미생물학과,,,True,True,True
영남대학교,자연자원대학,산림자원학과,,,True,True,True
동국대학교,생명자원과학대학,산림자원학과,,,True,True,True
전남대학교,농업생명과학대학,산림자원학부,,,True,True,True
충북대학교,농업생명환경대학,산림학전공,,,True,True,True
건국대학교,생명환경과학대학,산림환경과학전공,,,True,True,True
서울대학교,자연과학대학,수리과학부,,,True,True,True
동아대학교,자연과학대학,수학과,,,True,True,True
수원대학교,자연과학대학,수학과,,,True,True,True
목원대학교,테크노과학대학,수학과,,,True,True,True
부산교육대학교,단과대구분없음,수학교육과,,,True,True,True
홍익대학교,사범대학,수학교육과,,,True,True,True
제주대학교,사범대학,수학교육과,,,True,True,True
서울대학교,사범대학,수학교육과,,,True,True,True
가톨릭관동대학교,사범대학,수학교육과,,,True,True,True
충남대학교,사범대학,수학교육과,,,True,True,True
성균관대학교,사범대학,수학교육과,,,True,True,True
전남대학교,자연과학대학,수학통계학부,,,True,True,True
공주대학교,자연과학대학,생명과학과,,,True,True,True
한림대학교,자연과학대학,생명과학과,,,True,True,True
동국대학교,이과대학,생명과학과,,,True,True,True
한동대학교,단과대구분없음,생명과학부,,,True,True,True
순천대학교,생명산업과학대학,생명과학부,,,True,True,True
성균관대학교,단과대구분없음,생명과학전공,,,True,True,True
한양대학교,자연과학대학,생명과학전공,,,True,True,True
고려대학교,생명과학대학,생명유전공학부,,,True,True,True
고려대학교(세종),과학기술대학,정보수학과,,,True,True,True
고려대학교,생명과학대학,응용생명환경화학과,,,True,True,True
건국대학교,생명환경과학대학,응용생물화학전공,,,True,True,True
금오공과대학교,단과대구분없음,응용수학전공,,,True,True,True
전북대학교,단과대구분없음,자율전공학부(자연),,,True,True,True
동덕여자대학교,정보대학,정보통계학과,,,True,True,True
동국대학교(WISE),과학기술대학,정보통계학과,,,True,True,True
강릉원주대학교,자연과학대학,정보통계학과,,,True,True,True
중앙대학교,경영경제대학,응용통계학과,,,True,True,True
경희대학교,응용과학대학,응용화학과,,,True,True,True
안동대학교,자연과학대학,응용화학과,,,True,True,True
건국대학교,동물생명과학대학,영양자원학전공,,,True,True,True
한경국립대학교,자연과학대학,의류산업학과,,,True,True,True
창원대학교,자연과학대학,의류학과,,,True,True,True
목포대학교,생활과학예술체육대학,의류학과,,,True,True,True
동아대학교,자연과학대학,신소재물리학과,,,True,True,True
고려대학교,이과대학,이과대학,,,True,True,True
제주대학교,자연과학대학,전산통계학과,,,True,True,True
경희대학교,호텔관광대학,외식산업학과,,,True,True,True
경기대학교,자연과학대학,전자물리학과,,,True,True,True
경북대학교,농업생명과학대학,원예과학과,,,True,True,True
강원대학교,농업생명과학대학,원예과학전공,,,True,True,True
전북대학교,농업생명과학대학,원예학과,,,True,True,True
강원대학교,농업생명과학대학,원예학과,,,True,True,True
배재대학교,아펜젤러대학,원예학전공,,,True,True,True
동아대학교,생명자원과학대학,유전공학과,,,True,True,True
서울과학기술대학교,에너지바이오대학,정밀화학과,,,True,True,True
전주대학교,경영대학,여론정보통계학과,,,True,True,True
경상국립대학교,해양과학대학,해양환경공학전공,,,True,True,True
충남대학교,자연과학대학,천문우주과학전공,,,True,True,True
영남대학교,자연자원대학,원예생명과학과,,,True,True,True
청주대학교,이공대학,통계학과,,,True,True,True
숙명여자대학교,이과대학,통계학과,,,True,True,True
영남대학교,이과대학,통계학과,,,True,True,True
상명대학교,자연과학대학,외식영양학과,,,True,True,True
경상국립대학교,농업생명과학대학,축산학과,,,True,True,True
전주대학교,문화관광대학,패션산업학과,,,True,True,True
명지대학교,자연과학대학,화학과,,,True,True,True
창원대학교,자연과학대학,화학과,,,True,True,True
숭실대학교,자연과학대학,화학과,,,True,True,True
조선대학교,사범대학,화학교육과,,,True,True,True
공주대학교,사범대학,화학교육과,,,True,True,True
강릉원주대학교,자연과학대학,화학신소재학과,,,True,True,True
순천대학교,사범대학,환경교육과,,,True,True,True
울산대학교,생활과학대학,주거환경학전공,,,True,True,True
원광디지털대학교,단과대구분없음,한국복식과학학과,,,True,True,True
순천향대학교,자연과학대학,환경보건학과,,,True,True,True
경상국립대학교,농업생명과학대학,환경산림과학부,,,True,True,True
전북대학교,사범대학,지구과학교육과,,,True,True,True
한국교원대학교,제3대학,지구과학교육과,,,True,True,True
연세대학교,이과대학,지구시스템과학과,,,True,True,True
신라대학교,인문사회과학대학,지리학과,,,True,True,True
강원대학교,농업생명과학대학,지역기반공학전공,,,True,True,True
조선대학교,자연과학대학,해양생명과학과,,,True,True,True
영남대학교,자연자원대학,식품학부,,,True,True,True
군산대학교,해양과학대학,해양학과,,,True,True,True
공주대학교,산업과학대학,식물자원학과(야간),,,True,True,True
순천대학교,생명산업과학대학,생물환경학과,,,True,True,True
전북대학교,농업생명과학대학,생물환경학과,,,True,True,True
전북대학교,농업생명과학대학,생물자원과학부(농생물학전공),,,True,True,True
중앙대학교,자연과학대학,수학통계학부(통계전공),,,True,True,True
전북대학교,자연과학대학,생물과학부(세포및분자생물학전공),,,True,True,True
전북대학교,농업생명과학대학,응용생물공학부(식품공학전공),,,True,True,True
강원대학교,산림환경과학대학,산림경영학과,,,True,True,True
충남대학교,자유전공학부,과학기술전공,,,True,True,True
목포대학교,자연과학대학,자연계자율전공학과,,,True,True,True
목포대학교,자연과학대학,해양수산자원학과,,,True,True,True
전북대학교,생활과학대학,생활과학부(가정관리학전공),,,True,True,True
경희대학교,예술ㆍ디자인대학,환경조경디자인학과,,,True,True,True
충남대학교,농업생명과학대학,바이오시스템기계공학과,,,True,True,True
상명대학교,융복합특성화대학,그린생명과학과,,,True,True,True
한경국립대학교,농업생명과학대학,동물생명환경과학과,,,True,True,True
경상국립대학교,사범대학,화학교육과,,,True,True,True
전주대학교,문화관광대학,전통음식문화전공,,,True,True,True
전북대학교,농업생명과학대학,동물생명공학과,,,True,True,True
연세대학교,학부대학,생활과학계열,,,True,True,True
서울대학교,자연과학대학,생명과학부,,,True,True,True
전북대학교,사범대학,과학교육학부,,,True,True,True
원광디지털대학교,단과대구분없음,웰빙건강학부,,,True,True,True
전북대학교,농업생명과학대학,산림과학부,,,True,True,True
동아대학교,자연과학대학,생명과학전공,,,True,True,True
제주대학교,자연과학대학,수학전산통계학학과군,,,True,True,True
충남대학교,자연과학대학,기초과학부,,,True,True,True
전북대학교,생활과학대학,생활과학부,,,True,True,True
안동대학교,사범대학,수학교육과,,,True,True,True
전북대학교,자연과학대학,과학기술학부(지구환경과학전공),,,True,True,True
강원대학교,수의과대학,수의예과,,,True,True,True
목포대학교,사범대학,환경교육과,,,True,True,True
서울여자대학교,단과대구분없음,자율전공학부(자연계열),,,True,True,True
한양대학교,사범대학,수학교육과,,,True,True,True
성신여자대학교,자연과학대학,통계학과,,,True,True,True
강릉원주대학교,생명과학대학,해양식품공학과,,,True,True,True
동국대학교(WISE),과학기술대학,생명과학전공,,,True,True,True
경북대학교,농업생명과학대학,식품공학과,,,True,True,True
청주대학교,이공대학,생명과학과,,,True,True,True
경희대학교,응용과학대학,응용물리학과,,,True,True,True
성신여자대학교,자연과학대학,화학과,,,True,True,True
경희대학교,생활과학대학,식품영양학과,,,True,True,True
청주대학교,사회과학대학,지적학과,,,True,True,True
경북대학교,사범대학,수학교육과,,,True,True,True
경북대학교,자연과학대학,생물학과,,,True,True,True
동국대학교,이과대학,통계학전공,,,True,True,True
경희대학교,생활과학대학,의상학과,,,True,True,True
경성대학교,이과대학,생물학과,,,True,True,True
동국대학교(WISE),과학기술대학,나노생명과학부,,,True,True,True
조선대학교,사범대학,지구과학교육과,,,True,True,True
순천대학교,생명산업과학대학,식물의학과,,,True,True,True
호서대학교,자연과학대학,식품영양학전공,,,True,True,True
세종대학교,자연과학대학,지구환경학전공,,,True,True,True
충북대학교,수의과대학,수의학과,,,True,True,True
성신여자대학교,단과대구분없음,자율전공학부(자연),,,True,True,True
충남대학교,자연과학대학,수학과,,,True,True,True
강원대학교,산림환경과학대학,산림경영학전공,,,True,True,True
서울대학교,사범대학,물리교육과,,,True,True,True
중앙대학교,자연과학대학,물리학과,,,True,True,True
강원대학교,동물생명과학대학,동물생명공학과,,,True,True,True
강원대학교,농업생명과학대학,농업자원경제학과,,,True,True,True
제주대학교,자연과학대학,식품영양학과,,,True,True,True
울산대학교,자연과학대학,물리학전공,,,True,True,True
부산대학교,생명자원과학대학,지역환경시스템전공,,,True,True,True
덕성여자대학교,자연과학대학,정보통계학과,,,True,True,True
한경국립대학교,농업생명과학대학,원예학과,,,True,True,True
국민대학교,자연과학대학,나노전자물리학과,,,True,True,True
경기대학교,경상대학,응용정보통계학과,,,True,True,True
충북대학교,자연과학대학,수학과,,,True,True,True
동국대학교,이과대학,물리학과,,,True,True,True
전북대학교,사범대학,수학교육과,,,True,True,True
충남대학교,공과대학,공업교육학부,,,True,True,True
성균관대학교,생명공학대학,유전공학과,,,True,True,True
경상국립대학교,자연과학대학,생물학과,,,True,True,True
숙명여자대학교,생활과학대학,의류학과,,,True,True,True
전남대학교,자연과학대학,생명과학기술학부,,,True,True,True
동국대학교,이과대학,수학전공,,,True,True,True
경남대학교,사범대학,수학교육과,,,True,True,True
전주대학교,사범대학,가정교육과,,,True,True,True
경상국립대학교,자연과학대학,생화학과,,,True,True,True
전남대학교,단과대구분없음,생명과학기술학부,,,True,True,True
연세대학교(미래),과학기술대학,생명과학전공,,,True,True,True
경상국립대학교,자연과학대학,화학과,,,True,True,True
전남대학교,생활과학대학,가정관리학과,,,True,True,True
우송대학교,단과대구분없음,외식조리영양학부,,,True,True,True
충북대학교,자연과학대학,물리학과,,,True,True,True
세종대학교,공과대학,나노공학전공/나노신소재공학부,,,True,True,True
한서대학교,단과대구분없음,수학과,,,True,True,True
전북대학교,농업생명과학대학,산림과학부(목재응용과학전공),,,True,True,True
제주대학교,생명자원과학대학,식물자원환경전공,,,True,True,True
충북대학교,사범대학,수학교육과,,,True,True,True
상지대학교,보건과학대학,식품영양학과,,,True,True,True
전남대학교,자연과학대학,생명과학전공,,,True,True,True
강원대학교,동물생명과학대학,동물식품응용과학과,,,True,True,True
동국대학교,이과대학,화학과,,,True,True,True
청주대학교,사범대학,수학교육과,,,True,True,True
건국대학교,생명환경과학대학,환경과학전공,,,True,True,True
전주교육대학교,단과대구분없음,수학교육과(심화전공),,,True,True,True
연세대학교(미래),과학기술대학,화학및의화학전공,,,True,True,True
강원대학교,사범대학,과학교육학부,,,True,True,True
부경대학교,자연과학대학,응용수학과,,,True,True,True
강원대학교,의생명과학대학,분자생명과학과,,,True,True,True
한국교원대학교,제3대학,생물교육과,,,True,True,True
포항공과대학교(POSTECH),공과대학,물리학과,,,True,True,True
경희대학교,이과대학,물리학과,,,True,True,True
경북대학교,농업생명과학대학,생물산업기계공학과,,,True,True,True
한남대학교,생명ㆍ나노과학대학,생명시스템과학과,,,True,True,True
서울대학교,사범대학,화학교육과,,,True,True,True
전북대학교,농업생명과학대학,생물자원시스템공학부(지역기반건설공학전공),,,True,True,True
서강대학교,단과대구분없음,바이오융합기술연계전공,,,True,True,True
순천향대학교,자연과학대학,생명과학과,,,True,True,True
건국대학교,이과대학,양자상및소자전공,,,True,True,True
세종대학교,자연과학대학,응용화학전공/화학생물학부,,,True,True,True
우석대학교,식품과학대학,외식산업조리학과,,,True,True,True
전남대학교,공과대학,응용화학부,,,True,True,True
전남대학교,농업생명과학대학,동물자원학부,,,True,True,True
세종대학교,자연과학대학,응용수학전공,,,True,True,True
공주대학교,자연과학대학,응용수학과,,,True,True,True
금오공과대학교,단과대구분없음,응용수학과,,,True,True,True
경북대학교,공과대학,응용화학과,,,True,True,True
강원대학교,자연과학대학,생물학전공,,,True,True,True
제주대학교,자연과학대학,생활과학학과군,,,True,True,True
연세대학교,생명시스템대학,시스템생물학과,,,True,True,True
이화여자대학교,건강과학대학,식품영양학과,,,True,True,True
중원대학교,단과대구분없음,한방산업학부,,,True,True,True
강원대학교,의생명과학대학,의생명공학전공,,,True,True,True
성균관대학교,자연과학대학,수학과,,,True,True,True
삼육대학교,과학기술대학,화학과,,,True,True,True
전남대학교,자연과학대학,물리학과,,,True,True,True
남부대학교,단과대구분없음,호텔조리학과,,,True,True,True
경상국립대학교,수의과대학,수의학과,,,True,True,True
경북대학교,자연과학대학,수의예과,,,True,True,True
대구대학교,자연과학대학,전산통계학과,,,True,True,True
강원대학교,자연과학대학,생명과학과,,,True,True,True
부산대학교,자연과학대학,대기환경과학과,,,True,True,True
강릉원주대학교,생명과학대학,해양분자생명공학과,,,True,True,True
충남대학교,자연과학대학,화학과,,,True,True,True
동의대학교,자연과학대학,생명과학부,,,True,True,True
제주대학교,자연과학대학,생물학과,,,True,True,True
경일대학교,공과대학,자연계열자율전공학과,,,True,True,True
충북대학교,자연과학대학,생화학전공,,,True,True,True
삼육대학교,과학기술대학,동물생명공학전공,,,True,True,True
영남대학교,이과대학,수학과,,,True,True,True
세종대학교,생명과학대학,식품공학전공,,,True,True,True
선문대학교,공과대학,기초과학부,,,True,True,True
부산대학교,생명자원과학대학,바이오환경에너지학과,,,True,True,True
세종대학교,자연과학대학,천문우주학과,,,True,True,True
공주대학교,산업과학대학,원예학과,,,True,True,True
동국대학교,생명자원과학대학,식품자원경제학과,,,True,True,True
제주대학교,해양과학대학,해양의생명과학부,,,True,True,True
대구대학교,사범대학,수학교육과,,,True,True,True
영남대학교,이과대학,물리학과,,,True,True,True
중원대학교,단과대구분없음,융합과학부,,,True,True,True
강원대학교,자연과학대학,물리화학과군,,,True,True,True
가천대학교,단과대구분없음,식품영양학과,,,True,True,True
부산대학교,사범대학,화학교육과,,,True,True,True
전북대학교,생활과학대학,생활과학부(식품영양학전공),,,True,True,True
충북대학교,사범대학,생물교육과,,,True,True,True
동국대학교,바이오시스템대학,바이오학부,,,True,True,True
전북대학교,농업생명과학대학,산림과학부(산림자원학전공),,,True,True,True
목원대학교,사범대학,수학교육과,,,True,True,True
전북대학교,자연과학대학,분자생물학과,,,True,True,True
세종대학교,생명과학대학,식품공학부,,,True,True,True
영남대학교,단과대구분없음,분자생명과학전공,,,True,True,True
전남대학교,생활과학대학,의류학과,,,True,True,True
경상국립대학교,자연과학대학,식품영양학과,,,True,True,True
강원대학교,자연과학대학,정보통계학과,,,True,True,True
동덕여자대학교,자연과학대학,응용화학과,,,True,True,True
고려대학교,사범대학,수학교육과,,,True,True,True
전북대학교,농업생명과학대학,동물자원과학부(동물생명공학전공),,,True,True,True
동의대학교,자연과학대학,생명응용학과,,,True,True,True
세종대학교,자연과학대학,천문우주학전공/지구천문,,,True,True,True
영남대학교,생활과학대학,의류패션학과,,,True,True,True
한국공학대학교,단과대구분없음,생명화학공학과,,,True,True,True
강원대학교,수의과대학,수의학과,,,True,True,True
평택대학교,단과대구분없음,교양학부(자연과학계열),,,True,True,True
이화여자대학교,자연과학대학,분자생명과학부,,,True,True,True
공주대학교,산업과학대학,생물산업공학부,,,True,True,True
세종대학교,자연과학대학,물리천문학부,,,True,True,True
동의대학교,생활과학대학,식품영양학과,,,True,True,True
대구대학교,생명환경대학,동물자원학과,,,True,True,True
서울대학교,농업생명과학대학,식물생산과학부,,,True,True,True
국민대학교,자연과학대학,생명나노화학과,,,True,True,True
가톨릭대학교,단과대구분없음,소비자주거학전공,,,True,True,True
청주대학교,이공대학,나노과학전공,,,True,True,True
경상국립대학교,사범대학,가정교육과,,,True,True,True
대구대학교,생명환경대학,생명환경학부,,,True,True,True
한남대학교,생명ㆍ나노과학대학,광전자물리학과,,,True,True,True
충남대학교,농업생명과학대학,낙농산업과학전공,,,True,True,True
신라대학교,의생명과학대학,식품영양학과,,,True,True,True
건국대학교,동물생명과학대학,사료영양학과,,,True,True,True
목포대학교,자연과학대학,원예과학과,,,True,True,True
경상국립대학교,농업생명과학대학,농학과,,,True,True,True
가톨릭대학교,단과대구분없음,환경생물학전공,,,True,True,True
충남대학교,자연과학대학,물리학과,,,True,True,True
충남대학교,생활과학대학,소비자생활정보학과,,,True,True,True
경희대학교,응용과학대학,우주과학과,,,True,True,True
동국대학교,이과대학,생물학전공,,,True,True,True
순천대학교,생명산업과학대학,한약자원개발학과,,,True,True,True
제주대학교,생명자원과학대학,응용생명공학전공,,,True,True,True
동국대학교,생명자원과학대학,식물생명공학과,,,True,True,True
충북대학교,자연과학대학,화학과,,,True,True,True
한양대학교,자연과학대학,물리학전공,,,True,True,True
청주대학교,이공대학,응용화학과,,,True,True,True
전남대학교,수산해양대학,수산생명의학과,,,True,True,True
국민대학교,삼림과학대학,임산생명공학과,,,True,True,True
충남대학교,수의과대학,수의예과,,,True,True,True
전남대학교,자연과학대학,통계학과,,,True,True,True
연세대학교,학부대학,생명시스템계열,,,True,True,True
부산대학교,사범대학,지구과학교육과,,,True,True,True
동아대학교,생명자원과학대학,의약생명공학과,,,True,True,True
순천향대학교,자연과학대학,해양생명공학전공,,,True,True,True
경상국립대학교,사범대학,생물교육과,,,True,True,True
광운대학교,자연과학대학,화학과,,,True,True,True
공주대학교,산업과학대학,특수동물학과,,,True,True,True
충남대학교,생명시스템과학대학,생물과학과,,,True,True,True
부산대학교,자연과학대학,수학과,,,True,True,True
서울대학교,자연과학대학,자연과학대학,,,True,True,True
경희대학교,생활과학대학,주거환경학과,,,True,True,True
동국대학교,이과대학,화학전공,,,True,True,True
경북대학교,농업생명과학대학,응용생물화학부,,,True,True,True
영남대학교,이과대학,화학과,,,True,True,True
동의대학교,생활과학대학,생활과학학과군,,,True,True,True
대구가톨릭대학교,사범대학,수학교육과,,,True,True,True
대구대학교,사범대학,과학교육학부(물리교육전공),,,True,True,True
충남대학교,자연과학대학,해양환경과학과,,,True,True,True
고려대학교,이과대학,수학과,,,True,True,True
광주교육대학교,단과대구분없음,수학교육과(심화전공),,,True,True,True
숙명여자대학교,이과대학,나노물리학과,,,True,True,True
건국대학교,건축대학,주거환경전공,,,True,True,True
군산대학교,자연과학대학,의류학과,,,True,True,True
공주대학교,자연과학대학,의류상품학과,,,True,True,True
강원대학교,산림환경과학대학,산림자원학부,,,True,True,True
신라대학교,의생명과학대학,생물과학과,,,True,True,True
가톨릭관동대학교,사범대학,가정교육과,,,True,True,True
광주과학기술원,단과대구분없음,생명과학전공,,,True,True,True
순천대학교,생명산업과학대학,원예학과,,,True,True,True
전남대학교,자연과학대학,분자생명과학계열,,,True,True,True
전남대학교,수의과대학,수의예과,,,True,True,True
광운대학교,자연과학대학,수학과,,,True,True,True
수원대학교,자연과학대학,생명과학과,,,True,True,True
전주교육대학교,단과대구분없음,과학교육과(심화전공),,,True,True,True
경희대학교,호텔관광대학,조리과학과,,,True,True,True
제주대학교,생명자원과학대학,생물산업학부,,,True,True,True
이화여자대학교,자연과학대학,생명과학전공,,,True,True,True
세종대학교,자연과학대학,수학통계학부,,,True,True,True
군산대학교,자연과학대학,식품영양학과,,,True,True,True
건국대학교,이과대학,지리학과,,,True,True,True
가톨릭관동대학교,관광스포츠대학,호텔외식조리학전공,,,True,True,True
가천대학교,단과대구분없음,생명과학과,,,True,True,True
서울대학교,사범대학,지구과학교육과,,,True,True,True
전북대학교,자연과학대학,수학과,,,True,True,True
한국교원대학교,제3대학,물리교육과,,,True,True,True
제주대학교,사범대학,물리교육전공,,,True,True,True
부산대학교,사범대학,물리교육과,,,True,True,True
세종대학교,자연과학대학,분자생물학전공,,,True,True,True
동덕여자대학교,정보과학대학,정보통계학과,,,True,True,True
동국대학교,바이오시스템대학,생명과학과,,,True,True,True
경상국립대학교,자연과학대학,지구환경과학과,,,True,True,True
순천대학교,생명산업과학대학,생물학과,,,True,True,True
세명대학교,자연과학대학,천연물의약바이오학과,,,True,True,True
강원대학교,농업생명과학대학,농업공학부,,,True,True,True
제주대학교,생명자원과학대학,응용생물산업학과,,,True,True,True
동국대학교,생명자원과학대학,식물자원학전공,,,True,True,True
성신여자대학교,생활과학대학,의류학과,,,True,True,True
부경대학교,수산과학대학,식품공학전공,,,True,True,True
경북대학교,농업생명과학대학,식물생명과학부,,,True,True,True
전남대학교,단과대구분없음,생물공학전공,,,True,True,True
인하대학교,자연과학대학,물리화학부,,,True,True,True
충북대학교,농업생명환경대학,식물자원학과,,,True,True,True
용인대학교,보건복지대학,식품영양학과,,,True,True,True
울산대학교,생활과학대학,의류학전공,,,True,True,True
동서대학교,단과대구분없음,식품영양학전공,,,True,True,True
경북대학교,농업생명과학대학,응용생명과학부,,,True,True,True
상명대학교,자연과학대학,소비자주거학과,,,True,True,True
동국대학교,이과대학,통계학과,,,True,True,True
공주대학교,단과대구분없음,교양과(자연과학계열),,,True,True,True
군산대학교,해양과학대학,해양생명과학부(해양생물공학전공),,,True,True,True
한국교원대학교,제3대학,수학교육과,,,True,True,True
세종대학교,자연과학대학,화학전공/화학환경학부,,,True,True,True
원광대학교,사범대학,가정교육과,,,True,True,True
부경대학교,자연과학대학,통계학과,,,True,True,True
강원대학교,자연과학대학,환경과학과,,,True,True,True
충북대학교,자연과학대학,정보통계학과,,,True,True,True
고려대학교,생명과학대학,생명과학계열학부,,,True,True,True
경희대학교,공과대학,환경학및환경공학과,,,True,True,True
강원대학교,산림환경과학대학,산림환경보호학과,,,True,True,True
강원대학교,자연과학대학,지구과학부,,,True,True,True
경상국립대학교,수의과대학,수의예과,,,True,True,True
용인대학교,환경과학대학,물류통계정보학과,,,True,True,True
경북대학교,수의과대학,수의학과,,,True,True,True
진주교육대학교,단과대구분없음,수학교육과(심화전공),,,True,True,True
전주대학교,문화관광대학,패션산업전공,,,True,True,True
강남대학교,공과대학,응용수학과,,,True,True,True
대구대학교,생명환경대학,생명환경학부(바이오산업학전공),,,True,True,True
삼육대학교,과학기술대학,생명과학과,,,True,True,True
제주대학교,사범대학,과학교육과,,,True,True,True
상명대학교,생활과학대학,외식영양학과,,,True,True,True
한국열린사이버대학교,단과대구분없음,자연예술계열,,,True,True,True
공주대학교,자연과학대학,대기과학과,,,True,True,True
전북대학교,농업생명과학대학,생물자원시스템공학부(생물산업기계공학전공),,,True,True,True
강원대학교,산림환경과학대학,산림자원조성학전공,,,True,True,True
경상국립대학교,해양과학대학,해양생명과학부,,,True,True,True
동국대학교,생명자원과학대학,식물자원학과,,,True,True,True
대구대학교,자연과학대학,의생명과학과,,,True,True,True
동국대학교,사범대학,가정교육과,,,True,True,True
경상국립대학교,농업생명과학대학,산림환경자원학전공,,,True,True,True
서울대학교,자연과학대학,지구환경과학부,,,True,True,True
경상국립대학교,자연과학대학,정보통계학과,,,True,True,True
한경국립대학교,자연과학대학,응용수학과,,,True,True,True
창원대학교,자연과학대학,식품영양학과,,,True,True,True
공주대학교,자연과학대학,지질환경과학과,,,True,True,True
평택대학교,단과대구분없음,디지털응용정보학과,,,True,True,True
동국대학교(WISE),사범교육대학,가정교육과,,,True,True,True
강릉원주대학교,자연과학대학,수학과,,,True,True,True
강원대학교,자연과학대학,생명과학부,,,True,True,True
동아대학교,생명자원과학대학,응용생명공학부,,,True,True,True
세종대학교,자연과학대학,물리천문지구환경학부,,,True,True,True
목포대학교,자연과학대학,생명과학과,,,True,True,True
울산과학기술원,단과대구분없음,나노생명화학공학부,,,True,True,True
세종대학교,공과대학,생명공학전공/생명식품,,,True,True,True
군산대학교,해양과학대학,수산생명의학과,,,True,True,True
충북대학교,자연과학대학,지구환경과학과,,,True,True,True
전북대학교,생활과학대학,의류학과,,,True,True,True
가톨릭대학교,단과대구분없음,의류학전공,,,True,True,True
경북대학교,농업생명과학대학,응용생명과학부 환경생명화학전공,,,True,True,True
동국대학교,생명자원과학대학,생명자원산업유통학전공,,,True,True,True
공주대학교,사범대학,수학교육과,,,True,True,True
세종대학교,자연과학대학,물리학전공,,,True,True,True
금오공과대학교,단과대구분없음,자연과학부,,,True,True,True
삼육대학교,과학기술대학,동물자원학전공,,,True,True,True
창원대학교,자연과학대학,수학과,,,True,True,True
전주대학교,문화관광대학,한식조리학과,,,True,True,True
서강대학교,이과대학,수학전공,,,True,True,True
전북대학교,농업생명과학대학,생물자원과학부(원예학전공),,,True,True,True
단국대학교,자연과학대학,응용물리학과,,,True,True,True
부경대학교,수산과학대학,자원생물학과,,,True,True,True
세종대학교,공과대학,식품공학전공,,,True,True,True
동신대학교,보건복지대학,한약재산업학과,,,True,True,True
순천향대학교,자연과학대학,생명시스템학과,,,True,True,True
강원대학교,동물생명과학대학,동물생명자원학부,,,True,True,True
연세대학교(미래),과학기술대학,생명과학기술학부,,,True,True,True
전남대학교,사범대학,지구과학교육과,,,True,True,True
신라대학교,사범대학,수학교육과,,,True,True,True
경북대학교,농업생명과학대학,식품공학부식품소재공학전공,,,True,True,True
부산대학교,생활환경대학,의류학과,,,True,True,True
영남대학교,기초교육대학,자연자율전공학부,,,True,True,True
울산대학교,자연과학대학,화학과,,,True,True,True
한국교원대학교,제3대학,가정교육과,,,True,True,True
전남대학교,사범대학,생물교육과,,,True,True,True
연세대학교,이과대학,수학과,,,True,True,True
부산대학교,자연과학대학,지질환경과학과,,,True,True,True
강릉원주대학교,자연과학대학,생물학과,,,True,True,True
강원대학교,동물생명과학대학,동물생명시스템학과,,,True,True,True
경희대학교,응용과학대학,응용수학과,,,True,True,True
서울대학교,농업생명과학대학,산림과학부,,,True,True,True
순천향대학교,자연과학대학,수학전공,,,True,True,True
세종대학교,자연과학대학,응용수학전공/수학통계,,,True,True,True
전북대학교,자연과학대학,수학통계정보과학부,,,True,True,True
충남대학교,농업생명과학대학,동물자원생명과학과,,,True,True,True
전북대학교,자연과학대학,생물과학부(방사선생물학전공),,,True,True,True
신라대학교,의생명과학대학,생명과학과,,,True,True,True
공주대학교,산업과학대학,식품영양학전공,,,True,True,True
고려대학교,사범대학,가정교육과,,,True,True,True
영남대학교,이과대학,생명과학과,,,True,True,True
전북대학교,자연과학대학,생물과학부,,,True,True,True
경희대학교,생명과학대학,유전공학과,,,True,True,True
고려대학교,생명과학대학,생명과학부,,,True,True,True
부산대학교,생명자원과학대학,바이오시스템공학부,,,True,True,True
고려대학교(세종),과학기술대학,신소재화학과,,,True,True,True
공주대학교,산업과학대학,식품과학부,,,True,True,True
전북대학교,자연과학대학,통계학과,,,True,True,True
연세대학교,생활과학대학,식품영양학과,,,True,True,True
동국대학교,바이오시스템대학,바이오환경과학과,,,True,True,True
경성대학교,이과대학,의상학과,,,True,True,True
부산대학교,생명자원과학대학,지역환경시스템공학과,,,True,True,True
세종대학교,자연과학대학,응용화학전공/응용화학부,,,True,True,True
충남대학교,농업생명과학대학,생물자원공학부,,,True,True,True
부산대학교,생명자원과학대학,생명환경화학과,,,True,True,True
우석대학교,식품과학대학,식품영양학과,,,True,True,True
전주교육대학교,단과대구분없음,실과교육과(심화전공),,,True,True,True
전남대학교,자연과학대학,생명과학부,,,True,True,True
동신대학교,보건복지대학,식품영양학과,,,True,True,True
용인대학교,환경과학대학,생명과학과,,,True,True,True
순천대학교,생명산업과학대학,웰빙자원학과,,,True,True,True
제주대학교,자연과학대학,수학과,,,True,True,True
세종대학교,자연과학대학,응용통계학전공/수학통계학부,,,True,True,True
이화여자대학교,생활환경대학,의류직물학전공,,,True,True,True
조선대학교,자연과학대학,생물학과,,,True,True,True
호서대학교,자연과학대학,생명과학전공,,,True,True,True
세종대학교,공과대학,지구정보공학전공,,,True,True,True
전북대학교,농업생명과학대학,응용생물공학부,,,True,True,True
부산대학교,생활환경대학,식품영양학과,,,True,True,True
순천대학교,사범대학,화학교육과,,,True,True,True
성균관대학교,자연과학대학,생명과학과,,,True,True,True
군산대학교,자연과학대학,주거및실내계획학과,,,True,True,True
강원대학교,공과대학,환경생물공학부,,,True,True,True
안양대학교,이공대학,정보통계학과,,,True,True,True
이화여자대학교,자연과학대학,수학전공,,,True,True,True
세종대학교,자연과학대학,화학과,,,True,True,True
이화여자대학교,생활환경대학,식품영양학전공,,,True,True,True
세종대학교,자연과학대학,천문우주학전공/수리물리학부,,,True,True,True
부산대학교,생명자원과학대학,식품공학전공,,,True,True,True
건국대학교,생명환경과학대학,생명자원환경과학부,,,True,True,True
충북대학교,사범대학,과학교육학부,,,True,True,True
인하대학교,공과대학,나노시스템공학부,,,True,True,True
광운대학교,자연과학대학,자연과학군,,,True,True,True
수원대학교,자연과학대학,물리학과,,,True,True,True
전남대학교,수의과대학,수의학과,,,True,True,True
전남대학교,사범대학,수학교육과,,,True,True,True
전북대학교,사범대학,물리교육과,,,True,True,True
대구한의대학교,보건복지대학,한방식품영양학전공,,,True,True,True
충남대학교,단과대구분없음,자유전공학부(과학기술),,,True,True,True
전북대학교,농업생명과학대학,작물생명과학과,,,True,True,True
동아대학교,자연과학대학,화학과,,,True,True,True
울산대학교,자연과학대학,물리학과,,,True,True,True
부산대학교,사범대학,생물교육과,,,True,True,True
조선대학교,자연과학대학,식품영양학과,,,True,True,True
덕성여자대학교,자연과학대학,화학과,,,True,True,True
상지대학교,이공과대학,생명과학과,,,True,True,True
동국대학교,사범대학,수학교육과,,,True,True,True
단국대학교,자연과학대학,식품영양학과,,,True,True,True
영남대학교,사범대학,수학교육과,,,True,True,True
경상국립대학교,농업생명과학대학,원예학과,,,True,True,True
경희대학교,생명과학대학,원예생명공학과,,,True,True,True
가톨릭대학교,단과대구분없음,물리학전공,,,True,True,True
경희대학교,응용과학대학,응용과학부,,,True,True,True
조선대학교,자연과학대학,물리학과,,,True,True,True
성신여자대학교,자연과학대학,생물학과,,,True,True,True
충북대학교,농업생명환경대학,특용식물학과,,,True,True,True
제주대학교,자연과학대학,의류학과,,,True,True,True
공주대학교,산업과학대학,식품공학과,,,True,True,True
강릉원주대학교,생명과학대학,식물생명과학과,,,True,True,True
고려대학교,보건과학대학,식품영양학과,,,True,True,True
가톨릭대학교,단과대구분없음,수학전공,,,True,True,True
성균관대학교,단과대구분없음,물리학전공,,,True,True,True
선문대학교,건강보건대학,의생명과학과,,,True,True,True
상지대학교,이공과대학,생활과학산업학과,,,True,True,True
군산대학교,자연과학대학,통계컴퓨터과학과,,,True,True,True
한서대학교,단과대구분없음,생명과학과,,,True,True,True
충북대학교,농업생명환경대학,원예과학과,,,True,True,True
한경국립대학교,자연과학대학,영양조리과학과,,,True,True,True
서강대학교,이과대학,화학전공,,,True,True,True
전북대학교,자연과학대학,과학기술학부(화학전공),,,True,True,True
대구대학교,사범대학,과학교육학부(화학교육전공),,,True,True,True
한림대학교,자연과학대학,바이오메디컬학과,,,True,True,True
제주대학교,자연과학대학,가정관리학과,,,True,True,True
건국대학교,수의과대학,수의예과,,,True,True,True
동의대학교,자연과학대학,물리학과,,,True,True,True
동아대학교,생활과학대학,식품영양학과,,,True,True,True
대구한의대학교,보건복지대학,한방생명자원학과,,,True,True,True
원광대학교,자연과학대학,생명과학부,,,True,True,True
서울여자대학교,자연과학대학,원예생명조경학과,,,True,True,True
경북대학교,농업생명과학대학,응용생명과학부 응용생물학전공,,,True,True,True
경상국립대학교,사범대학,물리교육과,,,True,True,True
호서대학교,자연과학대학,식품영양학과,,,True,True,True
고려대학교(세종),과학기술대학,물리학과,,,True,True,True
창원대학교,자연과학대학,생물학과,,,True,True,True
건국대학교,생명환경과학대학,식량자원학전공,,,True,True,True
강원대학교,농업생명과학대학,분자생명공학전공,,,True,True,True
동아대학교,생명자원과학대학,응용생물공학과,,,True,True,True
전북대학교,농업생명과학대학,생물자원과학부(작물생산공학전공),,,True,True,True
경상국립대학교,자연과학대학,의류학과,,,True,True,True
세종대학교,자연과학대학,지구환경과학전공/물리천문지구환경,,,True,True,True
선문대학교,건강보건대학,식품과학과,,,True,True,True
공주대학교,산업과학대학,식물자원학과,,,True,True,True
전남대학교,농업생명과학대학,식물생명공학부,,,True,True,True
충남대학교,자연과학대학,지질환경과학전공,,,True,True,True
숭실대학교,자연과학대학,물리학과,,,True,True,True
중원대학교,단과대구분없음,의약화학과,,,True,True,True
경북대학교,사회과학대학,지리학과,,,True,True,True
포항공과대학교(POSTECH),공과대학,수학과,,,True,True,True
충남대학교,자연과학대학,해양환경과학전공,,,True,True,True
대구한의대학교,단과대구분없음,생물학전공,,,True,True,True
제주대학교,수의과대학,수의예과,,,True,True,True
강원대학교,자연과학대학,정보통계학전공,,,True,True,True
부산대학교,자연과학대학,통계학과,,,True,True,True
강원대학교,의생명과학대학,의생명소재공학과,,,True,True,True
조선대학교,자연과학대학,컴퓨터통계학과,,,True,True,True
충북대학교,자연과학대학,생물학과,,,True,True,True
성균관대학교,단과대구분없음,통계학전공,,,True,True,True
한남대학교,생명ㆍ나노과학대학,수학과,,,True,True,True
연세대학교(미래),과학기술대학,응용생명과학전공,,,True,True,True
강릉원주대학교,생명과학대학,식품영양학과,,,True,True,True
상명대학교,생활과학대학,의류학과,,,True,True,True
삼육대학교,보건복지대학,식품영양학과,,,True,True,True
전북대학교,생활과학대학,식품영양학과,,,True,True,True
전북대학교,농업생명과학대학,동물자원과학부,,,True,True,True
서울대학교,수의과대학,수의예과,,,True,True,True
경북대학교,농업생명과학대학,임산공학과,,,True,True,True
순천대학교,사범대학,농업교육과,,,True,True,True
광주교육대학교,단과대구분없음,과학교육과(심화전공),,,True,True,True
강원대학교,자연과학대학,환경학과,,,True,True,True
단국대학교,자연과학대학,화학과,,,True,True,True
전북대학교,농업생명과학대학,동물자원과학과,,,True,True,True
세종대학교,자연과학대학,천문우주학전공/물리천문지구환경,,,True,True,True
건국대학교,사범대학,수학교육과,,,True,True,True
동국대학교,생명과학대학,식품과학부,,,True,True,True
순천향대학교,의료과학대학,의료생명공학과,,,True,True,True
충남대학교,농업생명과학대학,농화학과,,,True,True,True
안동대학교,자연과학대학,물리학과,,,True,True,True
경상국립대학교,자연과학대학,미생물학전공,,,True,True,True
가천대학교,바이오나노대학,생명과학과,,,True,True,True
순천대학교,사범대학,물리교육과,,,True,True,True
부산대학교,자연과학대학,지구환경시스템학부,,,True,True,True
전북대학교,환경생명자원대학,환경자원학부,,,True,True,True
목원대학교,테크노과학대학,기술마케팅학과,,,True,True,True
호서대학교,자연과학대학,생명과학과,,,True,True,True
강원대학교,농업생명과학대학,식물자원응용공학과,,,True,True,True
동국대학교,단과대구분없음,교양학부(자연과학계열),,,True,True,True
전북대학교,자연과학대학,지구환경과학과,,,True,True,True
광운대학교,자연과학대학,전자물리학과,,,True,True,True
동아대학교,생명자원과학대학,응용생물공학전공,,,True,True,True
영남대학교,단과대구분없음,미생물생명공학전공,,,True,True,True
동국대학교(WISE),자연과학대학,나노생명소재학전공,,,True,True,True
동국대학교(WISE),과학기술대학,이공학부,,,True,True,True
신라대학교,의생명과학대학,식품영양학전공,,,True,True,True
강원대학교,동물생명과학대학,축산학과,,,True,True,True
경북대학교,농업생명과학대학,생명식품공학부,,,True,True,True
부산교육대학교,단과대구분없음,과학교육과,,,True,True,True
동국대학교,바이오시스템대학,식품과학부,,,True,True,True
수원대학교,자연과학대학,화학과,,,True,True,True
중앙대학교,자연과학대학,수학과,,,True,True,True
한국국제대학교,생활과학대학,식품영양학과,,,True,True,True
수원대학교,자연과학대학,통계정보학과,,,True,True,True
전북대학교,자연과학대학,생물과학부(생물학전공),,,True,True,True
제주대학교,자연과학대학,화학과,,,True,True,True
조선대학교,사범대학,수학교육과,,,True,True,True
충북대학교,생활과학대학,식품영양학과,,,True,True,True
군산대학교,해양과학대학,해양생물공학과,,,True,True,True
부산대학교,자연과학대학,화학과,,,True,True,True
한국해양대학교,공과대학,데이터정보학과,,,True,True,True
제주대학교,사범대학,생물교육전공,,,True,True,True
충북대학교,자연과학대학,생화학과,,,True,True,True
안양대학교,이공대학,식품영양학과,,,True,True,True
고려대학교(세종),과학기술대학,화학과,,,True,True,True
동아대학교,자연과학대학,생명과학과,,,True,True,True
경희대학교,이과대학,화학과,,,True,True,True
충북대학교,농업생명환경대학,축산학과,,,True,True,True
전북대학교,농업생명과학대학,생물자원과학부,,,True,True,True
전북대학교,농업생명과학대학,응용생물공학부(생물환경학전공),,,True,True,True
충남대학교,자연과학대학,수학전공,,,True,True,True
전북대학교,자연과학대학,화학과,,,True,True,True
경상국립대학교,해양과학대학,해양식품생명공학과,,,True,True,True
호서대학교,자연과학대학,한방화장품과학과,,,True,True,True
울산대학교,생활과학대학,생활과학부,,,True,True,True
한림대학교,자연과학대학,식품영양학과,,,True,True,True
동국대학교,이과대학,수학과,,,True,True,True
세종대학교,자연과학대학,지구환경과학전공/화학환경학부,,,True,True,True
배재대학교,아펜젤러대학,생물의약학과,,,True,True,True
연세대학교,학부대학,이학계열,,,True,True,True
경북대학교,생활과학대학,의류학과,,,True,True,True
동덕여자대학교,자연과학대학,식품영양학전공,,,True,True,True
충북대학교,사범대학,화학교육과,,,True,True,True
서강대학교,이과대학,자연과학부,,,True,True,True
강원대학교,동물생명과학대학,축산가공학과,,,True,True,True
인하대학교,사범대학,수학교육과,,,True,True,True
서울여자대학교,자연과학대학,생명환경공학과,,,True,True,True
순천대학교,공과대학,기초과학부(물리학전공),,,True,True,True
전북대학교,환경생명자원대학,환경자원학부(한약자원학전공),,,True,True,True
고려대학교,보건과학대학,환경보건학과,,,True,True,True
성신여자대학교,사회과학대학,지리학과,,,True,True,True
전북대학교,단과대구분없음,교양학부(자연과학계열),,,True,True,True
가톨릭대학교,단과대구분없음,식품영양학전공,,,True,True,True
대구대학교,사범대학,과학교육학부(생물교육전공),,,True,True,True
동국대학교(WISE),과학기술대학,바이오학부,,,True,True,True
전남대학교,공학대학,응용수학과,,,True,True,True
덕성여자대학교,자연과학대학,수학과,,,True,True,True
동국대학교(WISE),사범교육대학,수학교육과,,,True,True,True
울산대학교,자연과학대학,화학전공,,,True,True,True
서원대학교,사범대학,수학교육과,,,True,True,True
건국대학교,생명환경과학대학,응용생명과학부,,,True,True,True
강릉원주대학교,생명과학대학,식품과학과,,,True,True,True
동국대학교,이과대학,생물학과,,,True,True,True
제주대학교,수의과대학,수의학과,,,True,True,True
전북대학교,사범대학,생물교육과,,,True,True,True
서울대학교,농업생명과학대학,농업생명과학대학,,,True,True,True
전남대학교,자연과학대학,수학과,,,True,True,True
고려대학교,생명과학대학,농생물학과,,,True,True,True
전북대학교,자연과학대학,수학통계정보과학부(수학전공),,,True,True,True
고려대학교,생명과학대학,식품공학부,,,True,True,True
공주대학교,사범대학,환경교육과,,,True,True,True
전북대학교,환경생명자원대학,환경자원학부(환경조경디자인학전공),,,True,True,True
세명대학교,자연과학대학,한방식품영양학부,,,True,True,True
서울여자대학교,자연과학대학,수학과,,,True,True,True
전북대학교,농업생명과학대학,동물소재공학과,,,True,True,True
가톨릭대학교,단과대구분없음,화학전공,,,True,True,True
부산대학교,자연과학대학,해양학과,,,True,True,True
이화여자대학교,사범대학,과학교육과,,,True,True,True
군산대학교,자연과학대학,물리학과,,,True,True,True
숙명여자대학교,생활과학대학,식품영양학과,,,True,True,True
전북대학교,농업생명과학대학,목재응용과학과,,,True,True,True
국민대학교,자연과학대학,식품영양학과,,,True,True,True
강원대학교,자연과학대학,화학과,,,True,True,True
강원대학교,자연과학대학,수학과,,,True,True,True
경북대학교,농업생명과학대학,식품공학부식품생물공학전공,,,True,True,True
전북대학교,수의과대학,수의학과,,,True,True,True
조선대학교,사범대학,가정교육과,,,True,True,True
경북대학교,자연과학대학,지질학과,,,True,True,True
영남대학교,생활과학대학,식품영양학과,,,True,True,True
경상국립대학교,농업생명과학대학,식품공학과,,,True,True,True
서울시립대학교,자연과학대학,수학과,,,True,True,True
전북대학교,생활과학대학,생활과학부(의류학전공),,,True,True,True
한양대학교,자연과학대학,화학전공,,,True,True,True
순천대학교,사범대학,과학교육과,,,True,True,True
전남대학교,사범대학,화학교육과,,,True,True,True
세종대학교,자연과학대학,지구환경학전공/물리천문지구환경,,,True,True,True
초당대학교,단과대구분없음,조리과학부,,,True,True,True
성균관대학교,예술대학,의상학과,,,True,True,True
동의대학교,자연과학대학,생명응용과학과,,,True,True,True
진주교육대학교,단과대구분없음,실과교육과(심화전공),,,True,True,True
조선대학교,사범대학,물리교육과,,,True,True,True
충북대학교,사범대학,물리교육과,,,True,True,True
경북대학교,사범대학,가정교육과,,,True,True,True
경희대학교,생명과학대학,식품공학과,,,True,True,True
건국대학교,이과대학,물리학전공,,,True,True,True
부경대학교,수산과학대학,해양생산학전공,,,True,True,True
숭실대학교,자연과학대학,의생명시스템학부,,,True,True,True
건국대학교,예술문화대학,소비자・주거학과,,,True,True,True
동국대학교,이과대학,물리학전공,,,True,True,True
성균관대학교,자연과학대학,화학과,,,True,True,True
연세대학교(미래),과학기술대학,자연과학부,,,True,True,True
호서대학교,자연과학대학,한방화장품과학전공,,,True,True,True
제주대학교,생명자원과학대학,동물자원과학전공,,,True,True,True
경북대학교,농업생명과학대학,식품공학부식품응용공학전공,,,True,True,True
강원대학교,자연과학대학,물리학과,,,True,True,True
전주대학교,공과대학,기초과학과,,,True,True,True
전북대학교,환경생명자원대학,생명자원유통경제학과,,,True,True,True
세종대학교,자연과학대학,물리학과,,,True,True,True
충남대학교,수의과대학,수의학과,,,True,True,True
강원대학교,자연과학대학,지구환경과학과군,,,True,True,True
제주대학교,생명자원과학대학,식물자원과학과,,,True,True,True
동국대학교,생명자원과학대학,식품자원경제학전공,,,True,True,True
원광대학교,생명자원과학대학,환경조경학과,,,True,True,True
을지대학교,보건산업대학,식품영양학전공,,,True,True,True
경희대학교,이과대학,지리학과,,,True,True,True
군산대학교,자연과학대학,생물학과,,,True,True,True
연세대학교(미래),과학기술대학,물리학전공,,,True,True,True
순천대학교,생명산업과학대학,산업기계공학과,,,True,True,True
충남대학교,생명시스템과학대학,미생물분자생명과학과,,,True,True,True
순천향대학교,자연과학대학,식품영양학과,,,True,True,True
조선대학교,자연과학대학,수학과,,,True,True,True
고려대학교,생명과학대학,식량자원학과,,,True,True,True
호원대학교,관광대학,외식산업학과,,,True,True,True
충남대학교,생활과학대학,의류학과,,,True,True,True
강원대학교,농업생명과학대학,생물산업공학전공,,,True,True,True
세종대학교,자연과학대학,천문우주학전공/물리천문학부,,,True,True,True
이화여자대학교,자연과학대학,화학전공,,,True,True,True
건국대학교,동물생명과학대학,동물생명과학부,,,True,True,True
영남대학교,생활과학대학,가족주거학과,,,True,True,True
대구대학교,자율전공학부,자율전공학부(자연공학계열),,,True,True,True
충남대학교,자연과학대학,정보통계학과,,,True,True,True
충남대학교,농업생명과학대학,식물자원학과,,,True,True,True
명지대학교,자연과학대학,생명과학정보학부,,,True,True,True
동의대학교,자연과학대학,물질과학부,,,True,True,True
영남대학교,자연자원대학,식품자원경제학과,,,True,True,True
원광대학교,단과대구분없음,자연과학자율전공학부,,,True,True,True
경희대학교,생명과학대학,생명과학부,,,True,True,True
고려대학교,생명과학대학,응용동물과학과,,,True,True,True
충북대학교,농업생명환경대학,환경생명화학과,,,True,True,True
부산대학교,생활환경대학,주거환경학과,,,True,True,True
성균관대학교,단과대구분없음,유전공학전공,,,True,True,True
동의대학교,자연과학대학,수학과,,,True,True,True
충남대학교,농업생명과학대학,임산공학전공,,,True,True,True
전남대학교,사범대학,과학교육학부,,,True,True,True
신라대학교,의생명과학대학,바이오식품소재학과,,,True,True,True
고려대학교,정경대학,통계학과,,,True,True,True
충남대학교,농업생명과학대학,식품공학과,,,True,True,True
강원대학교,산림환경과학대학,삼림경영학과,,,True,True,True
한신대학교,IT대학,정보통계학과,,,True,True,True
카이스트(KAIST/한국과학기술원),생명과학기술대학,생명과학과,,,True,True,True
서울대학교,생활과학대학,식품영양학과,,,True,True,True
국민대학교,삼림과학대학,산림환경시스템학과,,,True,True,True
부경대학교,자연과학대학,물리학과,,,True,True,True
전남대학교,사범대학,물리교육과,,,True,True,True
강원대학교,농업생명과학대학,자원생물환경학과,,,True,True,True
영남대학교,기초교육대학,의생명과학전공,,,True,True,True
동국대학교,생명자원과학대학,식품공학전공,,,True,True,True
서울여자대학교,자연과학대학,식품영양학과,,,True,True,True
강원대학교,사범대학,수학교육과,,,True,True,True
한경국립대학교,농업생명과학대학,지역자원시스템공학과,,,True,True,True
연세대학교(미래),보건과학대학,환경시스템학전공,,,True,True,True
한림대학교,자연과학대학,금융정보통계학과,,,True,True,True
선문대학교,건강보건대학,수산생명의학과,,,True,True,True
부산대학교,자연과학대학,생명과학부,,,True,True,True
한신대학교,IT대학,응용통계학과,,,True,True,True
용인대학교,환경과학대학,환경학과,,,True,True,True
가톨릭대학교,단과대구분없음,생활과학부,,,True,True,True
목원대학교,테크노과학대학,미생물나노소재학과,,,True,True,True
성균관대학교,단과대구분없음,수학전공,,,True,True,True
가톨릭대학교,단과대구분없음,분자생물학전공,,,True,True,True
을지대학교,보건산업대학,보건환경안전학과,,,True,True,True
목포대학교,생활과학예술체육대학,생활과학부,,,True,True,True
서경대학교,이공대학,화학생명공학부,,,True,True,True
한남대학교,조형예술대학,의류학과,,,True,True,True
부경대학교,자연과학대학,미생물학과,,,True,True,True
성균관대학교,경제대학,통계학과,,,True,True,True
경북대학교,생활과학대학,식품영양학과,,,True,True,True
고려대학교,이과대학,화학과,,,True,True,True
계명대학교,사회과학대학,소비자정보학과,,,True,True,True
충북대학교,농업생명환경대학,산림학과,,,True,True,True
부산대학교,자연과학대학,생명과학과,,,True,True,True
대구대학교,생명환경대학,원예학과,,,True,True,True
동의대학교,자연과학대학,화학과,,,True,True,True
영남대학교,단과대구분없음,섬유패션학부(의류패션),,,True,True,True
명지대학교,자연과학대학,물리학과,,,True,True,True
고려대학교(세종),과학기술대학,정보통계학과,,,True,True,True
우석대학교,과학기술대학,응용화학과,,,True,True,True
부산대학교,생명자원과학대학,생명응용과학부,,,True,True,True
전북대학교,환경생명자원대학,생명자원소재공학전공,,,True,True,True
세종대학교,공과대학,식품공학전공/생명식품,,,True,True,True
서울대학교,수의과대학,수의학과,,,True,True,True
강원대학교,농업생명과학대학,식물응용과학부,,,True,True,True
서울대학교,공과대학,지구환경시스템공학부,,,True,True,True
경남대학교,사범대학,가정교육과,,,True,True,True
부산대학교,생명자원과학대학,원예생명과학과,,,True,True,True
한림대학교,자연과학대학,화학과,,,True,True,True
대구한의대학교,한방산업대학,화장품약리학과,,,True,True,True
배재대학교,아펜젤러대학,원예조경학부,,,True,True,True
동국대학교,생명과학대학,바이오학부,,,True,True,True
울산대학교,생활과학대학,식품영양학전공,,,True,True,True
금오공과대학교,단과대구분없음,물리학전공,,,True,True,True
충북대학교,자연과학대학,천문우주학과,,,True,True,True
영산대학교,호텔관광대학,한국식품조리학과,,,True,True,True
덕성여자대학교,자연과학대학,식품영양학과,,,True,True,True
남부대학교,단과대구분없음,식품영양학과,,,True,True,True
강원대학교,농업생명과학대학,응용생물학과,,,True,True,True
전북대학교,생활과학대학,생활과학부(아동주거학전공),,,True,True,True
고려대학교,생명과학대학,생명산업과학부,,,True,True,True
제주대학교,자연과학대학,물리학과,,,True,True,True
순천대학교,생명산업과학대학,식품공학과,,,True,True,True
배재대학교,김소월대학,의류패션학과,,,True,True,True
전북대학교,자연과학대학,수학통계정보과학부(통계정보과학전공),,,True,True,True
동의대학교,자연과학대학,데이터정보학과,,,True,True,True
창원대학교,자연과학대학,미생물학과,,,True,True,True
전북대학교,자연과학대학,생명과학과,,,True,True,True
강릉원주대학교,생명과학대학,식품가공유통학과,,,True,True,True
조선대학교,자연과학대학,화학과,,,True,True,True
전북대학교,농업생명과학대학,생물산업기계공학과,,,True,True,True
서울대학교,자연과학대학,화학부,,,True,True,True
건국대학교,이과대학,생명과학과,,,True,True,True
원광대학교,생활과학대학,생활과학부,,,True,True,True
광주교육대학교,단과대구분없음,실과교육과(심화전공),,,True,True,True
목포대학교,자연과학대학,물리학과,,,True,True,True
이화여자대학교,사범대학,수학교육과,,,True,True,True
연세대학교,생활과학대학,의류환경학과,,,True,True,True
한남대학교,생명ㆍ나노과학대학,화학과,,,True,True,True
군산대학교,자연과학대학,수학과,,,True,True,True
경상국립대학교,자연과학대학,기초과학부,,,True,True,True
동국대학교,생명자원과학대학,산림자원학전공,,,True,True,True
인하대학교,자연과학대학,생명해양과학부,,,True,True,True
경상국립대학교,농업생명과학대학,동물생명과학과,,,True,True,True
대구대학교,생명환경대학,산림자원학과,,,True,True,True
전북대학교,자연과학대학,과학기술학부,,,True,True,True
숙명여자대학교,이과대학,수학과,,,True,True,True
서울대학교,사범대학,생물교육과,,,True,True,True
서강대학교,이과대학,물리학전공,,,True,True,True
전북대학교,농업생명과학대학,농생물학과,,,True,True,True
경상국립대학교,자연과학대학,생화학전공,,,True,True,True
동국대학교,생명자원과학대학,식품공학과,,,True,True,True
대구한의대학교,보건복지대학,한방바이오식품과학과,,,True,True,True
충남대학교,생활과학대학,식품영양학과,,,True,True,True
국민대학교,자연과학대학,수학과,,,True,True,True
용인대학교,자연과학대학,자연과학부,,,True,True,True
경상국립대학교,해양과학대학,해양식품공학과,,,True,True,True
서원대학교,사범대학,생물교육과,,,True,True,True
서울대학교,농업생명과학대학,응용생물화학부,,,True,True,True
이화여자대학교,자연과학대학,수리물리과학부,,,True,True,True
한남대학교,사범대학,수학교육과,,,True,True,True
제주대학교,해양과학대학,지구해양과학과,,,True,True,True
전북대학교,환경생명자원대학,환경조경디자인학과,,,True,True,True
공주대학교,자연과학대학,화학과,,,True,True,True
부산대학교,자연과학대학,물리학과,,,True,True,True
건국대학교,이과대학,수학과,,,True,True,True
군산대학교,해양과학대학,해양생산학과,,,True,True,True
한남대학교,생명ㆍ나노과학대학,식품영양학과,,,True,True,True
제주대학교,생명자원과학대학,동물자원과학과,,,True,True,True
고려대학교,생명과학대학,산림자원환경학과,,,True,True,True
강원대학교,의생명과학대학,분자생명과학전공,,,True,True,True
강원대학교,농업생명과학대학,생물환경학부,,,True,True,True
대구대학교,사범대학,과학교육학부,,,True,True,True
동아대학교,생명자원과학대학,분자생명공학과,,,True,True,True
전남대학교,사범대학,가정교육과,,,True,True,True
전북대학교,자연과학대학,통계정보과학과,,,True,True,True
경상국립대학교,자연과학대학,수학과,,,True,True,True
부산대학교,자연과학대학,미생물학과,,,True,True,True
한신대학교,IT대학,수학과,,,True,True,True
영남대학교,단과대구분없음,의류패션전공,,,True,True,True
경동대학교,단과대구분없음,해양심층수학과,,,True,True,True
고려대학교,생명과학대학,환경생태공학부,,,True,True,True
전남대학교,자연과학대학,화학과,,,True,True,True
경북대학교,자연과학대학,화학과,,,True,True,True
강원대학교,자연과학대학,수학전공,,,True,True,True
경북대학교,농업생명과학대학,임학과,,,True,True,True
충남대학교,자연과학대학,천문우주과학과,,,True,True,True
대구대학교,공과대학,식품영양학과,,,True,True,True
상명대학교,인문사회과학대학,지리학과,,,True,True,True
제주대학교,해양과학대학,해양생산과학전공,,,True,True,True
진주교육대학교,단과대구분없음,과학교육과(심화전공),,,True,True,True
연세대학교(미래),과학기술대학,수학전공,,,True,True,True
경북대학교,자연과학대학,통계학과,,,True,True,True
호서대학교,자연과학대학,식품공학전공,,,True,True,True
경성대학교,이과대학,화학과,,,True,True,True
순천향대학교,자연과학대학,전자물리학과,,,True,True,True
건국대학교,수의과대학,수의학과,,,True,True,True
경북대학교,자연과학대학,생명과학부,,,True,True,True
경희대학교,이과대학,생물학과,,,True,True,True
경북대학교,자연과학대학,수학과,,,True,True,True
서울대학교,생활과학대학,생활과학대학,,,True,True,True
강원대학교,자연과학대학,생화학전공,,,True,True,True
동국대학교(WISE),자연과학대학,화학전공,,,True,True,True
부경대학교,수산과학대학,식품영양학과,,,True,True,True
충남대학교,농업생명과학대학,동물바이오시스템과학과,,,True,True,True
창원대학교,자연과학대학,통계학과,,,True,True,True
강원대학교,동물생명과학대학,동물생명시스템전공,,,True,True,True
광운대학교,단과대구분없음,교양학부(자연과학계열),,,True,True,True
전남대학교,자연과학대학,지구환경과학부,,,True,True,True
연세대학교(미래),과학기술대학,정보통계학전공,,,True,True,True
단국대학교,사범대학,과학교육과,,,True,True,True
한국교원대학교,제3대학,환경교육과,,,True,True,True
중앙대학교,자연과학대학,화학과,,,True,True,True
영산대학교,호텔관광대학,서양조리학과,,,True,True,True
서울여자대학교,자연과학대학,화학과,,,True,True,True
목포대학교,자연과학대학,수학과,,,True,True,True
상명대학교,사범대학,수학교육과,,,True,True,True
제주대학교,생명자원과학대학,생명자원과학학과군,,,True,True,True
경성대학교,이과대학,수학과,,,True,True,True
한서대학교,단과대구분없음,화학과,,,True,True,True
강원대학교,사범대학,가정교육과,,,True,True,True
경상국립대학교,해양과학대학,해양생명과학과,,,True,True,True
강릉원주대학교,생명과학대학,해양생물공학과,,,True,True,True
세종대학교,자연과학대학,수학전공,,,True,True,True
목원대학교,테크노과학대학,바이오건강학부,,,True,True,True
인하대학교,공과대학,생명화학공학부,,,True,True,True
세종대학교,자연과학대학,지구정보과학과,,,True,True,True
경기대학교,자연과학대학,수학과,,,True,True,True
서울여자대학교,자연과학대학,의류학과,,,True,True,True
성신여자대학교,자연과학대학,수학과,,,True,True,True
공주대학교,인문사회과학대학,지리학과,,,True,True,True
서울시립대학교,자연과학대학,환경원예학과,,,True,True,True
건국대학교,생명환경과학대학,응용생물과학전공,,,True,True,True
세종대학교,자연과학대학,화학전공/화학생물학부,,,True,True,True
서울대학교,사회과학대학,지리학과,,,True,True,True
원광디지털대학교,단과대구분없음,한방건강학과,,,True,True,True
서울시립대학교,자연과학대학,생명과학과,,,True,True,True
강릉원주대학교,생명과학대학,환경조경학과,,,True,True,True
동의대학교,자연과학대학,분자생물학과,,,True,True,True
강릉원주대학교,자연과학대학,물리학과,,,True,True,True
원광대학교,생명자원과학대학,생명환경학부,,,True,True,True
전남대학교,농업생명과학대학,응용생물공학부,,,True,True,True
건국대학교,이과대학,자연과학부,,,True,True,True
성균관대학교,단과대구분없음,의상학전공,,,True,True,True
가톨릭대학교,단과대구분없음,생명과학과,,,True,True,True
충북대학교,사범대학,지구과학교육과,,,True,True,True
제주대학교,생명자원과학대학,원예과학전공,,,True,True,True
동국대학교(WISE),단과대구분없음,교양학부(자연과학계열),,,True,True,True
영남대학교,기초교육대학,자율전공학부(자연),,,True,True,True
부경대학교,자연과학대학,화학과,,,True,True,True
대구대학교,사범대학,환경교육과,,,True,True,True
경상국립대학교,사범대학,수학교육과,,,True,True,True
순천대학교,생명산업과학대학,식품영양학과,,,True,True,True
건국대학교,동물생명과학대학,축산식품생물공학전공,,,True,True,True
금오공과대학교,단과대구분없음,응용화학전공,,,True,True,True
한국폴리텍 VII 대학 창원캠퍼스,단과대구분없음,기계공학과,,,True,True,True
목원대학교,공과대학,건축학부 건축공학전공,,,True,True,True
숭실대학교,공과대학,건축학부 건축공학전공,,,True,True,True
상지대학교,경상대학,관광학부 호텔컨벤션학전공,,,True,True,True
경상국립대학교,단과대구분없음,"기계항공공학부(기계시스템, 정밀기계분야)",,,True,True,True
세한대학교,단과대구분없음,디자인전공,,,True,True,True
세한대학교,단과대구분없음,디자인학부,,,True,True,True
명지대학교,예술체육대학,디자인학부 산업디자인전공,,,True,True,True
홍익대학교,미술대학,디자인학부 산업디자인전공,,,True,True,True
명지대학교,예술체육대학,디자인학부 시각디자인전공,,,True,True,True
동국대학교(WISE),경영ㆍ관광대학,경영학전공,,,True,True,True
한국산업기술대학교(산업대),단과대구분없음,나노-광공학과,,,True,True,True
홍익대학교,단과대구분없음,경제학부 경제학전공,,,True,True,True
전남대학교,문화사회과학대학,교통・물류시스템공학부,,,True,True,True
대구한의대학교,경영ㆍ정보대학,경찰행정학부,,,True,True,True
세한대학교,단과대구분없음,경찰행정학전공,,,True,True,True
한국해양대학교,공과대학,냉동공조・에너지시스템공학전공,,,True,True,True
가천대학교,생활과학대학,간호학과,,,True,True,True
원광대학교,미술대학,공예・디자인학부,,,True,True,True
경북대학교,사범대학,과학교육학부 화학교육전공,,,True,True,True
고려대학교,공과대학,건축공학과 건축공학전공,,,True,True,True
세한대학교,단과대구분없음,관광영어전공,,,True,True,True
세한대학교,단과대구분없음,관광외국어학과,,,True,True,True
세한대학교,단과대구분없음,관광외국어학부,,,True,True,True
전남대학교,공학대학,기계・냉동・자동차공학부,,,True,True,True
가천대학교,공과대학,기계・자동차공학과,,,True,True,True
한국폴리텍 I 대학 성남캠퍼스,단과대구분없음,디지털전자과,,,True,True,True
경북대학교,사범대학,사회교육학부 일반사회교육전공,,,True,True,True
서울대학교,농업생명과학대학,바이오시스템・소재학부,,,True,True,True
세한대학교,단과대구분없음,사회복지학과,,,True,True,True
부산대학교,공과대학,사회환경시스템공학부 토목공학전공,,,True,True,True
제주대학교,법정대학,법학부 국제법무전공,,,True,True,True
한국산업기술대학교(산업대),단과대구분없음,메카트로닉스공학과,,,True,True,True
숭실대학교,경영대학,벤처경영학과,,,True,True,True
한국폴리텍 II 대학 인천캠퍼스,단과대구분없음,산업설비자동화과,,,True,True,True
한국폴리텍 VI 대학 대구캠퍼스,단과대구분없음,산업설비자동화과,,,True,True,True
울산대학교,인문대학,스페인・중남미학전공,,,True,True,True
세한대학교,단과대구분없음,시각정보디자인전공,,,True,True,True
세종사이버대학교,단과대구분없음,부동산경매중개학과,,,True,True,True
한국폴리텍 I 대학 성남캠퍼스,단과대구분없음,자동화시스템과,,,True,True,True
상지대학교,이공과대학,응용과학군 응용물리전자학과,,,True,True,True
중앙대학교,예술대학,연극학과,,,True,True,True
한국폴리텍 IV 대학 아산캠퍼스,단과대구분없음,정보통신시스템과,,,True,True,True
전남대학교,공학대학,전기・전자통신・컴퓨터공학부,,,True,True,True
동의대학교,공과대학,전기ㆍ메카트로닉스공학부,,,True,True,True
원광대학교,사회과학대학,정치・행정・언론학부,,,True,True,True
중앙대학교,생활과학대학,의류학과,,,True,True,True
한국폴리텍 VII 대학 울산캠퍼스,단과대구분없음,전기과,,,True,True,True
경북대학교,공과대학,신소재공학부 금속신소재공학전공,,,True,True,True
한국폴리텍 II 대학 인천캠퍼스,단과대구분없음,신소재응용과,,,True,True,True
명지대학교,예술체육대학,영화・뮤지컬학부 영화전공,,,True,True,True
한밭대학교(산업대),공과대학,전기전자제어공학부,,,True,True,True
가천대학교,공과대학,실내건축학과,,,True,True,True
한세대학교,단과대구분없음,예술학부,,,True,True,True
동덕여자대학교,인문과학대학,인문학부 국사학전공,,,True,True,True
세한대학교,단과대구분없음,실용음악전공,,,True,True,True
가천대학교,IT대학,전자공학과,,,True,True,True
한밭대학교(산업대),공과대학,전자공학전공,,,True,True,True
전남대학교,공학대학,전자통신・전기공학부,,,True,True,True
연세대학교,언더우드국제대학,언더우드 국제학전공,,,True,True,True
대구한의대학교,경영ㆍ정보대학,유통관리전공,,,True,True,True
강원대학교,공과대학,에너지.자원공학과,,,True,True,True
동아대학교,공과대학,에너지.자원공학과,,,True,True,True
강원대학교,공학대학,에너지.자원공학과,,,True,True,True
세한대학교,단과대구분없음,융합기술학부,,,True,True,True
세한대학교,단과대구분없음,음악학과,,,True,True,True
한국폴리텍 II 대학 인천캠퍼스,단과대구분없음,자동차과,,,True,True,True
세한대학교,단과대구분없음,경호・무도학부,,,True,True,True
세한대학교,단과대구분없음,특수교육과,,,True,True,True
상지대학교,예술체육대학,체육학부 태권도학전공,,,True,True,True
동국대학교,사회과학대학,정치행정학부 정치외교학 전공,,,True,True,True
충남대학교,자연과학대학,화학ㆍ생화학부,,,True,True,True
한밭대학교(산업대),공과대학,화학공학과,,,True,True,True
용인대학교,자연과학대학,환경ㆍ생명학부,,,True,True,True
창원대학교,공과대학,컴퓨터ㆍ정보통신공학부,,,True,True,True
한밭대학교(산업대),공과대학,환경공학과,,,True,True,True
한국교통대학교,공과대학,환경공학전공,,,True,True,True
부경대학교,환경ㆍ해양대학,환경공학전공,,,True,True,True
가천대학교,공과대학,환경에너지공학전공,,,True,True,True
한국폴리텍 I 대학 서울정수캠퍼스,단과대구분없음,컴퓨터응용기계과,,,True,True,True
한국폴리텍 VII 대학 창원캠퍼스,단과대구분없음,컴퓨터응용기계설계과,,,True,True,True
한국폴리텍 I 대학 서울정수캠퍼스,단과대구분없음,컴퓨터응용기계설계과,,,True,True,True
가천대학교,인문대학,중어중문학과,,,True,True,True
한국폴리텍 II 대학 인천캠퍼스,단과대구분없음,컴퓨터정보과,,,True,True,True
한국폴리텍 V 대학 전북캠퍼스,단과대구분없음,컴퓨터응용금형과,,,True,True,True
한국폴리텍 II 대학 인천캠퍼스,단과대구분없음,컴퓨터응용금형과,,,True,True,True
한국폴리텍 VI 대학 대구캠퍼스,단과대구분없음,전기계측제어과,,,True,True,True
동국대학교,공과대학,컴퓨터정보통신공학부 정보통신공학전공,,,True,True,True
한국폴리텍 특성화대학 항공캠퍼스,단과대구분없음,항공전자과,,,True,True,True
경기대학교,예술대학,장신구・금속디자인학과,,,True,True,True
경기대학교,공과대학,도시・교통공학과,,,True,True,True
경기대학교,관광대학,외식・조리학과,,,True,True,True
강원대학교,자연과학대학,지질ㆍ지구물리ㆍ환경과학과군,,,True,True,True
한밭대학교(산업대),공과대학,토목공학과,,,True,True,True
동아대학교,단과대구분없음,국제학부 중국학전공,,,True,True,True
동아대학교,단과대구분없음,석당인재학부 공공경영학전공,,,True,True,True
배재대학교,김소월대학,여가서비스경영학과,,,True,True,True
부산대학교,단과대구분없음,Global Studies Program,,,True,True,True
중앙대학교,예술대학,디자인학부(산업디자인전공),,,True,True,True
중앙대학교,예술대학,디자인학부(패션디자인전공),,,True,True,True
세한대학교,한ㆍ중교류대학,관광한국어학과,,,True,True,True
세한대학교,한ㆍ중교류대학,경영한국어학과,,,True,True,True
건국대학교,공과대학,토목 ・ 환경공학과군,,,True,True,True
대구한의대학교,단과대구분없음,토목・도시디자인학부,,,True,True,True
동의대학교,법정대학,법・경찰행정학부,,,True,True,True
목원대학교,음악대학,건반악학부 반주전공,,,True,True,True
한국폴리텍 VI 대학 대구캠퍼스,단과대구분없음,스마트전기과,,,True,True,True
경기대학교,체육대학,경호보안학과,,,True,True,True
조선대학교,미술대학,디자인학부(시각.패키지디자인),,,True,True,True
원광대학교,자연과학대학,반도체ㆍ디스플레이학부,,,True,True,True
숙명여자대학교,문과대학,독일언어・문화학과,,,True,True,True
한국산업기술대학교(산업대),단과대구분없음,에너지전기공학과,,,True,True,True
가천대학교,공과대학,건축학과,,,True,True,True
조선대학교,공과대학,건축학부 건축학전공(5년제),,,True,True,True
가천대학교,공과대학,건축학전공,,,True,True,True
한국폴리텍 II 대학 인천캠퍼스,단과대구분없음,기계시스템과,,,True,True,True
명지대학교,예술체육대학,디자인학부 영상디자인전공,,,True,True,True
한밭대학교(산업대),경상대학,경영학과,,,True,True,True
건국대학교(글로컬),사회과학대학,경영학과,,,True,True,True
한국교통대학교,단과대구분없음,교양학부,,,True,True,True
전북대학교,상과대학,경영학부 경영학전공,,,True,True,True
경북대학교,경상대학,경영학부 경영학전공,,,True,True,True
동의대학교,상경대학,경제ㆍ무역학부,,,True,True,True
순천대학교,공과대학,기초의.화학부,,,True,True,True
동국대학교(WISE),경영ㆍ관광대학,경제학전공,,,True,True,True
세한대학교,단과대구분없음,경호・무도학과,,,True,True,True
가천대학교,인문대학,국어국문학과,,,True,True,True
중앙대학교,사회과학대학,공공정책학부,,,True,True,True
성균관대학교,공과대학,공과대학,,,True,True,True
중앙대학교,생활과학대학,가족복지학과,,,True,True,True
한밭대학교(산업대),인문과학대학,공업디자인전공,,,True,True,True
예원예술대학교,단과대구분없음,공연ㆍ음악학부,,,True,True,True
한밭대학교(산업대),공과대학,도시공학전공,,,True,True,True
세한대학교,한ㆍ중교류대학,국제한국어교육학과,,,True,True,True
신라대학교,ITㆍ디자인대학,귀금속ㆍ보석디자인학과,,,True,True,True
대구한의대학교,건축ㆍ디자인대학,그래픽정보디자인전공,,,True,True,True
한남대학교,린튼글로벌칼리지,글로벌커뮤니케이션・컬쳐전공,,,True,True,True
가천대학교,인문대학,독어독문학과,,,True,True,True
동의대학교,공과대학,건축공학ㆍ빌딩시스템공학부,,,True,True,True
한밭대학교(산업대),공과대학,건축공학과,,,True,True,True
가천대학교,공과대학,건축공학과,,,True,True,True
강원대학교,동물생명과학대학,동물식품・동물생명공학과군,,,True,True,True
한밭대학교(산업대),공과대학,건축설비공학과,,,True,True,True
전남대학교,공학대학,기계・자동차공학부,,,True,True,True
전남대학교,수산해양대학,식품・수산생명의학부,,,True,True,True
전주대학교,경영대학,물류・무역전공,,,True,True,True
가천대학교,인문대학,불어불문학과,,,True,True,True
중앙대학교,외국어대학,불어학과,,,True,True,True
세한대학교,단과대구분없음,사이버경찰학전공,,,True,True,True
세한대학교,단과대구분없음,생활체육학전공,,,True,True,True
경북대학교,사범대학,사회교육학부 지리교육전공,,,True,True,True
가천대학교,바이오나노대학,바이오나노학부,,,True,True,True
부산대학교,공과대학,사회환경시스템공학부 환경공학전공,,,True,True,True
세한대학교,단과대구분없음,만화애니메이션전공,,,True,True,True
세한대학교,한ㆍ중교류대학,만화애니메이션학과,,,True,True,True
한밭대학교(산업대),공과대학,멀티미디어공학전공,,,True,True,True
전주대학교,사회과학대학,법.경찰행정학부,,,True,True,True
부경대학교,인문사회과학대학,법・행정학과군,,,True,True,True
한국폴리텍 IV 대학 대전캠퍼스,단과대구분없음,산업설비자동화과,,,True,True,True
한국폴리텍 VII 대학 창원캠퍼스,단과대구분없음,산업설비자동화과,,,True,True,True
한국폴리텍 IV 대학 청주캠퍼스,단과대구분없음,메카트로닉스과,,,True,True,True
한국폴리텍 VII 대학 부산캠퍼스,단과대구분없음,메카트로닉스과,,,True,True,True
한국폴리텍 VII 대학 창원캠퍼스,단과대구분없음,메카트로닉스과,,,True,True,True
가천대학교,공과대학,산업정보시스템공학과,,,True,True,True
한밭대학교(산업대),인문과학대학,시각디자인전공,,,True,True,True
한밭대학교(산업대),인문과학대학,시각디자인학과,,,True,True,True
상명대학교,자연과학대학,생명과학과,,,True,True,True
한국폴리텍 V 대학 광주캠퍼스,단과대구분없음,자동화시스템과,,,True,True,True
대구한의대학교,경영ㆍ정보대학,정보보호학과,,,True,True,True
전북대학교,공과대학,자원・에너지공학과,,,True,True,True
원광대학교,인문대학,영・중어문학부,,,True,True,True
경북대학교,농업생명과학대학,응용생물화학부 농생물학전공,,,True,True,True
한밭대학교(산업대),공과대학,재료공학전공,,,True,True,True
한밭대학교(산업대),공과대학,전기공학과,,,True,True,True
한남대학교,사회과학대학,정치언론・국제학과,,,True,True,True
한밭대학교(산업대),인문과학대학,영어과,,,True,True,True
한밭대학교(산업대),공과대학,전기공학전공,,,True,True,True
한국산업기술대학교(산업대),단과대구분없음,신소재공학과,,,True,True,True
동국대학교,문과대학,영어영문학부 영어문학전공,,,True,True,True
명지대학교,예술체육대학,영화・뮤지컬학부 뮤지컬공연전공,,,True,True,True
세한대학교,단과대구분없음,인문사회대학,,,True,True,True
울산대학교,생활과학대학,아동・가정복지학전공,,,True,True,True
가천대학교,IT대학,전자ㆍ정보통신공학부,,,True,True,True
원광대학교,생명자원과학대학,원예ㆍ애완동식물학부,,,True,True,True
대구한의대학교,경영ㆍ정보대학,인터넷전공,,,True,True,True
한밭대학교(산업대),인문과학대학,일본어전공,,,True,True,True
대구한의대학교,경영ㆍ정보대학,유통금융학부,,,True,True,True
중앙대학교,외국어대학,일어학과,,,True,True,True
세한대학교,단과대구분없음,언어치료청각학과,,,True,True,True
세한대학교,한ㆍ중교류대학,음악학과,,,True,True,True
세한대학교,단과대구분없음,여자경찰행정학과,,,True,True,True
숭실대학교,사회과학대학,행정학부 행정학전공,,,True,True,True
세한대학교,단과대구분없음,소방대학,,,True,True,True
세한대학교,단과대구분없음,해양레저스포츠학과,,,True,True,True
경북대학교,법과대학,"행정학부(공공관리전공, 공공정책전공)",,,True,True,True
동국대학교(WISE),경영ㆍ관광대학,호텔관광경영학부,,,True,True,True
세한대학교,단과대구분없음,체육학부,,,True,True,True
동국대학교(WISE),경영ㆍ관광대학,호텔컨벤션경영학전공,,,True,True,True
건국대학교,동물생명과학대학,축산경영ㆍ유통경제학전공,,,True,True,True
동국대학교(WISE),법정ㆍ복지대학,정치행정학부,,,True,True,True
동국대학교,사회과학대학,정치행정학부 북한학 전공,,,True,True,True
동국대학교,사회과학대학,정치행정학부 행정학전공,,,True,True,True
서울대학교,농업생명과학대학,조경・지역시스템공학부,,,True,True,True
가천대학교,공과대학,조경학과,,,True,True,True
가천대학교,공과대학,조경학전공,,,True,True,True
동의대학교,공과대학,컴퓨터ㆍ소프트웨어공학부,,,True,True,True
한밭대학교(산업대),공과대학,컴퓨터공학전공,,,True,True,True
세한대학교,한ㆍ중교류대학,한・중교류대학,,,True,True,True
한밭대학교(산업대),공과대학,환경공학전공,,,True,True,True
울산대학교,인문대학,중국어・중국학과,,,True,True,True
한국폴리텍 V 대학 전북캠퍼스,단과대구분없음,컴퓨터응용기계과,,,True,True,True
한국폴리텍 VI 대학 구미캠퍼스,단과대구분없음,컴퓨터응용기계과,,,True,True,True
한국폴리텍 VI 대학 대구캠퍼스,단과대구분없음,컴퓨터응용기계과,,,True,True,True
한국폴리텍 II 대학 인천캠퍼스,단과대구분없음,컴퓨터응용기계설계과,,,True,True,True
가천대학교,한의과대학,한의예과,,,True,True,True
한국폴리텍 IV 대학 아산캠퍼스,단과대구분없음,산업설비자동화과,,,True,True,True
한국폴리텍 V 대학 광주캠퍼스,단과대구분없음,광전자과,,,True,True,True
한국폴리텍 VI 대학 구미캠퍼스,단과대구분없음,전기계측제어과,,,True,True,True
한국폴리텍 II 대학 인천캠퍼스,단과대구분없음,전기계측제어과,,,True,True,True
경기대학교,예술대학,서예・문자예술학과,,,True,True,True
한국폴리텍 VI 대학 영남융합기술캠퍼스,단과대구분없음,텍스타일디자인과,,,True,True,True
중앙대학교,건설대학,토목공학과,,,True,True,True
한밭대학교(산업대),공과대학,토목공학전공,,,True,True,True
세한대학교,단과대구분없음,해양레저학과,,,True,True,True
세한대학교,단과대구분없음,관광일본어전공,,,True,True,True
경상국립대학교,해양과학대학,실습선,,,True,True,True
연세대학교,언더우드국제대학,언더우드 정치외교학전공,,,True,True,True
광주여자대학교,단과대구분없음,교양교직과정부,,,True,True,True
한국폴리텍 IV 대학 청주캠퍼스,단과대구분없음,전기에너지과,,,True,True,True
한국산업기술대학교(산업대),단과대구분없음,기계설계・시스템공학과,,,True,True,True
고려대학교,정보통신대학,컴퓨터・통신공학부,,,True,True,True
건국대학교,공과대학,화학 ・ 생물공학부,,,True,True,True
동아대학교,자연과학대학,생물.의생명과학과,,,True,True,True
대구한의대학교,단과대구분없음,식품조리・영양학전공,,,True,True,True
대구한의대학교,단과대구분없음,회화・디자인학부,,,True,True,True
한국폴리텍 VI 대학 구미캠퍼스,단과대구분없음,IT응용제어과,,,True,True,True
경성대학교,이과대학,식품영양·건강생활학과,,,True,True,True
한신대학교,단과대구분없음,스포츠복지경영학과,,,True,True,True
공주대학교,사범대학,기술・가정교육과,,,True,True,True
충남대학교,단과대구분없음,자유전공학부(인문・사회과학),,,True,True,True
금오공과대학교,단과대구분없음,에너지・융합소재공학부,,,True,True,True
숙명여자대학교,문과대학,프랑스언어・문화학과,,,True,True,True
호원대학교,공과대학,자동차.기계공학부,,,True,True,True
중앙대학교,사회과학대학,도시계획부동산학과,,,True,True,True
동의대학교,상경대학,호텔컨벤션・외식경영학부,,,True,True,True
동의대학교,상경대학,호텔・관광학부,,,True,True,True
가천대학교,공과대학,소방방재공학전공,,,True,True,True
동의대학교,상경대학,경영정보・인터넷비즈니스학부,,,True,True,True
동국대학교,사회과학대학,경제통상학부 경제학전공,,,True,True,True
경희대학교,호텔관광대학,Hospitality경영학부,,,True,True,True
동국대학교,생명과학대학,바이오학부 환경생태공학전공,,,True,True,True
성균관대학교,단과대구분없음,유학・동양학부,,,True,True,True
경북대학교,농업생명과학대학,응용생명과학부 식물생명과학전공,,,True,True,True
동국대학교,사회과학대학,경제통상학부 국제통상학 전공,,,True,True,True
한국폴리텍 V 대학 광주캠퍼스,단과대구분없음,건축과,,,True,True,True
제주대학교,법정대학,법학부 법학전공,,,True,True,True
동양대학교,단과대구분없음,경영정보학부,,,True,True,True
원광대학교,공과대학,토목환경・도시공학부,,,True,True,True
가천대학교,공과대학,도시계획학과,,,True,True,True
강원대학교,동물생명과학대학,사료생산공학ㆍ축산식품과학ㆍ농업자원경제학과군,,,True,True,True
건국대학교(글로컬),의료생명대학,의료정보공학전공,,,True,True,True
한국폴리텍 IV 대학 대전캠퍼스,단과대구분없음,전자과,,,True,True,True
전북대학교,공과대학,전자정보공학부 컴퓨터공학전공,,,True,True,True
한국폴리텍 V 대학 광주캠퍼스,단과대구분없음,그린에너지설비과,,,True,True,True
전북대학교,공과대학,전자정보공학부 정보통신공학전공,,,True,True,True
한국산업기술대학교(산업대),단과대구분없음,환경경영학과,,,True,True,True
한밭대학교(산업대),공과대학,전자공학과,,,True,True,True
한밭대학교(산업대),인문과학대학,중국어전공,,,True,True,True
홍익대학교,건축대학,건축학부 실내건축학전공,,,True,True,True
한국폴리텍 VI 대학 구미캠퍼스,단과대구분없음,자동화시스템과,,,True,True,True
세한대학교,단과대구분없음,작업치료학과,,,True,True,True
이화여자대학교,공과대학,컴퓨터・전자공학부,,,True,True,True
한밭대학교(산업대),공과대학,제어계측공학전공,,,True,True,True
가천대학교,인문대학,일어일문학과,,,True,True,True
건국대학교,경영대학,경영 ・ 경영정보학부,,,True,True,True
동국대학교,문과대학,영어영문학부 영어통번역학전공,,,True,True,True
한국폴리텍 II 대학 인천캠퍼스,단과대구분없음,전기에너지시스템과,,,True,True,True
동의대학교,상경대학,관광・유통학부,,,True,True,True
세한대학교,단과대구분없음,레저스포츠학전공,,,True,True,True
충남대학교,공과대학,기계・금속공학교육전공,,,True,True,True
인제대학교,공과대학,신소재공학부,,,True,True,True
경북대학교,자연과학대학,물리및에너지학부 물리학전공,,,True,True,True
대구한의대학교,건축ㆍ디자인대학,토목설계전공,,,True,True,True
한밭대학교(산업대),경상대학,경제학과,,,True,True,True
경북대학교,공과대학,건축・토목공학부 토목공학전공,,,True,True,True
울산대학교,인문대학,프랑스어・프랑스학과,,,True,True,True
대구한의대학교,정보ㆍ경영대학,컴퓨터학과,,,True,True,True
가천대학교,IT대학,정보통신공학전공,,,True,True,True
가천대학교,공과대학,건축학부,,,True,True,True
세한대학교,단과대구분없음,레저ㆍ체육학부,,,True,True,True
대구한의대학교,건축ㆍ디자인대학,미술창작학과,,,True,True,True
세한대학교,단과대구분없음,해양레저선박학전공,,,True,True,True
한국산업기술대학교(산업대),단과대구분없음,기계설계공학과,,,True,True,True
신라대학교,상경대학,호텔・관광이벤트학과,,,True,True,True
세한대학교,단과대구분없음,해양레저선박학과,,,True,True,True
한밭대학교(산업대),인문과학대학,산업디자인학과,,,True,True,True
목원대학교,음악대학,성악・뮤지컬학부,,,True,True,True
경북대학교,자연과학대학,생명과학부 생물학전공,,,True,True,True
한밭대학교(산업대),공과대학,응용소재공학과,,,True,True,True
동의대학교,상경대학,호텔・관광경영학부,,,True,True,True
강원대학교,농업생명과학대학,지역건설 ・ 생물산업공학부,,,True,True,True
한밭대학교(산업대),공과대학,토목환경도시공학부,,,True,True,True
원광대학교,자연과학대학,수학ㆍ정보통계학부,,,True,True,True
덕성여자대학교,자연과학대학,Pre-Pharm Med학과,,,True,True,True
중앙대학교,산업과학대학,산업경제학과,,,True,True,True
한밭대학교(산업대),공과대학,전파공학전공,,,True,True,True
가천대학교,공과대학,토목환경공학과,,,True,True,True
세한대학교,단과대구분없음,조형문화과,,,True,True,True
세한대학교,단과대구분없음,유아교육과,,,True,True,True
대구대학교,행정대학,도시・지역계획학과,,,True,True,True
세한대학교,한ㆍ중교류대학,인테리어디자인학과,,,True,True,True
중앙대학교,예술대학,디자인학부(실내환경디자인전공),,,True,True,True
한밭대학교(산업대),경상대학,경영학전공,,,True,True,True
세한대학교,한ㆍ중교류대학,컴퓨터응용기술학과,,,True,True,True
부경대학교,환경ㆍ해양대학,환경공학과,,,True,True,True
금오공과대학교,단과대구분없음,에너지・화학공학전공,,,True,True,True
전북대학교,사범대학,과학교육학부 화학교육전공,,,True,True,True
전북대학교,상과대학,경제학부 경제학전공,,,True,True,True
대구한의대학교,단과대구분없음,건축・건설시스템공학부,,,True,True,True
한국폴리텍 V 대학 전남캠퍼스,단과대구분없음,조선설계과,,,True,True,True
한국폴리텍 VI 대학 구미캠퍼스,단과대구분없음,디지털디스플레이전자과,,,True,True,True
한국폴리텍 IV 대학 아산캠퍼스,단과대구분없음,반도체디스플레이과,,,True,True,True
창원대학교,공과대학,나노ㆍ신소재공학부,,,True,True,True
한국폴리텍 IV 대학 대전캠퍼스,단과대구분없음,SG전기전자제어과,,,True,True,True
동의대학교,인문대학,철학・윤리문화학과,,,True,True,True
경북대학교,사범대학,사회교육학부 역사교육전공,,,True,True,True
가천대학교,사회과학대학,도시행정학전공,,,True,True,True
동국대학교,사회과학대학,사회언론정보학부 사회학전공,,,True,True,True
대구한의대학교,건축ㆍ디자인대학,패션・그래픽디자인학부,,,True,True,True
세한대학교,단과대구분없음,관광경영전공,,,True,True,True
서울시립대학교,도시과학대학,건축학부 건축공학전공,,,True,True,True
동덕여자대학교,정보과학대학,정보학부 문헌정보전공,,,True,True,True
목원대학교,음악대학,관현악학부 현악전공,,,True,True,True
한국산업기술대학교(산업대),단과대구분없음,부품소재공학과,,,True,True,True
동의대학교,영상정보대학,영화영상ㆍ멀티미디어공학부,,,True,True,True
한국폴리텍 VII 대학 부산캠퍼스,단과대구분없음,자동차과,,,True,True,True
한국폴리텍 V 대학 광주캠퍼스,단과대구분없음,신소재응용과,,,True,True,True
홍익대학교,공과대학,기계ㆍ시스템디자인공학과,,,True,True,True
제주대학교,자연과학대학,생명과학ㆍ화학학과군,,,True,True,True
연세대학교(미래),과학기술대학,산업교육학부 컴퓨터공학전공,,,True,True,True
경북대학교,공과대학,신소재공학부 전자재료공학전공,,,True,True,True
동국대학교,공과대학,IT학부 컴퓨터공학전공,,,True,True,True
부산대학교,공과대학,조선·해양공학과,,,True,True,True
한밭대학교(산업대),공과대학,컴퓨터공학과,,,True,True,True
우석대학교,과학기술대학,건축・인테리어디자인학과,,,True,True,True
한밭대학교(산업대),인문과학대학,교양학부,,,True,True,True
충남대학교,사범대학,전기・전자・통신공학교육과,,,True,True,True
중앙대학교,경영경제대학,경영학부,,,True,True,True
한국폴리텍 VI 대학 대구캠퍼스,단과대구분없음,메카트로닉스과,,,True,True,True
세한대학교,한ㆍ중교류대학,제품디자인학과,,,True,True,True
경북대학교,공과대학,건축・토목공학부 건축공학전공,,,True,True,True
한국폴리텍 III 대학 춘천캠퍼스,단과대구분없음,미디어콘텐츠과,,,True,True,True
한국폴리텍 I 대학 서울정수캠퍼스,단과대구분없음,전기과,,,True,True,True
한국폴리텍 I 대학 성남캠퍼스,단과대구분없음,컴퓨터응용기계과,,,True,True,True
중앙대학교,예술대학,공연영상창작학부(사진전공),,,True,True,True
대구한의대학교,경영ㆍ정보대학,멀티미디어컨텐츠전공,,,True,True,True
한국폴리텍 VI 대학 구미캠퍼스,단과대구분없음,컴퓨터정보과,,,True,True,True
동국대학교,생명과학대학,식품과학부 식품산업시스템전공,,,True,True,True
한국산업기술대학교(산업대),단과대구분없음,기계공학과,,,True,True,True
전북대학교,사범대학,과학교육학부 지구과학교육전공,,,True,True,True
한국폴리텍 IV 대학 홍성캠퍼스,단과대구분없음,산업설비자동화과,,,True,True,True
동국대학교(WISE),경영ㆍ관광대학,경제금융학전공,,,True,True,True
한국폴리텍 I 대학 성남캠퍼스,단과대구분없음,신소재응용과,,,True,True,True
대구대학교,정보통신대학,컴퓨터・IT공학부(전산공학전공),,,True,True,True
가천대학교,인문대학,영어영문학과,,,True,True,True
동국대학교,바이오시스템대학,바이오학부 식물생명공학전공,,,True,True,True
세한대학교,단과대구분없음,음악・뮤지컬학과,,,True,True,True
한국폴리텍 I 대학 서울강서캠퍼스,단과대구분없음,전기계측제어과,,,True,True,True
가천대학교,공과대학,에너지생명공학부,,,True,True,True
동국대학교,바이오시스템대학,바이오학부 환경생태공학전공,,,True,True,True
한국폴리텍 V 대학 광주캠퍼스,단과대구분없음,컴퓨터응용기계설계과,,,True,True,True
이화여자대학교,자연과학대학,화학・나노과학전공,,,True,True,True
한밭대학교(산업대),공과대학,전기전자공학부,,,True,True,True
숭실대학교,공과대학,건축학부 건축학전공,,,True,True,True
중앙대학교,외국어대학,독어학과,,,True,True,True
충남대학교,사범대학,기계・금속공학교육과,,,True,True,True
한국폴리텍 VI 대학 대구캠퍼스,단과대구분없음,인터넷미디어과,,,True,True,True
세한대학교,단과대구분없음,골프경영학전공,,,True,True,True
부경대학교,환경ㆍ해양대학,에너지자원공학과,,,True,True,True
건국대학교(글로컬),의료생명대학,의용전자공학전공,,,True,True,True
동국대학교,문과대학,철학윤리문화학부 철학전공,,,True,True,True
충남대학교,자연과학대학,수학ㆍ정보통계학부,,,True,True,True
한국폴리텍 IV 대학 홍성캠퍼스,단과대구분없음,컴퓨터응용기계과,,,True,True,True
경북대학교,사범대학,유럽어교육학부 독어교육전공,,,True,True,True
부경대학교,인문사회과학대학,자원ㆍ정보경제학전공,,,True,True,True
한밭대학교(산업대),공과대학,도시공학과,,,True,True,True
한밭대학교(산업대),인문과학대학,공업디자인학과,,,True,True,True
안동대학교,사범대학,컴퓨터교육과,,,True,True,True
중앙대학교,예술대학,문예창작학과,,,True,True,True
강원대학교,농업생명과학대학,원예.자원생물환경화학과군,,,True,True,True
한국폴리텍 IV 대학 홍성캠퍼스,단과대구분없음,자동화시스템과,,,True,True,True
조선대학교,미술대학,디자인학부(가구・도자디자인),,,True,True,True
경주대학교,관광대학,관광정보학과,,,True,True,True
한국폴리텍 VI 대학 대구캠퍼스,단과대구분없음,전자과,,,True,True,True
전북대학교,사범대학,과학교육학부 물리교육전공,,,True,True,True
세한대학교,단과대구분없음,국제한국어교육전공,,,True,True,True
제주대학교,단과대구분없음,성악・피아노・작곡전공,,,True,True,True
건국대학교(글로컬),의료생명대학,간호학과,,,True,True,True
한국폴리텍 V 대학 전북캠퍼스,단과대구분없음,메카트로닉스과,,,True,True,True
한국폴리텍 특성화대학 반도체융합캠퍼스,단과대구분없음,반도체CAD,,,True,True,True
홍익대학교,미술대학,섬유미술ㆍ패션디자인과,,,True,True,True
예원예술대학교,단과대구분없음,음악학과,,,True,True,True
세한대학교,단과대구분없음,경찰학부,,,True,True,True
울산대학교,인문대학,일본어・일본학전공,,,True,True,True
충남대학교,자연과학대학,물리ㆍ천문우주과학부,,,True,True,True
경상국립대학교,단과대구분없음,기계항공공학부 기계공학전공(공대),,,True,True,True
부산디지털대학교,단과대구분없음,보건경영학부,,,True,True,True
제주대학교,경상대학,경영・회계・관광경영・무역학학과군,,,True,True,True
협성대학교,단과대구분없음,아동보육학과,,,True,True,True
중앙대학교,체육대학,스포츠과학부,,,True,True,True
한국폴리텍 I 대학 서울정수캠퍼스,단과대구분없음,그린에너지설비과,,,True,True,True
중앙대학교,예술대학,음악학부(피아노전공),,,True,True,True
강원대학교,공학대학,소방방재학부 건설방재공학전공,,,True,True,True
한국폴리텍 VII 대학 부산캠퍼스,단과대구분없음,전자과,,,True,True,True
가천대학교,공과대학,식품생물공학과,,,True,True,True
세한대학교,단과대구분없음,영어교육과,,,True,True,True
동국대학교(WISE),경영ㆍ관광대학,경상학부,,,True,True,True
건국대학교(글로컬),의료생명대학,의용메카트로닉스전공,,,True,True,True
경기대학교,예술대학,장신구・금속디자인전공,,,True,True,True
건국대학교,공과대학,산업 ・ 섬유공학과군,,,True,True,True
한국폴리텍 특성화대학 항공캠퍼스,단과대구분없음,항공정비과,,,True,True,True
경북대학교,자연과학대학,물리 및 에너지학부,,,True,True,True
경북대학교,농업생명과학대학,식물생명과학부 원예학전공,,,True,True,True
건국대학교,문과대학,히브리ㆍ중동학전공,,,True,True,True
중앙대학교,경영경제대학,국제물류학과,,,True,True,True
가천대학교,IT대학,인터넷미디어전공,,,True,True,True
경북대학교,예술대학,"음악학과(성악전공, 피아노전공, 작곡전공, 관현악전공, 이론전공)",,,True,True,True
가톨릭관동대학교,관광의료복지대학,호텔・관광학부,,,True,True,True
인제대학교,공과대학,정보컴퓨터공학부,,,True,True,True
가천대학교,공과대학,도시계획・조경학부,,,True,True,True
원광대학교,공과대학,기계시스템・디자인공학부,,,True,True,True
중앙대학교,생활과학대학,주거환경학과,,,True,True,True
충남대학교,공과대학,항공우주・선박해양공학부,,,True,True,True
한국폴리텍 VI 대학 구미캠퍼스,단과대구분없음,전기과,,,True,True,True
한국폴리텍 VII 대학 울산캠퍼스,단과대구분없음,자동화시스템과,,,True,True,True
중앙대학교,외국어대학,영어학과,,,True,True,True
한밭대학교(산업대),인문과학대학,일본어과,,,True,True,True
명지대학교,건축대학,건축학부 전통건축전공(5년제),,,True,True,True
중앙대학교,자연과학대학,생명과학과,,,True,True,True
부경대학교,환경ㆍ해양대학,해양학과,,,True,True,True
세한대학교,단과대구분없음,해양레저장비학전공,,,True,True,True
전북대학교,공과대학,생체정보공학부 생체공학전공,,,True,True,True
을지대학교,보건산업대학,의료전산학 전공,,,True,True,True
한국폴리텍 I 대학 서울정수캠퍼스,단과대구분없음,자동차과,,,True,True,True
건국대학교(글로컬),의과대학,의학과(자연계열),,,True,True,True
한국폴리텍 II 대학 인천캠퍼스,단과대구분없음,컴퓨터응용기계과,,,True,True,True
동아대학교,단과대구분없음,석당인재학부 공공정책학전공,,,True,True,True
한밭대학교(산업대),경상대학,경제학전공,,,True,True,True
한밭대학교(산업대),공과대학,건축공학전공,,,True,True,True
한국폴리텍 VI 대학 구미캠퍼스,단과대구분없음,정보통신시스템과,,,True,True,True
한국폴리텍 III 대학 춘천캠퍼스,단과대구분없음,전기과(2년제),,,True,True,True
동의대학교,생활과학대학,보육・가정상담학과,,,True,True,True
한국폴리텍 I 대학 서울강서캠퍼스,단과대구분없음,미디어콘텐츠과,,,True,True,True
한국폴리텍 IV 대학 아산캠퍼스,단과대구분없음,메카트로닉스과,,,True,True,True
세한대학교,단과대구분없음,경찰수사학전공,,,True,True,True
동아대학교,단과대구분없음,국제학부 국제학전공,,,True,True,True
동국대학교(WISE),경영ㆍ관광대학,외식경영학전공,,,True,True,True
동의대학교,상경대학,호텔・컨벤션경영학과,,,True,True,True
한국폴리텍 IV 대학 대전캠퍼스,단과대구분없음,기계시스템과,,,True,True,True
경북대학교,사범대학,유럽어교육학부 불어교육전공,,,True,True,True
한국폴리텍 IV 대학 청주캠퍼스,단과대구분없음,반도체시스템과,,,True,True,True
조선대학교,미술대학,디자인학부(제품・실내디자인),,,True,True,True
세한대학교,단과대구분없음,레저정보산업학전공,,,True,True,True
한밭대학교(산업대),공과대학,소방설비공학과,,,True,True,True
중앙대학교,예술대학,음악학부(성악전공),,,True,True,True
서울대학교,농업생명과학대학,식품・동물생명공학부,,,True,True,True
연세대학교(미래),정경대학,산업교육학부 경영학전공,,,True,True,True
대구가톨릭대학교,단과대구분없음,고위공직・법학전공,,,True,True,True
세한대학교,단과대구분없음,경호무도비서학전공,,,True,True,True
중앙대학교,예술대학,미술학부(조소전공),,,True,True,True
한국폴리텍 VII 대학 창원캠퍼스,단과대구분없음,신소재응용과,,,True,True,True
한국폴리텍 특성화대학 항공캠퍼스,단과대구분없음,항공메카트로닉스과,,,True,True,True
강원대학교,동물생명과학대학,동물생명과학대학 농업자원경제학과,,,True,True,True
동아대학교,단과대구분없음,국제학부 일본학전공,,,True,True,True
세종사이버대학교,단과대구분없음,부동산자산경영학과,,,True,True,True
중앙대학교,예술대학,영화학과,,,True,True,True
세한대학교,한ㆍ중교류대학,시각디자인학과,,,True,True,True
중앙대학교,예술대학,미술학부(한국화전공),,,True,True,True
경일대학교,단과대구분없음,제어・전기공학부,,,True,True,True
울산대학교,인문대학,스페인・중남미학과,,,True,True,True
광운대학교,사회과학대학,행정・산업심리・영어군,,,True,True,True
중앙대학교,외국어대학,노어학과,,,True,True,True
한국산업기술대학교(산업대),단과대구분없음,기계제조공학과,,,True,True,True
상지대학교,예술체육대학,체육학부 체육학전공,,,True,True,True
중앙대학교,건설대학,건축학부,,,True,True,True
동국대학교,공과대학,컴퓨터정보통신공학부 컴퓨터공학전공,,,True,True,True
부경대학교,환경ㆍ해양대학,해양공학과,,,True,True,True
한국폴리텍 V 대학 광주캠퍼스,단과대구분없음,전기계측제어과,,,True,True,True
한밭대학교(산업대),공과대학,화학공학전공,,,True,True,True
호원대학교,공과대학,컴퓨터.게임학부,,,True,True,True
전북대학교,공과대학,전자정보공학부 생체공학전공,,,True,True,True
충북대학교,농업생명환경대학,목재・종이과학과,,,True,True,True
가천대학교,IT대학,소프트웨어설계・경영학과,,,True,True,True
한밭대학교(산업대),공과대학,제어계측공학과,,,True,True,True
경북대학교,사범대학,과학교육학부 물리교육전공,,,True,True,True
한서대학교,단과대구분없음,아동・청소년복지학과,,,True,True,True
대구한의대학교,정보ㆍ경영대학,경찰행정전공,,,True,True,True
중앙대학교,예술대학,음악학부(관현악전공),,,True,True,True
세한대학교,단과대구분없음,전통연희학과,,,True,True,True
한밭대학교(산업대),공과대학,건축설비공학전공,,,True,True,True
가천대학교,법과대학,법학과,,,True,True,True
세종사이버대학교,단과대구분없음,사회복지행정학과,,,True,True,True
한국폴리텍 VI 대학 대구캠퍼스,단과대구분없음,스마트전자과,,,True,True,True
홍익대학교,미술대학,도예ㆍ유리과,,,True,True,True
강원대학교,공학대학,지구시스템ㆍ재료금속공학부,,,True,True,True
세한대학교,단과대구분없음,경호학전공,,,True,True,True
한밭대학교(산업대),공과대학,재료공학과,,,True,True,True
한밭대학교(산업대),공과대학,정보통신컴퓨터공학부,,,True,True,True
한국폴리텍 V 대학 전남캠퍼스,단과대구분없음,산업설비자동화과,,,True,True,True
한국폴리텍 IV 대학 대전캠퍼스,단과대구분없음,전기계측제어과,,,True,True,True
목원대학교,음악대학,건반악학부 피아노전공,,,True,True,True
전북대학교,공과대학,신소재공학부 전자재료공학전공,,,True,True,True
동덕여자대학교,사회과학대학,경영경제학부 경영학전공,,,True,True,True
숙명여자대학교,미술대학,시각・영상디자인과,,,True,True,True
동국대학교(WISE),인문과학대학,외국어문학부,,,True,True,True
한국폴리텍 IV 대학 대전캠퍼스,단과대구분없음,로봇자동화과,,,True,True,True
공주대학교,공과대학,건축학부 건축학전공,,,True,True,True
세한대학교,단과대구분없음,경영정보학과,,,True,True,True
한국교통대학교,보건생명대학,물리치료학과,,,True,True,True
예원예술대학교,단과대구분없음,무용학과,,,True,True,True
금강대학교,단과대구분없음,통상통역학전공(영어.일어.중어),,,True,True,True
한국폴리텍 V 대학 전북캠퍼스,단과대구분없음,전기과,,,True,True,True
중앙대학교,예술대학,전통예술학부(음악예술전공),,,True,True,True
울산대학교,인문대학,일본어・일본학과,,,True,True,True
경상국립대학교,단과대구분없음,기계항공공학부 기계공학전공(해양),,,True,True,True
중앙대학교,예술대학,전통예술학부(연희예술전공),,,True,True,True
한밭대학교(산업대),인문과학대학,중국어과,,,True,True,True
한국폴리텍 VII 대학 부산캠퍼스,단과대구분없음,컴퓨터응용금형과,,,True,True,True
한밭대학교(산업대),공과대학,생산가공공학전공,,,True,True,True
동덕여자대학교,사회대학,사회학부 아동학전공,,,True,True,True
가천대학교,IT대학,컴퓨터소프트웨어전공,,,True,True,True
영남대학교,기초교육대학,자율전공학부(인문.사회),,,True,True,True
동덕여자대학교,정보과학대학,정보학부 컴퓨터전공,,,True,True,True
동아대학교,경영대학,호텔ㆍ컨벤션경영학전공,,,True,True,True
세종사이버대학교,단과대구분없음,만화애니메이션학과,,,True,True,True
세종사이버대학교,단과대구분없음,호텔관광경영학과,,,True,True,True
한국폴리텍 VI 대학 영남융합기술캠퍼스,단과대구분없음,패션마케팅과,,,True,True,True
안동대학교,자연과학대학,원예육종학과,,,True,True,True
한밭대학교(산업대),공과대학,산업경영공학과,,,True,True,True
한국산업기술대학교(산업대),단과대구분없음,메카트로닉스시스템공학과,,,True,True,True
중앙대학교,예술대학,미술학부(서양화전공),,,True,True,True
대구한의대학교,경영ㆍ정보대학,행정학전공,,,True,True,True
순복음총회신학교,단과대구분없음,음악과,,,True,True,True
한국산업기술대학교(산업대),단과대구분없음,복지행정학과,,,True,True,True
동서대학교,단과대구분없음,International Studies과,,,True,True,True
한국산업기술대학교(산업대),단과대구분없음,생명화학공학과,,,True,True,True
경북대학교,예술대학,"국악학과(기악전공, 성악전공,이론작곡전공)",,,True,True,True
강원대학교,BT특성화학부(대학),BT특성화학부(대학) 생명공학부,,,True,True,True
세한대학교,단과대구분없음,안경광학과,,,True,True,True
한국기술교육대학교,단과대구분없음,전기ㆍ전자ㆍ통신공학부,,,True,True,True
한국폴리텍 V 대학 광주캠퍼스,단과대구분없음,메카트로닉스과,,,True,True,True
울산대학교,인문대학,역사・문화학전공,,,True,True,True
서울디지털대학교,단과대구분없음,IT 및 문화예술계열,,,True,True,True
한국폴리텍 II 대학 인천캠퍼스,단과대구분없음,디지털방송과,,,True,True,True
강원대학교,사회과학대학,정치외교・신문방송학과군,,,True,True,True
세한대학교,단과대구분없음,실용음악학과,,,True,True,True
가천대학교,한의과대학,한의학과,,,True,True,True
고려대학교,공과대학,기계・정보경영공학부,,,True,True,True
예원예술대학교,단과대구분없음,연극영화ㆍ코미디전공,,,True,True,True
울산대학교,인문대학,역사・문화학과,,,True,True,True
전남대학교,수산해양대학,식품공학・영양학부,,,True,True,True
동국대학교,공과대학,IT학부 전자공학전공,,,True,True,True
세한대학교,단과대구분없음,해양레저기술전공,,,True,True,True
한국외국어대학교,사회과학대학,언론ㆍ정보전공,,,True,True,True
조선대학교,사회과학대학,행정・복지학부(사회복지학),,,True,True,True
한밭대학교(산업대),인문과학대학,영어전공,,,True,True,True
한국폴리텍 I 대학 성남캠퍼스,단과대구분없음,시스템제어정비과,,,True,True,True
세종사이버대학교,단과대구분없음,외식창업프랜차이즈학과,,,True,True,True
가톨릭관동대학교,관광스포츠대학,호텔・관광학부,,,True,True,True
한밭대학교(산업대),인문과학대학,외국어학부,,,True,True,True
명지대학교,예술체육대학,체육학부 경기지도학전공,,,True,True,True
경상국립대학교,단과대구분없음,기계항공공학부 항공우주공학 전공,,,True,True,True
목원대학교,테크노과학대학,스포츠산업과학부 사회체육학전공,,,True,True,True
경북대학교,공과대학,기계공학부 기계공학전공,,,True,True,True
성신여자대학교,단과대구분없음,자율전공학부(인문.사회),,,True,True,True
한국폴리텍 VII 대학 부산캠퍼스,단과대구분없음,컴퓨터응용기계과,,,True,True,True
숭실대학교,자연과학대학,정보통계・보험수리학과,,,True,True,True
울산대학교,인문대학,중국어・중국학전공,,,True,True,True
중앙대학교,예술대학,디자인학부(시각디자인전공),,,True,True,True
중앙대학교,사회과학대학,국제관계학과,,,True,True,True
동국대학교,바이오시스템대학,바이오학부 생명과학전공,,,True,True,True
한국폴리텍 V 대학 전북캠퍼스,단과대구분없음,유비쿼터스시스템과,,,True,True,True
한국폴리텍 IV 대학 대전캠퍼스,단과대구분없음,컴퓨터응용금형과,,,True,True,True
한국폴리텍 V 대학 광주캠퍼스,단과대구분없음,건축설비자동화과,,,True,True,True
동국대학교(WISE),인문과학대학,철학ㆍ논술전공,,,True,True,True
가천대학교,IT대학,소프트웨어학부,,,True,True,True
가천대학교,공과대학,건축설비공학과,,,True,True,True
대구한의대학교,경영ㆍ정보대학,멀티미디어학부,,,True,True,True
한국폴리텍 VI 대학 구미캠퍼스,단과대구분없음,디스플레이전자과,,,True,True,True
원광대학교,인문대학,고고・미술사학과,,,True,True,True
한밭대학교(산업대),공과대학,공학군,,,True,True,True
세한대학교,단과대구분없음,만화애니메이션학과,,,True,True,True
한국폴리텍 V 대학 전북캠퍼스,단과대구분없음,전기계측제어과,,,True,True,True
부경대학교,환경ㆍ해양대학,환경대기과학과,,,True,True,True
가천대학교,공과대학,소방방재공학과,,,True,True,True
조선대학교,미술대학,만화・애니메이션학부,,,True,True,True
경북대학교,농업생명과학대학,임학・임산공학과군,,,True,True,True
한국폴리텍 II 대학 인천캠퍼스,단과대구분없음,자동화시스템과,,,True,True,True
경북대학교,사범대학,과학교육학부 지구과학교육전공,,,True,True,True
전북대학교,공과대학,신소재공학부 정보소재공학전공,,,True,True,True
충남대학교,공과대학,기계・기계설계・메카트로닉스공학부,,,True,True,True
세한대학교,단과대구분없음,아동영어교육학과,,,True,True,True
가천대학교,공과대학,기계공학전공,,,True,True,True
한국폴리텍 V 대학 전북캠퍼스,단과대구분없음,정보통신시스템과,,,True,True,True
세종사이버대학교,단과대구분없음,유통물류학과,,,True,True,True
동국대학교(WISE),에너지ㆍ환경대학,에너지ㆍ환경시스템학부,,,True,True,True
세한대학교,단과대구분없음,소방행정학전공,,,True,True,True
목원대학교,공과대학,건축학부 건축학전공(5년제),,,True,True,True
원광대학교,생명자원과학대학,식품・환경학과,,,True,True,True
창원대학교,공과대학,환경・화공시스템공학군,,,True,True,True
호원대학교,보건복지대학,행정.사회복지학부,,,True,True,True
가톨릭관동대학교,관광의료복지대학,호텔조리・외식경영학전공,,,True,True,True
한국기술교육대학교,단과대구분없음,기계공학부,,,True,True,True
한국폴리텍 I 대학 성남캠퍼스,단과대구분없음,전기계측제어과,,,True,True,True
대구한의대학교,웰빙복지대학,건설・건축디자인학부,,,True,True,True
숭실대학교,공과대학,건축학부 실내건축전공,,,True,True,True
한국폴리텍 IV 대학 대전캠퍼스,단과대구분없음,녹색산업설비과,,,True,True,True
대구한의대학교,건축ㆍ디자인대학,도시환경디자인학과,,,True,True,True
한국교통대학교,국제사회대학,IT응용융합계약학과,,,True,True,True
세종사이버대학교,단과대구분없음,경영학과,,,True,True,True
강원대학교,산림환경과학대학,산림경영・조경학부,,,True,True,True
동의대학교,체육과학대학,체육・레포츠학부,,,True,True,True
동국대학교,사회과학대학,사회언론정보학부 신문방송학전공,,,True,True,True
한국폴리텍 IV 대학 대전캠퍼스,단과대구분없음,멀티미디어과,,,True,True,True
세한대학교,단과대구분없음,교양학부,,,True,True,True
한국산업기술대학교(산업대),단과대구분없음,IT융합학과,,,True,True,True
전북대학교,인문대학,스페인・중남미어문학과,,,True,True,True
한국폴리텍 특성화대학 항공캠퍼스,단과대구분없음,항공기계과,,,True,True,True
한국폴리텍 VI 대학 대구캠퍼스,단과대구분없음,신소재응용과,,,True,True,True
한양대학교(ERICA),디자인대학,시각ㆍ패키지디자인전공,,,True,True,True
성균관대학교,단과대구분없음,전자전기・컴퓨터공학계열,,,True,True,True
연세대학교(미래),정경대학,산업교육학부 국제관계학전공,,,True,True,True
대구가톨릭대학교,단과대구분없음,기초의치・약학전공,,,True,True,True
울산대학교,인문대학,프랑스어・프랑스학전공,,,True,True,True
건국대학교(글로컬),의료생명대학,의학공학부,,,True,True,True
동의대학교,상경대학,경영·회계학부,,,True,True,True
한밭대학교(산업대),공과대학,응용소재공학전공,,,True,True,True
원광대학교,공과대학,전기ㆍ정보통신공학부,,,True,True,True
용인대학교,문화예술대학,뮤지컬・연극학과,,,True,True,True
전북대학교,공과대학,컴퓨터공학부 컴퓨터공학전공,,,True,True,True
세한대학교,단과대구분없음,뮤지컬학과,,,True,True,True
동국대학교,생명과학대학,바이오학부 생명과학전공,,,True,True,True
한국산업기술대학교(산업대),단과대구분없음,LED공학과,,,True,True,True
세한대학교,단과대구분없음,레저산업학부,,,True,True,True
건국대학교,동물생명과학대학,동물생산ㆍ환경학전공,,,True,True,True
한국폴리텍 VII 대학 창원캠퍼스,단과대구분없음,자동차과,,,True,True,True
부산디지털대학교,단과대구분없음,가족청소년상담학전공,,,True,True,True
한국폴리텍 VI 대학 영남융합기술캠퍼스,단과대구분없음,니트디자인과,,,True,True,True
가천대학교,IT대학,컴퓨터공학과,,,True,True,True
전북대학교,공과대학,신소재공학부 금속시스템공학전공,,,True,True,True
충남대학교,공과대학,유기소재・섬유시스템공학과,,,True,True,True
동양대학교,단과대구분없음,건축공학과,,,True,True,True
가천대학교,공과대학,전기공학과,,,True,True,True
부경대학교,환경ㆍ해양대학,생태공학전공,,,True,True,True
전북대학교,공과대학,생체정보공학부 생명정보공학전공,,,True,True,True
세한대학교,단과대구분없음,경영학과,,,True,True,True
경북대학교,농업생명과학대학,응용생명과학부 응용생물화학전공,,,True,True,True
강원대학교,농업생명과학대학,농업생명과학대학 식품생명공학전공,,,True,True,True
강원대학교,자연과학대학,지질.지구물리학과군,,,True,True,True
한국폴리텍 VI 대학 대구캠퍼스,단과대구분없음,컴퓨터응용금형과,,,True,True,True
연세대학교,언더우드국제대학,언더우드 경제학전공,,,True,True,True
한국교통대학교,보건생명대학,응급구조학과,,,True,True,True
조선대학교,미술대학,디자인학부(섬유・패션디자인),,,True,True,True
전북대학교,공과대학,신소재공학부 고분자나노공학전공,,,True,True,True
한밭대학교(산업대),공과대학,정보통신공학과,,,True,True,True
서울시립대학교,도시과학대학,건축학부 건축학전공(5년제),,,True,True,True
동국대학교,공과대학,IT학부 정보통신공학전공,,,True,True,True
한국폴리텍 IV 대학 청주캠퍼스,단과대구분없음,컴퓨터응용기계과,,,True,True,True
세종사이버대학교,단과대구분없음,상담심리학과,,,True,True,True
가천대학교,바이오나노대학,바이오메디컬전공,,,True,True,True
청주대학교,이공대학,산업공학ㆍ레이저광정보공학부,,,True,True,True
대구한의대학교,웰빙복지대학,건축・토목설계학부,,,True,True,True
동양대학교,단과대구분없음,경영관광정보학부,,,True,True,True
고려대학교,공과대학,기계・산업시스템정보공학부,,,True,True,True
동국대학교(WISE),경영ㆍ관광대학,정보경영학전공,,,True,True,True
전남대학교,문화사회과학대학,경영・국제통상학과군,,,True,True,True
상지대학교,예술체육대학,체육학부 생활체육학전공,,,True,True,True
세한대학교,한ㆍ중교류대학,관광중국어학과,,,True,True,True
목원대학교,음악대학,관현악학부 관악전공,,,True,True,True
동의대학교,공과대학,전자ㆍ정보통신공학부,,,True,True,True
한국폴리텍 V 대학 광주캠퍼스,단과대구분없음,컴퓨터응용금형과,,,True,True,True
중앙대학교,외국어대학,중어학과,,,True,True,True
세한대학교,단과대구분없음,소방행정학과,,,True,True,True
한국교통대학교,보건생명대학,간호학과,,,True,True,True
세한대학교,단과대구분없음,무도학전공,,,True,True,True
세한대학교,단과대구분없음,디자인학과,,,True,True,True
한국폴리텍 I 대학 서울강서캠퍼스,단과대구분없음,통신전자과,,,True,True,True
경북대학교,공과대학,기계공학부 기계설계학전공,,,True,True,True
강원대학교,동물생명과학대학,동물생명과학대학 사료생산공학과,,,True,True,True
대구한의대학교,경영ㆍ정보대학,행정학과,,,True,True,True
가천대학교,공과대학,전기공학전공,,,True,True,True
숭실사이버대학교,단과대구분없음,경찰교정학과,,,True,True,True
한국폴리텍 I 대학 서울강서캠퍼스,단과대구분없음,산업설비자동화과,,,True,True,True
전남대학교,농업생명과학대학,지역 ・ 바이오시스템공학과,,,True,True,True
전주대학교,문화산업대학,사진・만화애니메이션전공,,,True,True,True
경남과학기술대학교,상경대학,전자상거래・무역학과,,,True,True,True
세한대학교,단과대구분없음,복지상담학과,,,True,True,True
세한대학교,한ㆍ중교류대학,실용음악학과,,,True,True,True
대구대학교,자연과학대학,화학・응용화학과,,,True,True,True
창원대학교,단과대구분없음,자율전공학부(인문.사회),,,True,True,True
대구한의대학교,경영ㆍ정보대학,경찰행정학전공,,,True,True,True
건국대학교,본부대학,중국통상・비즈니스전공,,,True,True,True
세한대학교,단과대구분없음,수사정보학전공,,,True,True,True
세한대학교,단과대구분없음,경찰행정학과,,,True,True,True
한국폴리텍 IV 대학 아산캠퍼스,단과대구분없음,시각디자인과,,,True,True,True
세한대학교,단과대구분없음,간호학과,,,True,True,True
가천대학교,공과대학,화공생명공학전공,,,True,True,True
가천대학교,공과대학,전기・소방공학부,,,True,True,True
서울대학교,자연과학대학,물리・천문학부,,,True,True,True
한국폴리텍 II 대학 인천캠퍼스,단과대구분없음,전자과,,,True,True,True
한국폴리텍 IV 대학 대전캠퍼스,단과대구분없음,디지털콘텐츠과,,,True,True,True
중앙대학교,예술대학,디자인학부(공예전공),,,True,True,True
세한대학교,단과대구분없음,소방학부,,,True,True,True
부산대학교,공과대학,조선·해양공학과(삼성중공업),,,True,True,True
가천대학교,공과대학,건축공학전공,,,True,True,True
한밭대학교(산업대),공과대학,제어계측건축설비공학부,,,True,True,True
홍익대학교,단과대구분없음,서울캠퍼스 자율전공,,,True,True,True
한밭대학교(산업대),공과대학,생명공학전공,,,True,True,True
강원대학교,공과대학,산업.화학공학과군,,,True,True,True
상지대학교,인문사회과학대학,행정학부 전자정부학전공,,,True,True,True
전남대학교,공과대학,고분자 ・ 섬유시스템공학과,,,True,True,True
경북대학교,예술대학,"미술학과(한국화전공, 서양화전공, 조소전공, 조형예술이론전공)",,,True,True,True
대전대학교,경영대학,산업・광고심리학과,,,True,True,True
동국대학교,생명과학대학,바이오학부 식물생명공학전공,,,True,True,True
한국폴리텍 V 대학 광주캠퍼스,단과대구분없음,전기과,,,True,True,True
명지대학교,공과대학,부동산지적GIS학과,,,True,True,True
세한대학교,단과대구분없음,바둑학전공,,,True,True,True
대구한의대학교,경영ㆍ정보대학,전산정보보호학과,,,True,True,True
조선대학교,사회과학대학,행정.복지학부(행정학),,,True,True,True
경북대학교,농업생명과학대학,응용생명과학부 생명식품공학전공,,,True,True,True
순천향대학교,인문과학대학,청소년교육 ・ 상담학과,,,True,True,True
강릉원주대학교,문화대학,여성인력개발학과,,,True,True,True
경북대학교,자연과학대학,물리및에너지학부 에너지과학전공,,,True,True,True
세한대학교,단과대구분없음,수학교육과,,,True,True,True
공주대학교,공과대학,건축학부 건축공학전공,,,True,True,True
가천대학교,바이오나노대학,나노시스템전공,,,True,True,True
명지대학교,예술체육대학,디자인학부 패션디자인전공,,,True,True,True
세한대학교,한ㆍ중교류대학,관광영어학과,,,True,True,True
신라대학교,인문사회과학대학,가족・노인복지학과,,,True,True,True
동국대학교(WISE),경영ㆍ관광대학,관광레저경영학전공,,,True,True,True
한국폴리텍 VII 대학 울산캠퍼스,단과대구분없음,신소재응용과,,,True,True,True
세한대학교,단과대구분없음,회화과,,,True,True,True
한밭대학교(산업대),공과대학,건축학전공,,,True,True,True
세한대학교,단과대구분없음,물리치료학과,,,True,True,True
한밭대학교(산업대),경상대학,경상학부,,,True,True,True
세한대학교,단과대구분없음,실용음악학부,,,True,True,True
한국폴리텍 VI 대학 영남융합기술캠퍼스,단과대구분없음,패브릭디자인과,,,True,True,True
경북대학교,법과대학,행정학부 공공정책전공,,,True,True,True
상지대학교,경상대학,관광학부 관광개발학전공,,,True,True,True
건국대학교(글로컬),의료생명대학,응용생화학전공,,,True,True,True
한밭대학교(산업대),공과대학,신소재공학부,,,True,True,True
한국폴리텍 IV 대학 대전캠퍼스,단과대구분없음,유비쿼터스통신과,,,True,True,True
한밭대학교(산업대),공과대학,복지경영공학과,,,True,True,True
동국대학교,문과대학,철학윤리문화학부 독어문화학 전공,,,True,True,True
중앙대학교,예술대학,공연영상창작학부(무용전공),,,True,True,True
강원대학교,인문대학,국어국문・영어영문학과군,,,True,True,True
조선대학교,사범대학,과학교육학부 지구과학교육전공,,,True,True,True
홍익대학교,미술대학,디자인학부 시각디자인전공,,,True,True,True
이화여자대학교,예술대학,작곡・이론전공,,,True,True,True
전북대학교,공과대학,컴퓨터정보통신공학부 컴퓨터공학전공,,,True,True,True
을지대학교,보건산업대학,보건산업안전학 전공,,,True,True,True
동덕여자대학교,사회대학,사회학부 사회복지학전공,,,True,True,True
강원대학교,공학대학,에너지・자원공학전공,,,True,True,True
울산대학교,사회과학대학,사회 ・복지학전공,,,True,True,True
한국폴리텍 II 대학 인천캠퍼스,단과대구분없음,정보통신시스템과,,,True,True,True
중앙대학교,예술대학,음악학부(작곡전공),,,True,True,True
가천대학교,IT대학,에너지IT학과,,,True,True,True
경북대학교,농업생명과학대학,응용생물화학부 농화학전공,,,True,True,True
명지대학교,건축대학,건축학부 건축학전공(5년제),,,True,True,True
전남대학교,공학대학,생명・화학공학부,,,True,True,True
부산디지털대학교,단과대구분없음,사회복지학부,,,True,True,True
경북대학교,농업생명과학대학,식물생명과학부 농학전공,,,True,True,True
한국폴리텍 II 대학 인천캠퍼스,단과대구분없음,메카트로닉스과,,,True,True,True
한국폴리텍 V 대학 전북캠퍼스,단과대구분없음,산업설비자동화과,,,True,True,True
세한대학교,단과대구분없음,인테리어디자인전공,,,True,True,True
동국대학교,문과대학,철학윤리문화학부 윤리문화학 전공,,,True,True,True
원광대학교,사회과학대학,복지・보건학부,,,True,True,True
경북대학교,법과대학,행정학부 공공관리전공,,,True,True,True
전남대학교,공학대학,건설・환경공학부,,,True,True,True
한국폴리텍 III 대학 강릉캠퍼스,단과대구분없음,산업잠수과,,,True,True,True
세한대학교,단과대구분없음,태권도학전공,,,True,True,True
동국대학교(WISE),경영ㆍ관광대학,국제통상학전공,,,True,True,True
한국폴리텍 IV 대학 대전캠퍼스,단과대구분없음,컴퓨터응용기계과,,,True,True,True
제주대학교,공과대학,식품생명・생명화학공학학과군,,,True,True,True
대구대학교,행정대학,지역사회개발・복지학과,,,True,True,True
한밭대학교(산업대),인문과학대학,산업디자인학부,,,True,True,True
세한대학교,단과대구분없음,아동영어교육학전공,,,True,True,True
한국폴리텍 VII 대학 창원캠퍼스,단과대구분없음,메카트로닉스공학과,,,True,True,True
경북대학교,사범대학,과학교육학부 생물교육전공,,,True,True,True
가천대학교,사회과학대학,신문방송학과,,,True,True,True
전북대학교,사범대학,과학교육학부 생물교육전공,,,True,True,True
한국폴리텍 VII 대학 부산캠퍼스,단과대구분없음,정보통신시스템과,,,True,True,True
부산대학교,상과대학,무역·국제학부,,,True,True,True
중앙대학교,건설대학,도시공학과,,,True,True,True
연세대학교(미래),동아시아국제학부,East Asian Economy and Business,,,True,True,True
연세대학교(미래),동아시아국제학부,East Asian Politics and Culture,,,True,True,True
아주대학교,경영대학,e-비즈니스학과,,,True,True,True
국민대학교,경영대학,International Business 전공,,,True,True,True
대구대학교,정보통신대학,IT융합학과,,,True,True,True
초당대학교,단과대구분없음,IT융합학부,,,True,True,True
국민대학교,경영대학,KMU International School,,,True,True,True
목원대학교,단과대구분없음,TV・영화학부 TV・영화전공,,,True,True,True
목원대학교,단과대구분없음,TV・영화학부 연기전공,,,True,True,True
상명대학교,조형예술대학,가구아트전공,,,True,True,True
원광대학교,생활과학대학,가정아동복지학과,,,True,True,True
창원대학교,사회과학대학,가족복지학과,,,True,True,True
대구가톨릭대학교,사회과학대학,가족소비자학과,,,True,True,True
강원대학교,보건과학대학,간호학과,,,True,True,True
경일대학교,간호보건대학,간호학과,,,True,True,True
아주대학교,간호대학,간호학과,,,True,True,True
중원대학교,의료보건대학,간호학과,,,True,True,True
경북대학교,과학기술대학,건설방재공학부,,,True,True,True
경북대학교,과학기술대학,건설방재공학부 건설방재공학전공,,,True,True,True
경북대학교,과학기술대학,건설방재공학부 건설환경공학전공,,,True,True,True
아주대학교,공과대학,건설시스템공학과,,,True,True,True
한양대학교(ERICA),공학대학,건설환경플랜트공학과,,,True,True,True
경동대학교,단과대구분없음,건축공학과,,,True,True,True
경북대학교,과학기술대학,건축도시환경공학부 건축디자인전공,,,True,True,True
경북대학교,과학기술대학,건축도시환경공학부 건축시스템공학전공,,,True,True,True
경북대학교,과학기술대학,건축도시환경공학부 도시환경공학전공,,,True,True,True
경북대학교,과학기술대학,"건축도시환경공학부(건축시스템공학전공, 건축디자인전공, 도시환경공학전공)",,,True,True,True
한국폴리텍 II 대학 인천캠퍼스,단과대구분없음,건축설계과,,,True,True,True
위덕대학교,자유전공학부대학,건축소방안전학과,,,True,True,True
성균관대학교,공과대학,건축토목공학부,,,True,True,True
영산대학교,공과대학,건축플랜트학과,,,True,True,True
아주대학교,공과대학,건축학과,,,True,True,True
호원대학교,공과대학,건축학과,,,True,True,True
서울대학교,공과대학,건축학과(건축공학전공),,,True,True,True
서울대학교,공과대학,건축학과(건축학전공(5년)),,,True,True,True
신라대학교,공과대학,건축학전공(5년),,,True,True,True
한국공학대학교,단과대구분없음,게임공학부,,,True,True,True
한국공학대학교,단과대구분없음,게임공학부(게임공학전공),,,True,True,True
한국산업기술대학교(산업대),단과대구분없음,게임공학부(게임공학전공),,,True,True,True
한국공학대학교,단과대구분없음,게임공학부(엔터테인먼트컴퓨팅전공),,,True,True,True
건국대학교(글로컬),국제비즈니스대학,경영경제학부,,,True,True,True
성균관대학교,경영대학,경영대학,,,True,True,True
화신사이버대학교,단과대구분없음,경영복지학부,,,True,True,True
건양대학교,글로벌경영대학,경영학과,,,True,True,True
경동대학교,단과대구분없음,경영학과,,,True,True,True
가천대학교,경영대학,경영학과,,,True,True,True
상명대학교,경영대학,경영학과,,,True,True,True
아주대학교,경영대학,경영학과,,,True,True,True
협성대학교,경영대학,경영학과,,,True,True,True
가천대학교,경영대학,경영학과(경영학트랙),,,True,True,True
가천대학교,경영대학,경영학과(글로벌경영학트랙),,,True,True,True
동국대학교(WISE),경영ㆍ관광대학,경영학부,,,True,True,True
부산외국어대학교,글로벌비즈니스대학,경영학부,,,True,True,True
원광대학교,경영대학,경영학부,,,True,True,True
한국공학대학교,단과대구분없음,경영학부,,,True,True,True
한국공학대학교,단과대구분없음,경영학부(e-비즈니스전공),,,True,True,True
한국산업기술대학교(산업대),단과대구분없음,경영학부(e-비즈니스전공),,,True,True,True
한국공학대학교,단과대구분없음,경영학부(경영학전공),,,True,True,True
건국대학교(글로컬),국제비즈니스대학,경영학전공 트랙,,,True,True,True
한양사이버대학교,단과대구분없음,경제금융학과,,,True,True,True
성균관대학교,경제대학,경제대학,,,True,True,True
한국해양대학교,국제대학,경제산업학부,,,True,True,True
아주대학교,사회과학대학,경제학과,,,True,True,True
원광대학교,경영대학,경제학부,,,True,True,True
건국대학교(글로컬),국제비즈니스대학,경제학전공 트랙,,,True,True,True
가천대학교,법과대학,경찰・안보학과,,,True,True,True
동아대학교,스포츠과학대학,경찰경호학과,,,True,True,True
건국대학교(글로컬),공공인재대학,경찰학과,,,True,True,True
경동대학교,단과대구분없음,경찰학과,,,True,True,True
전주대학교,사회과학대학,경찰행정학과,,,True,True,True
중원대학교,인문사회과학대학,경찰행정학과,,,True,True,True
세한대학교,단과대구분없음,경호무도비서학과,,,True,True,True
중원대학교,예체능대학,골프과학과,,,True,True,True
경일대학교,IT융복합대학,공간정보공학과,,,True,True,True
원광대학교,미술대학,공간환경・산업디자인학과,,,True,True,True
충남대학교,자유전공학부,공공안전학전공,,,True,True,True
전북대학교,단과대구분없음,공공인재학부,,,True,True,True
중앙대학교,사회과학대학,공공인재학부,,,True,True,True
서경대학교,사회과학대학,공공인적자원학부(사회과학대학),,,True,True,True
순천대학교,사회과학대학,공공정책학과,,,True,True,True
안양대학교,문리과학대학,공공행정학과,,,True,True,True
호원대학교,방송예술대학,공연미디어학부,,,True,True,True
서경대학교,예술대학,공연예술학부(예술대학),,,True,True,True
대구예술대학교,단과대구분없음,공연음악전공,,,True,True,True
건국대학교,예술디자인대학,공예전공,,,True,True,True
경남대학교,사범대학,과학교육과,,,True,True,True
광운대학교,법과대학,과학기술법무전공,,,True,True,True
가톨릭관동대학교,관광의료복지대학,관광경영학과,,,True,True,True
경주대학교,관광대학,관광일어학과,,,True,True,True
건양대학교,글로벌경영대학,관광학과,,,True,True,True
건국대학교(글로컬),국제비즈니스대학,관세물류전공,,,True,True,True
추계예술대학교,음악대학,관현악과,,,True,True,True
한남대학교,공과대학,광・센서공학과,,,True,True,True
건국대학교(글로컬),미디어커뮤니케이션대학,광고홍보전공 트랙,,,True,True,True
공주대학교,공과대학,광공학과,,,True,True,True
건국대학교,글로벌융합대학,교양학부,,,True,True,True
삼육대학교,단과대구분없음,교양학부,,,True,True,True
성신여자대학교,교양교육대학,교양학부,,,True,True,True
청운대학교,단과대구분없음,교직학부,,,True,True,True
동덕여자대학교,인문대학,국사학과,,,True,True,True
목원대학교,음악대학,국악과,,,True,True,True
추계예술대학교,음악대학,국악과,,,True,True,True
동국대학교,문과대학,국어국문문예창작학부,,,True,True,True
동덕여자대학교,인문대학,국어국문학과,,,True,True,True
성결대학교,인문대학,국어국문학과,,,True,True,True
아주대학교,인문대학,국어국문학과,,,True,True,True
부산외국어대학교,글로벌비즈니스대학,국제비서학과,,,True,True,True
건국대학교(글로컬),국제비즈니스대학,국제지역문화학전공,,,True,True,True
광운대학교,동북아대학,국제지역전공,,,True,True,True
화신사이버대학교,단과대구분없음,국제태권도지도학과,,,True,True,True
건국대학교(글로컬),국제비즈니스대학,국제통상・문화학부,,,True,True,True
대구한의대학교,국제문화정보대학,국제통상전공,,,True,True,True
원광대학교,경영대학,국제통상학부,,,True,True,True
건국대학교(글로컬),국제비즈니스대학,국제통상학전공,,,True,True,True
전북대학교,상과대학,국제학부,,,True,True,True
건국대학교,글로벌융합대학,국제학부,,,True,True,True
광운대학교,동북아대학,국제학부,,,True,True,True
예원예술대학교,단과대구분없음,귀금속보석디자인학과,,,True,True,True
건양대학교,글로벌경영대학,글로벌경영학부,,,True,True,True
사이버한국외국어대학교,단과대구분없음,글로벌경영학부,,,True,True,True
동국대학교(WISE),경영ㆍ관광대학,글로벌경제통상학부,,,True,True,True
경북대학교,단과대구분없음,글로벌인재학부,,,True,True,True
경북대학교,단과대구분없음,글로벌인재학부 글로벌리더전공,,,True,True,True
경북대학교,단과대구분없음,글로벌인재학부 융합생명과학전공,,,True,True,True
경북대학교,단과대구분없음,글로벌인재학부 인문사회계열,,,True,True,True
경북대학교,단과대구분없음,글로벌인재학부 자기설계전공,,,True,True,True
경북대학교,단과대구분없음,글로벌인재학부 자연과학계열,,,True,True,True
경북대학교,단과대구분없음,"글로벌인재학부(글로벌리더전공, 융합생명과학전공, 자기설계전공)",,,True,True,True
광운대학교,동북아대학,글로벌코리아전공,,,True,True,True
건국대학교(글로컬),디자인대학,금속디자인전공,,,True,True,True
숭실대학교,경제통상대학,금융경제학과,,,True,True,True
서경대학교,사회과학대학,금융경제학과(사회과학대학),,,True,True,True
서경대학교,이공대학,금융정보공학과(이공대학),,,True,True,True
한국폴리텍 VII 대학 창원캠퍼스,단과대구분없음,금형공학과,,,True,True,True
울산과학기술원,단과대구분없음,기계 및 신소재공학부,,,True,True,True
부경대학교,공과대학,기계IT융합시스템공학전공,,,True,True,True
아주대학교,공과대학,기계공학과,,,True,True,True
전남대학교,공과대학,기계공학부,,,True,True,True
창원대학교,메카트로닉스대학,기계공학부,,,True,True,True
경북대학교,공과대학,기계공학부 로봇공학전공,,,True,True,True
전남대학교,공학대학,기계설계공학부,,,True,True,True
영산대학교,공과대학,기계설계학과,,,True,True,True
금오공과대학교,단과대구분없음,기계융합공학과,,,True,True,True
경북대학교,과학기술대학,기계자동차공학부 기계공학전공,,,True,True,True
경북대학교,과학기술대학,기계자동차공학부 자동차공학전공,,,True,True,True
군산대학교,공과대학,기계자동차공학부(기계공학전공),,,True,True,True
경북대학교,과학기술대학,"기계자동차공학부(기계공학전공, 자동차공학전공)",,,True,True,True
군산대학교,공과대학,기계자동차공학부(기계설계전공),,,True,True,True
목원대학교,미술ㆍ디자인대학,기독교미술과,,,True,True,True
서울대학교,음악대학,기악과(관악전공),,,True,True,True
서울대학교,음악대학,기악과(피아노전공),,,True,True,True
서울대학교,음악대학,기악과(현악전공),,,True,True,True
중원대학교,인문사회과학대학,기업경영학과,,,True,True,True
건양대학교,글로벌경영대학,기업정보관리학과,,,True,True,True
가천대학교,바이오나노대학,나노물리학과,,,True,True,True
경북대학교,과학기술대학,나노소재공학부 신소재공학전공,,,True,True,True
경북대학교,과학기술대학,나노소재공학부 에너지화공전공,,,True,True,True
경북대학교,과학기술대학,나노소재공학부 화학공학전공,,,True,True,True
경북대학교,과학기술대학,"나노소재공학부(신소재공학전공,나노공학전공,에너지화공전공)",,,True,True,True
세종대학교,공과대학,나노신소재공학과,,,True,True,True
강원대학교,공과대학,나노응용공학과,,,True,True,True
가천대학교,바이오나노대학,나노화학과,,,True,True,True
건국대학교(글로컬),과학기술대학,녹색기술융합학과,,,True,True,True
건국대학교,생명환경과학대학,녹지환경계획학과,,,True,True,True
건국대학교(글로컬),미디어커뮤니케이션대학,다이나믹미디어학과,,,True,True,True
단국대학교,공연디자인대학,도예과,,,True,True,True
건국대학교(글로컬),디자인대학,도자디자인전공,,,True,True,True
목원대학교,미술ㆍ디자인대학,도자디자인학과,,,True,True,True
부산외국어대학교,유럽미주대학,독일어과,,,True,True,True
가천대학교,인문대학,독일어문학과,,,True,True,True
건국대학교,동물생명과학대학,동물생명공학과,,,True,True,True
건국대학교,동물생명과학대학,동물자원과학과,,,True,True,True
추계예술대학교,미술대학,동양화과,,,True,True,True
건국대학교,예술디자인대학,디자인학부,,,True,True,True
한국공학대학교,단과대구분없음,디자인학부,,,True,True,True
서울대학교,미술대학,디자인학부(공예전공),,,True,True,True
한국공학대학교,단과대구분없음,디자인학부(디자인공학전공),,,True,True,True
서울대학교,미술대학,디자인학부(디자인전공),,,True,True,True
한국공학대학교,단과대구분없음,디자인학부(산업디자인전공),,,True,True,True
한국산업기술대학교(산업대),단과대구분없음,디자인학부(산업디자인전공),,,True,True,True
한국공학대학교,단과대구분없음,디자인학부(융합디자인전공),,,True,True,True
안양대학교,예술대학,디지털미디어디자인학과,,,True,True,True
화신사이버대학교,단과대구분없음,디지털영상학과,,,True,True,True
중원대학교,인문사회과학대학,러시아통상학과,,,True,True,True
강원대학교,디자인스포츠대학,레저스포츠학과,,,True,True,True
경북대학교,생태환경대학,레저스포츠학과,,,True,True,True
경기대학교,체육대학,레저스포츠학과,,,True,True,True
중원대학교,예체능대학,레저스포츠학과,,,True,True,True
한양대학교(ERICA),공학대학,로봇공학과,,,True,True,True
목원대학교,미술ㆍ디자인대학,만화・애니메이션과,,,True,True,True
예원예술대학교,단과대구분없음,만화게임영상학과,,,True,True,True
경북대학교,축산대학,말/특수동물학과,,,True,True,True
강원대학교,디자인스포츠대학,멀티디자인학과,,,True,True,True
동국대학교,공과대학,멀티미디어공학과,,,True,True,True
위덕대학교,융합과학기술대학,멀티미디어공학과,,,True,True,True
공주대학교,공과대학,메카트로닉스공학과,,,True,True,True
중원대학교,이공대학,메카트로닉스학과,,,True,True,True
가톨릭대학교,단과대구분없음,모바일유비쿼터스융복합전공,,,True,True,True
서경대학교,예술대학,무대패션전공,,,True,True,True
선문대학교,건강보건대학,무도경호학과,,,True,True,True
평택대학교,단과대구분없음,무역물류학과,,,True,True,True
단국대학교,공연디자인대학,무용과,,,True,True,True
한양대학교,예술ㆍ체육대학,무용학과,,,True,True,True
카이스트(KAIST/한국과학기술원),단과대구분없음,무학과(공학계열),,,True,True,True
카이스트(KAIST/한국과학기술원),단과대구분없음,무학과(자연계열),,,True,True,True
성균관대학교,문과대학,문과대학,,,True,True,True
동덕여자대학교,인문대학,문예창작과,,,True,True,True
건국대학교(글로컬),공공인재대학,문헌정보학과,,,True,True,True
전주대학교,사회과학대학,문헌정보학과,,,True,True,True
가톨릭대학교,단과대구분없음,문화예술경영전문가융복합전공,,,True,True,True
중앙승가대학교,단과대구분없음,문화재학전공,,,True,True,True
아주대학교,인문대학,문화콘텐츠학과,,,True,True,True
화신사이버대학교,단과대구분없음,문화학부,,,True,True,True
순천대학교,사회과학대학,물류비즈니스학과,,,True,True,True
광주과학기술원,단과대구분없음,물리전공,,,True,True,True
강원대학교,보건과학대학,물리치료학과,,,True,True,True
가천대학교,보건과학대학,물리치료학과,,,True,True,True
동의대학교,의료보건대학,물리치료학과,,,True,True,True
상지대학교,보건과학대학,물리치료학과,,,True,True,True
호서대학교,자연과학대학,물리치료학과,,,True,True,True
아주대학교,자연과학대학,물리학과,,,True,True,True
한양대학교,자연과학대학,물리학과,,,True,True,True
단국대학교,공연디자인대학,뮤지컬전공,,,True,True,True
예원예술대학교,단과대구분없음,뮤지컬학과,,,True,True,True
가톨릭대학교,단과대구분없음,미디어기술콘텐츠학과,,,True,True,True
동덕여자대학교,디자인대학,미디어디자인학과,,,True,True,True
군산대학교,인문대학,미디어문화학과,,,True,True,True
한국외국어대학교,사회과학대학,미디어커뮤니케이션학부,,,True,True,True
사이버한국외국어대학교,단과대구분없음,미디어학부,,,True,True,True
가톨릭관동대학교,공과대학,미래융합학과,,,True,True,True
원광대학교,미술대학,미술과,,,True,True,True
동아대학교,예술대학,미술학과,,,True,True,True
부산외국어대학교,아시아대학,미얀마어과,,,True,True,True
배재대학교,아펜젤러대학,바이오・의생명공학과,,,True,True,True
차의과학대학교,생명과학대학,바이오공학과,,,True,True,True
원광대학교,자연과학대학,바이오나노화학부,,,True,True,True
건국대학교,동물생명과학대학,바이오산업공학과,,,True,True,True
세종대학교,생명과학대학,바이오자원공학과,,,True,True,True
청주대학교,이공대학,반도체공학과,,,True,True,True
강원대학교,보건과학대학,방사선학과,,,True,True,True
가천대학교,보건과학대학,방사선학과,,,True,True,True
건국대학교(글로컬),미디어커뮤니케이션대학,방송영상전공 트랙,,,True,True,True
부산외국어대학교,인문사회대학,법・경찰학부,,,True,True,True
세종대학교,단과대구분없음,법과사회전공/자유전공학부,,,True,True,True
경남대학교,법정대학,법학과,,,True,True,True
아주대학교,법과대학,법학과,,,True,True,True
전주대학교,사회과학대학,법학과,,,True,True,True
중원대학교,인문사회과학대학,법학과,,,True,True,True
홍익대학교,법과대학,법학부,,,True,True,True
홍익대학교,법과대학,법학부 공법(공공서비스법)전공,,,True,True,True
홍익대학교,법과대학,법학부 사법(비즈니스・정보법)전공,,,True,True,True
부산외국어대학교,아시아대학,베트남어과,,,True,True,True
경동대학교,단과대구분없음,보건복지학부,,,True,True,True
경북대학교,단과대구분없음,보건복지학부 사회복지전공,,,True,True,True
경북대학교,단과대구분없음,보건복지학부 아동복지전공,,,True,True,True
경북대학교,단과대구분없음,보건복지학부(노인보건복지전공),,,True,True,True
경북대학교,단과대구분없음,"보건복지학부(사회복지전공, 아동복지전공, 노인요양관리전공)",,,True,True,True
건국대학교,생명환경과학대학,보건환경과학과,,,True,True,True
원광대학교,단과대구분없음,봉황인재학부,,,True,True,True
광운대학교,법과대학,부동산법무학과,,,True,True,True
원광디지털대학교,단과대구분없음,부동산학과,,,True,True,True
한양대학교(ERICA),과학기술대학,분자생명과학과,,,True,True,True
중앙승가대학교,단과대구분없음,불교사회학부,,,True,True,True
중앙승가대학교,단과대구분없음,불교상담심리학전공,,,True,True,True
중앙승가대학교,단과대구분없음,불교학부,,,True,True,True
중앙승가대학교,단과대구분없음,불교학전공,,,True,True,True
아주대학교,인문대학,불어불문학과,,,True,True,True
중앙승가대학교,단과대구분없음,불전번역학전공,,,True,True,True
건국대학교(글로컬),디자인대학,뷰티디자인전공,,,True,True,True
경일대학교,예체능대학,뷰티학과,,,True,True,True
가톨릭대학교,단과대구분없음,비즈니스리더융복합전공,,,True,True,True
광운대학교,자연과학대학,사이버정보보안학과,,,True,True,True
아주대학교,인문대학,사학과,,,True,True,True
성균관대학교,사회과학대학,사회과학대학,,,True,True,True
경희대학교,공과대학,사회기반시스템공학과,,,True,True,True
중앙대학교,공과대학,사회기반시스템공학부(건설환경플랜트공학전공),,,True,True,True
부산디지털대학교,단과대구분없음,사회복지경영학전공,,,True,True,True
세한대학교,단과대구분없음,사회복지상담학과,,,True,True,True
강원대학교,인문사회과학대학,사회복지학과,,,True,True,True
경일대학교,사회과학대학,사회복지학과,,,True,True,True
동국대학교,불교대학,사회복지학과,,,True,True,True
전주대학교,사회과학대학,사회복지학과,,,True,True,True
협성대학교,단과대구분없음,사회복지학과,,,True,True,True
중원대학교,인문사회과학대학,사회복지학과,,,True,True,True
중앙승가대학교,단과대구분없음,사회복지학전공,,,True,True,True
이화여자대학교,사회과학대학,사회복지학전공(신),,,True,True,True
원광대학교,자연과학대학,사회체육학과,,,True,True,True
초당대학교,단과대구분없음,사회체육학부,,,True,True,True
아주대학교,사회과학대학,사회학과,,,True,True,True
건국대학교,생명환경과학대학,사회환경시스템공학과,,,True,True,True
경상국립대학교,농업생명과학대학,산림환경자원학과,,,True,True,True
수원대학교,공과대학,산업공학과,,,True,True,True
아주대학교,공과대학,산업공학과,,,True,True,True
건국대학교,예술디자인대학,산업디자인전공,,,True,True,True
건국대학교(글로컬),디자인대학,산업디자인전공,,,True,True,True
목원대학교,미술ㆍ디자인대학,산업디자인학과,,,True,True,True
한국국제대학교,예술체육대학,산업디자인학과,,,True,True,True
중원대학교,예체능대학,산업디자인학과,,,True,True,True
건국대학교(글로컬),디자인대학,산업디자인학부,,,True,True,True
경북대학교,과학기술대학,산업전자공학과,,,True,True,True
경북대학교,과학기술대학,산업전자전기공학부 전기공학전공,,,True,True,True
경북대학교,과학기술대학,산업전자전기공학부 전자공학전공,,,True,True,True
경북대학교,과학기술대학,"산업전자전기공학부(전자공학전공, 전기공학전공)",,,True,True,True
홍익대학교,단과대구분없음,산업정보융합학부,,,True,True,True
전주대학교,사회과학대학,상담심리학과,,,True,True,True
호남대학교,인문사회대학,상담심리학과,,,True,True,True
단국대학교,사회과학대학,상담학과,,,True,True,True
세종대학교,생명과학대학,생명공학과,,,True,True,True
성균관대학교,생명공학대학,생명공학대학,,,True,True,True
건국대학교,생명특성화대학,생명공학전공,,,True,True,True
아주대학교,자연과학대학,생명과학과,,,True,True,True
한양대학교,자연과학대학,생명과학과,,,True,True,True
가톨릭대학교,단과대구분없음,생명과학전공,,,True,True,True
건국대학교,생명특성화대학,생명과학전공,,,True,True,True
건국대학교,생명특성화대학,생명과학특성학부,,,True,True,True
전남대학교,공학대학,생명산업공학과,,,True,True,True
건국대학교,생명환경과학대학,생명자원식품공학과,,,True,True,True
건국대학교,공과대학,생물공학과,,,True,True,True
강원대학교,보건과학대학,생약자원개발학과,,,True,True,True
안동대학교,자연과학대학,생약자원학과,,,True,True,True
경북대학교,생태환경대학,생태자원응용학부 생물응용전공,,,True,True,True
경북대학교,생태환경대학,생태자원응용학부 환경원예전공,,,True,True,True
경북대학교,생태환경대학,"생태자원응용학부(생물응용전공, 환경원예전공)",,,True,True,True
전북대학교,환경생명자원대학,생태조경디자인학과,,,True,True,True
경북대학교,생태환경대학,"생태환경관광학부(생물응용전공,생태환경전공)",,,True,True,True
경북대학교,생태환경대학,생태환경관광학부(생태관광전공),,,True,True,True
경북대학교,생태환경대학,생태환경관광학부생태환경전공,,,True,True,True
경북대학교,생태환경대학,생태환경보전관광학부 생태관광전공,,,True,True,True
경북대학교,생태환경대학,생태환경보전관광학부 생태환경보전전공,,,True,True,True
경북대학교,생태환경대학,"생태환경보전관광학부(생태환경보전전공, 생태관광전공)",,,True,True,True
경북대학교,생태환경대학,생태환경시스템학부 산림환경자원전공,,,True,True,True
경북대학교,생태환경대학,생태환경시스템학부 식물자원환경전공,,,True,True,True
경북대학교,생태환경대학,"생태환경시스템학부(산림환경자원전공, 식물자원환경전공)",,,True,True,True
서경대학교,예술대학,생활문화디자인전공,,,True,True,True
대구가톨릭대학교,자연과학대학,생활복지주거학과,,,True,True,True
강원대학교,디자인스포츠대학,생활조형디자인학과,,,True,True,True
예원예술대학교,단과대구분없음,생활체육학과,,,True,True,True
추계예술대학교,미술대학,서양화과,,,True,True,True
원광대학교,미술대학,서예문화예술학과,,,True,True,True
한양대학교(ERICA),디자인대학,서피스ㆍ인테리어디자인학과,,,True,True,True
아신대학교,단과대구분없음,선교중국어학과,,,True,True,True
목원대학교,미술ㆍ디자인대학,섬유・패션코디네이션학과,,,True,True,True
이화여자대학교,조형예술대학,섬유・패션학부,,,True,True,True
이화여자대학교,조형예술대학,섬유예술전공(섬유・패션학부),,,True,True,True
경북대학교,과학기술대학,섬유패션디자인학부 섬유공학전공,,,True,True,True
경북대학교,과학기술대학,섬유패션디자인학부 패션디자인전공,,,True,True,True
경북대학교,과학기술대학,"섬유패션디자인학부(섬유공학전공, 패션디자인전공)",,,True,True,True
협성대학교,예술대학,성악・작곡과,,,True,True,True
추계예술대학교,음악대학,성악과,,,True,True,True
중원대학교,인문사회과학대학,세계종교학과,,,True,True,True
군산대학교,예술대학,세라믹콘텐츠디자인학과,,,True,True,True
경일대학교,공과대학,소방방재학과,,,True,True,True
동의대학교,법정대학,소방행정학전공,,,True,True,True
건국대학교,예술디자인대학,소비자・주거학과,,,True,True,True
위덕대학교,융합과학기술대학,소프트웨어공학과,,,True,True,True
아주대학교,정보통신대학,소프트웨어융합학과,,,True,True,True
전북대학교,수의과대학,수의예과,,,True,True,True
아주대학교,자연과학대학,수학과,,,True,True,True
한양대학교,자연과학대학,수학과,,,True,True,True
숭실대학교,단과대구분없음,숭실융합연구원,,,True,True,True
한국폴리텍 특성화대학 반도체융합캠퍼스,단과대구분없음,스마트소프트웨어과,,,True,True,True
한국폴리텍 V 대학 전북캠퍼스,단과대구분없음,스마트전기과,,,True,True,True
가톨릭대학교,단과대구분없음,스토리텔링융복합전공,,,True,True,True
부산외국어대학교,유럽미주대학,스페인어과,,,True,True,True
사이버한국외국어대학교,단과대구분없음,스페인어학부,,,True,True,True
상명대학교,자연과학대학,스포츠건강관리전공,,,True,True,True
원광대학교,자연과학대학,스포츠건강관리학과,,,True,True,True
중원대학교,의료보건대학,스포츠건강의학과,,,True,True,True
서울시립대학교,예술체육대학,스포츠과학과,,,True,True,True
성균관대학교,스포츠과학대학,스포츠과학대학,,,True,True,True
건국대학교(글로컬),과학기술대학,스포츠과학부(골프지도전공),,,True,True,True
건국대학교(글로컬),과학기술대학,스포츠과학부(생활체육학전공),,,True,True,True
원광대학교,자연과학대학,스포츠산업・복지학과,,,True,True,True
남서울대학교,단과대구분없음,스포츠산업정보학과,,,True,True,True
한양대학교,예술ㆍ체육대학,스포츠산업학과,,,True,True,True
제주국제대학교,단과대구분없음,스포츠재활학과,,,True,True,True
동덕여자대학교,디자인대학,시각&실내디자인학과,,,True,True,True
건국대학교(글로컬),디자인대학,시각광고디자인전공,,,True,True,True
목원대학교,미술ㆍ디자인대학,시각디자인학과,,,True,True,True
건국대학교(글로컬),디자인대학,시각영상디자인학부,,,True,True,True
원광대학교,미술대학,시각정보디자인과,,,True,True,True
서경대학교,예술대학,시각정보디자인전공,,,True,True,True
금오공과대학교,단과대구분없음,시스템경영공학과,,,True,True,True
고려대학교,생명과학대학,식품공학과,,,True,True,True
경북대학교,과학기술대학,식품과학부 식품영양전공,,,True,True,True
경북대학교,과학기술대학,"식품과학부(식품공학전공, 식품영양전공)",,,True,True,True
전남대학교,생활과학대학,식품영양과학부,,,True,True,True
강원대학교,보건과학대학,식품영양학과,,,True,True,True
동아대학교,자연과학대학,식품영양학과,,,True,True,True
원광대학교,생활과학대학,식품영양학과,,,True,True,True
한양대학교,생활과학대학,식품영양학과,,,True,True,True
건국대학교(글로컬),의료생명대학,식품영양학전공 트랙,,,True,True,True
건국대학교(글로컬),미디어커뮤니케이션대학,신문방송학과,,,True,True,True
창원대학교,경상대학,신산업경영학과(야),,,True,True,True
건국대학교,글로벌융합대학,신산업융합학과,,,True,True,True
아주대학교,공과대학,신소재공학과,,,True,True,True
창원대학교,공과대학,신소재공학부,,,True,True,True
목원대학교,공과대학,신소재화학공학과,,,True,True,True
중원대학교,이공대학,신재생에너지학과,,,True,True,True
건국대학교(글로컬),디자인대학,실내디자인학과,,,True,True,True
디지털서울문화예술대학교,단과대구분없음,실버문화경영학과,,,True,True,True
서울신학대학교,단과대구분없음,실용음악과,,,True,True,True
가톨릭관동대학교,스포츠예술대학,실용음악전공,,,True,True,True
예원예술대학교,단과대구분없음,실용음악학과,,,True,True,True
아주대학교,사회과학대학,심리학과,,,True,True,True
평택대학교,단과대구분없음,아동・청소년복지학과,,,True,True,True
동아대학교,인문과학대학,아동가족학과,,,True,True,True
경북대학교,생활과학대학,아동학부 아동가족학전공,,,True,True,True
경북대학교,생활과학대학,아동학부 아동학전공,,,True,True,True
부산외국어대학교,아시아대학,아랍어과,,,True,True,True
연세대학교,언더우드국제대학,아시아학전공,,,True,True,True
강원대학교,보건과학대학,안경광학과,,,True,True,True
원광대학교,생명자원과학대학,애완동식물학과,,,True,True,True
아주대학교,약학대학,약학과,,,True,True,True
송원대학교,단과대구분없음,언어재활심리학과,,,True,True,True
호원대학교,보건복지대학,언어치료학과,,,True,True,True
원광디지털대학교,단과대구분없음,언어치료학과,,,True,True,True
중앙대학교,공과대학,에너지시스템공학부,,,True,True,True
가톨릭관동대학교,공과대학,에너지자원플랜트공학과,,,True,True,True
한양대학교(ERICA),디자인대학,엔터테인먼트디자인학과,,,True,True,True
전주대학교,인문대학,역사문화콘텐츠학과,,,True,True,True
예원예술대학교,단과대구분없음,연극영화ㆍ코미디학과,,,True,True,True
단국대학교,공연디자인대학,연극전공,,,True,True,True
건국대학교(글로컬),미디어커뮤니케이션대학,영미어문학과,,,True,True,True
가천대학교,인문대학,영미어문학과,,,True,True,True
건양대학교,글로벌경영대학,영미영어문화학과,,,True,True,True
중원대학교,인문사회과학대학,영미통상학과,,,True,True,True
건국대학교(글로컬),디자인대학,영상디자인전공,,,True,True,True
추계예술대학교,문학ㆍ영상대학,영상비즈니스과,,,True,True,True
건국대학교,예술디자인대학,영상전공,,,True,True,True
공주대학교,예술대학,영상학과,,,True,True,True
경북대학교,과학기술대학,영양식품과학과,,,True,True,True
강원대학교,인문사회과학대학,영어과,,,True,True,True
아주대학교,인문대학,영어영문학과,,,True,True,True
한밭대학교(산업대),인문과학대학,영어영문학과,,,True,True,True
위덕대학교,자유전공학부대학,영어전공,,,True,True,True
건국대학교(글로컬),국제비즈니스대학,영어학과,,,True,True,True
위덕대학교,자유전공학부대학,영어학과,,,True,True,True
부산외국어대학교,유럽미주대학,영어학부,,,True,True,True
동국대학교,예술대학,영화영상학과,,,True,True,True
서경대학교,예술대학,영화영상학과,,,True,True,True
건국대학교,예술디자인대학,영화전공,,,True,True,True
단국대학교,공연디자인대학,영화전공,,,True,True,True
성균관대학교,예술대학,예술대학,,,True,True,True
건국대학교,예술디자인대학,예술학부,,,True,True,True
건양대학교,글로벌경영대학,예식산업학과,,,True,True,True
경일대학교,글로벌경영대학,외국어학부,,,True,True,True
가천대학교,보건과학대학,운동재활복지학과,,,True,True,True
성신여자대학교,생활과학대학,운동재활복지학과,,,True,True,True
원광대학교,생명자원과학대학,원예학과,,,True,True,True
세종대학교,공과대학,원자력공학과,,,True,True,True
건국대학교,공과대학,유기나노시스템공학과,,,True,True,True
동아대학교,공과대학,유기재료고분자공학과,,,True,True,True
강원대학교,인문사회과학대학,유아교육과,,,True,True,True
경상국립대학교,사범대학,유아교육과,,,True,True,True
건국대학교(글로컬),공공인재대학,유아교육과,,,True,True,True
성균관대학교,유학대학,유학대학,,,True,True,True
경북대학교,과학기술대학,융복합시스템공학부,,,True,True,True
한양대학교(ERICA),공학대학,융합공학과,,,True,True,True
전북대학교,공과대학,융합기술공학부,,,True,True,True
전북대학교,공과대학,융합기술공학부 자동차융합기술공학전공,,,True,True,True
전북대학교,공과대학,융합기술공학부 정보기술융합공학전공,,,True,True,True
순천대학교,공과대학,융합산업학과,,,True,True,True
건국대학교,공과대학,융합신소재공학과,,,True,True,True
동국대학교,공과대학,융합에너지신소재공학과,,,True,True,True
원광대학교,인문대학,음악과,,,True,True,True
가톨릭관동대학교,스포츠예술대학,음악전공,,,True,True,True
가톨릭관동대학교,스포츠예술대학,음악학부,,,True,True,True
안양대학교,예술대학,음악학부,,,True,True,True
강원대학교,보건과학대학,응급구조학과,,,True,True,True
가천대학교,보건과학대학,응급구조학과,,,True,True,True
경일대학교,간호보건대학,응급구조학과,,,True,True,True
호남대학교,보건과학대학,응급구조학과,,,True,True,True
한양대학교(ERICA),과학기술대학,응용물리학과,,,True,True,True
건국대학교,생명환경과학대학,응용생물과학과,,,True,True,True
건국대학교(글로컬),의료생명대학,응용생화학전공 트랙,,,True,True,True
한양대학교(ERICA),과학기술대학,응용수학과,,,True,True,True
한양대학교(ERICA),과학기술대학,응용화학과,,,True,True,True
건국대학교(글로컬),의료생명대학,응용화학전공 트랙,,,True,True,True
한라대학교,공과대학,의료IT융합학과,,,True,True,True
중원대학교,이공대학,의료공학과,,,True,True,True
경동대학교,단과대구분없음,의료뷰티학과,,,True,True,True
중원대학교,의료보건대학,의료정보행정학과,,,True,True,True
한양대학교,생활과학대학,의류학과,,,True,True,True
건국대학교,예술디자인대학,의상디자인전공,,,True,True,True
차의과학대학교,생명과학대학,의생명과학과,,,True,True,True
중원대학교,이공대학,의생명과학과,,,True,True,True
건국대학교(글로컬),의료생명대학,의생명화학과,,,True,True,True
가톨릭대학교,단과대구분없음,의약나노바이오융복합전공,,,True,True,True
중원대학교,이공대학,의약화학과,,,True,True,True
건국대학교(글로컬),의료생명대학,의용메카트로닉스전공 트랙,,,True,True,True
건국대학교(글로컬),의료생명대학,의용전자공학전공 트랙,,,True,True,True
아주대학교,의과대학,의학과(본과),,,True,True,True
아주대학교,의과대학,의학과(예과),,,True,True,True
부산외국어대학교,유럽미주대학,이탈리아어과,,,True,True,True
서울대학교,인문대학,인문계열,,,True,True,True
경일대학교,사회과학대학,인문계열자율전공학과,,,True,True,True
가천대학교,인문대학,일본어문학과,,,True,True,True
건양대학교,글로벌경영대학,일본언어문화학과,,,True,True,True
중원대학교,인문사회과학대학,일본통상학과,,,True,True,True
한신대학교,글로벌협력대학,일본학과,,,True,True,True
상지대학교,보건과학대학,임상병리학과,,,True,True,True
청주대학교,보건의료대학,임상병리학과,,,True,True,True
중원대학교,의료보건대학,임상병리학과,,,True,True,True
경북대학교,과학기술대학,자동차공학부,,,True,True,True
경북대학교,과학기술대학,자동차공학부 지능형자동차전공,,,True,True,True
경북대학교,과학기술대학,자동차공학부 친환경자동차전공,,,True,True,True
성균관대학교,자연과학대학,자연과학대학,,,True,True,True
경북대학교,단과대구분없음,자율전공부 인문사회자율전공계열,,,True,True,True
경북대학교,단과대구분없음,자율전공부 자연과학자율전공계열,,,True,True,True
전남대학교,단과대구분없음,자율전공학부,,,True,True,True
전북대학교,단과대구분없음,자율전공학부,,,True,True,True
충북대학교,사회과학대학,자치행정학과,,,True,True,True
추계예술대학교,음악대학,작곡과,,,True,True,True
서울대학교,음악대학,작곡과(이론전공),,,True,True,True
서울대학교,음악대학,작곡과(작곡전공),,,True,True,True
강원대학교,보건과학대학,작업치료학과,,,True,True,True
청주대학교,보건의료대학,작업치료학과,,,True,True,True
중원대학교,의료보건대학,작업치료학과,,,True,True,True
원광대학교,공과대학,전기공학과,,,True,True,True
한국폴리텍 IV 대학 홍성캠퍼스,단과대구분없음,전기과,,,True,True,True
한국폴리텍 VII 대학 부산캠퍼스,단과대구분없음,전기과,,,True,True,True
한국폴리텍 I 대학 서울강서캠퍼스,단과대구분없음,전기과(2년제),,,True,True,True
고려사이버대학교,단과대구분없음,전기전자공학과,,,True,True,True
서울과학기술대학교,정보통신대학,전기정보공학과,,,True,True,True
아주대학교,정보통신대학,전자공학과,,,True,True,True
원광대학교,공과대학,전자공학과,,,True,True,True
위덕대학교,융합과학기술대학,전자공학과,,,True,True,True
이화여자대학교,공과대학,전자공학과,,,True,True,True
인제대학교,공과대학,전자공학과,,,True,True,True
한국공학대학교,단과대구분없음,전자공학부,,,True,True,True
한국공학대학교,단과대구분없음,전자공학부(IT융합전공),,,True,True,True
한국공학대학교,단과대구분없음,전자공학부(전자공학전공),,,True,True,True
한국산업기술대학교(산업대),단과대구분없음,전자공학부(전자공학전공),,,True,True,True
광운대학교,자연과학대학,전자바이오물리학과,,,True,True,True
건양대학교,글로벌경영대학,전자상거래무역학과,,,True,True,True
원광대학교,공과대학,전자융합공학과,,,True,True,True
대구사이버대학교,단과대구분없음,전자정보통신공학과,,,True,True,True
경북대학교,과학기술대학,정밀기계공학과,,,True,True,True
원광대학교,경영대학,정보・전자상거래학부,,,True,True,True
대구가톨릭대학교,공과대학,정보보호학전공,,,True,True,True
아주대학교,정보통신대학,정보컴퓨터공학과,,,True,True,True
원광대학교,공과대학,정보통신공학과,,,True,True,True
성균관대학교,정보통신대학,정보통신대학,,,True,True,True
아주대학교,사회과학대학,정치외교학과,,,True,True,True
조선대학교,사회과학대학,정치외교학과,,,True,True,True
목원대학교,미술ㆍ디자인대학,조소과,,,True,True,True
한양대학교(ERICA),디자인대학,주얼리ㆍ패션디자인학과,,,True,True,True
가천대학교,인문대학,중국어문학과,,,True,True,True
부산외국어대학교,아시아대학,중국어학부,,,True,True,True
건양대학교,글로벌경영대학,중국언어문화학과,,,True,True,True
건양대학교,글로벌경영대학,중국일본학부,,,True,True,True
건국대학교,글로벌융합대학,중국통상・비즈니스전공,,,True,True,True
중원대학교,인문사회과학대학,중국통상학과,,,True,True,True
경남대학교,문과대학,중국학과,,,True,True,True
한신대학교,글로벌협력대학,중국학과,,,True,True,True
가천대학교,경영대학,지식산업인재학부,,,True,True,True
한국공학대학교,단과대구분없음,지식융합학부,,,True,True,True
한국공학대학교,단과대구분없음,지식융합학부(교양),,,True,True,True
한국산업기술대학교(산업대),단과대구분없음,지식융합학부(교양),,,True,True,True
충북대학교,농업생명환경대학,지역건설공학과,,,True,True,True
상명대학교,인문사회과학대학,지적재산권학과,,,True,True,True
동아대학교,인문과학대학,철학・윤리문화학과,,,True,True,True
단국대학교,문과대학,철학과,,,True,True,True
중원대학교,이공대학,첨단소재공학과,,,True,True,True
경일대학교,간호보건대학,첨단의료기학과,,,True,True,True
순복음총회신학교,단과대구분없음,청소년스포츠상담복지학과,,,True,True,True
한양대학교,예술ㆍ체육대학,체육학과,,,True,True,True
호원대학교,스포츠경호대학,축구학과,,,True,True,True
경북대학교,생태환경대학,축산BT학부,,,True,True,True
건국대학교,동물생명과학대학,축산식품공학과,,,True,True,True
경북대학교,축산대학,축산학과,,,True,True,True
경동대학교,단과대구분없음,치기공학과,,,True,True,True
강원대학교,보건과학대학,치위생학과,,,True,True,True
경북대학교,과학기술대학,치위생학과,,,True,True,True
가천대학교,보건과학대학,치위생학과,,,True,True,True
호남대학교,보건과학대학,치위생학과,,,True,True,True
경동대학교,단과대구분없음,치위생학과,,,True,True,True
단국대학교,공연디자인대학,커뮤니케이션디자인과,,,True,True,True
건국대학교,예술디자인대학,커뮤니케이션디자인전공,,,True,True,True
한양대학교(ERICA),디자인대학,커뮤니케이션디자인학과,,,True,True,True
금오공과대학교,단과대구분없음,컴퓨터IT학과,,,True,True,True
건국대학교(글로컬),과학기술대학,컴퓨터공학과,,,True,True,True
이화여자대학교,공과대학,컴퓨터공학과,,,True,True,True
한국공학대학교,단과대구분없음,컴퓨터공학부,,,True,True,True
한국공학대학교,단과대구분없음,컴퓨터공학부(소프트웨어전공),,,True,True,True
한국공학대학교,단과대구분없음,컴퓨터공학부(컴퓨터공학전공),,,True,True,True
한국산업기술대학교(산업대),단과대구분없음,컴퓨터공학부(컴퓨터공학전공),,,True,True,True
가천대학교,IT대학,컴퓨터미디어융합학과,,,True,True,True
중원대학교,이공대학,컴퓨터시스템공학과,,,True,True,True
가천대학교,IT대학,컴퓨터정보공학과,,,True,True,True
경북대학교,과학기술대학,컴퓨터정보학부 컴퓨터소프트웨어전공,,,True,True,True
경북대학교,과학기술대학,컴퓨터정보학부 컴퓨터시스템공학전공,,,True,True,True
경북대학교,과학기술대학,"컴퓨터정보학부(컴퓨터시스템공학전공, 컴퓨터소프트웨어전공)",,,True,True,True
안양대학교,문리과학대학,컴퓨터학과,,,True,True,True
배재대학교,김소월대학,클래식음악전공,,,True,True,True
부산외국어대학교,아시아대학,태국어과,,,True,True,True
중원대학교,예체능대학,태권도학과,,,True,True,True
청주대학교,이공대학,태양광에너지공학과,,,True,True,True
한양대학교(ERICA),디자인대학,테크노프로덕트디자인학과,,,True,True,True
건국대학교,예술디자인대학,텍스타일디자인전공,,,True,True,True
경북대학교,과학기술대학,토목공학과,,,True,True,True
경동대학교,단과대구분없음,토목공학과,,,True,True,True
송원대학교,단과대구분없음,토목공학과,,,True,True,True
인제대학교,공과대학,토목도시공학부,,,True,True,True
건국대학교,생명특성화대학,특성화학부,,,True,True,True
추계예술대학교,미술대학,판화과,,,True,True,True
원광대학교,생활과학대학,패션디자인산업학과,,,True,True,True
건국대학교(글로컬),디자인대학,패션디자인전공,,,True,True,True
이화여자대학교,조형예술대학,패션디자인전공(섬유・패션학부),,,True,True,True
동덕여자대학교,디자인대학,패션디자인학과,,,True,True,True
건국대학교(글로컬),디자인대학,패션디자인학부,,,True,True,True
단국대학교,공연디자인대학,패션산업디자인과,,,True,True,True
중앙승가대학교,단과대구분없음,포교사회학전공,,,True,True,True
부산외국어대학교,유럽미주대학,포르투갈(브라질)어과,,,True,True,True
한국외국어대학교,서양어대학,포르투갈어과,,,True,True,True
부산외국어대학교,유럽미주대학,프랑스어과,,,True,True,True
가천대학교,인문대학,프랑스어문학과,,,True,True,True
추계예술대학교,음악대학,피아노과,,,True,True,True
대구사이버대학교,단과대구분없음,한국어다문화학과,,,True,True,True
가천대학교,인문대학,한국어문학과,,,True,True,True
전주대학교,인문대학,한국어문학과,,,True,True,True
건국대학교(글로컬),미디어커뮤니케이션대학,한국어문학전공 트랙,,,True,True,True
상명대학교,조형예술대학,한국화전공,,,True,True,True
중원대학교,이공대학,한방산업학부,,,True,True,True
중원대학교,이공대학,한방소재산업학과,,,True,True,True
중원대학교,이공대학,한방식품산업학과,,,True,True,True
세한대학교,단과대구분없음,한중아세안대학 예능계열,,,True,True,True
세한대학교,단과대구분없음,한중아세안대학 인문사회계열,,,True,True,True
예원예술대학교,단과대구분없음,한지조형디자인학과,,,True,True,True
청주대학교,단과대구분없음,항공기계공학과,,,True,True,True
송원대학교,단과대구분없음,항공서비스학과,,,True,True,True
전남대학교,수산해양대학,해양바이오식품학과,,,True,True,True
군산대학교,해양과학대학,해양생명과학과,,,True,True,True
한서대학교,단과대구분없음,해양스포츠학과,,,True,True,True
한양대학교(ERICA),과학기술대학,해양융합과학과,,,True,True,True
원광대학교,사회과학대학,행정・언론학부,,,True,True,True
건국대학교(글로컬),공공인재대학,행정복지학부,,,True,True,True
건국대학교(글로컬),공공인재대학,행정복지학부(사회복지학전공),,,True,True,True
건국대학교(글로컬),공공인재대학,행정복지학부(행정학전공),,,True,True,True
대전대학교,사회과학대학,행정학과,,,True,True,True
아주대학교,사회과학대학,행정학과,,,True,True,True
전주대학교,사회과학대학,행정학과,,,True,True,True
경북대학교,단과대구분없음,행정학부 공공관리전공,,,True,True,True
경북대학교,단과대구분없음,행정학부 공공정책전공,,,True,True,True
건국대학교,예술디자인대학,현대미술전공,,,True,True,True
가톨릭관동대학교,관광의료복지대학,호텔경영학과,,,True,True,True
건양대학교,글로벌경영대학,호텔관광학부,,,True,True,True
가톨릭관동대학교,관광의료복지대학,호텔조리・외식경영학과,,,True,True,True
전남대학교,공학대학,화공생명공학과,,,True,True,True
건국대학교,공과대학,화학공학과,,,True,True,True
아주대학교,공과대학,화학공학과,,,True,True,True
울산대학교,공과대학,화학공학부,,,True,True,True
목포대학교,자연과학대학,화학과,,,True,True,True
경기대학교,자연과학대학,화학과,,,True,True,True
상명대학교,자연과학대학,화학과,,,True,True,True
아주대학교,자연과학대학,화학과,,,True,True,True
한양대학교,자연과학대학,화학과,,,True,True,True
카이스트(KAIST/한국과학기술원),자연과학대학,화학과,,,True,True,True
광주과학기술원,단과대구분없음,화학전공,,,True,True,True
전남대학교,공과대학,환경에너지공학과,,,True,True,True
평택대학교,단과대구분없음,환경융합시스템학과,,,True,True,True
목원대학교,미술ㆍ디자인대학,회화과서양화전공,,,True,True,True
목원대학교,미술ㆍ디자인대학,회화과한국화전공,,,True,True,True
건국대학교(글로컬),디자인대학,회화학과,,,True,True,True
목원대학교,단과대구분없음,TV・영화학부,,,True,True,True
가천대학교,경영대학,경영·회계학부,,,True,True,True
가천대학교,경영대학,경영학전공,,,True,True,True
건양대학교,군사경찰대학,국방경찰행정학부,,,True,True,True
가천대학교,경영대학,글로벌경영학과,,,True,True,True
경북대학교,과학기술대학,"나노소재공학부(신소재공학전공, 나노공학전공, 화학공학전공)",,,True,True,True
가천대학교,바이오나노대학,물리학과,,,True,True,True
경북대학교,생태환경대학,생태환경관광학부,,,True,True,True
경북대학교,생태환경대학,생태환경관광학부생태관광전공,,,True,True,True
가천대학교,바이오나노대학,수학정보학과,,,True,True,True
을지대학교,보건산업대학,스포츠아웃도어학과,,,True,True,True
신라대학교,디자인대학,시각디자인전공,,,True,True,True
대구가톨릭대학교,단과대구분없음,식의약화장품안전평가학전공,,,True,True,True
경남과학기술대학교,인문사회과학대학,아동가족.사회복지학부(사회복지학전공),,,True,True,True
경남과학기술대학교,인문사회과학대학,아동가족.사회복지학부(아동가족학전공),,,True,True,True
배재대학교,김소월대학,음악학부,,,True,True,True
한세대학교,단과대구분없음,인문사회학부,,,True,True,True
순천향대학교,단과대구분없음,자동차산업공학과,,,True,True,True
평택대학교,단과대구분없음,정보과학전공,,,True,True,True
경북대학교,과학기술대학,"컴퓨터정보학부(산업컴퓨터전공, 소프트웨어전공)",,,True,True,True
가천대학교,바이오나노대학,화학과,,,True,True,True
인천대학교,공과대학,기계공학과,,,True,True,True
인천대학교,도시과학대학,건축공학전공,,,True,True,True
인천대학교,공과대학,산업경영공학과,,,True,True,True
인천대학교,공과대학,메카트로닉스공학전공,,,True,True,True
인천대학교,생명과학기술대학,생명공학부,,,True,True,True
인천대학교,생명과학기술대학,생명공학전공,,,True,True,True
인천대학교,공과대학,전기공학과,,,True,True,True
인천대학교,공과대학,전자공학과,,,True,True,True
인천대학교,정보기술대학,컴퓨터공학과,,,True,True,True
인천대학교,도시과학대학,도시시설관리공학과,,,True,True,True
인천대학교,도시과학대학,환경공학전공,,,True,True,True
인천대학교,정보기술대학,컴퓨터공학부,,,True,True,True
인천대학교,도시과학대학,도시건축학부,,,True,True,True
인천대학교,정보기술대학,임베디드시스템공학과,,,True,True,True
인천대학교,도시과학대학,건축학전공,,,True,True,True
인천대학교,공과대학,자동차공학전공,,,True,True,True
인천대학교,정보기술대학,정보통신공학과,,,True,True,True
인천대학교,공과대학,신소재공학전공,,,True,True,True
인천대학교,도시과학대학,도시설계전공,,,True,True,True
인천대학교,도시과학대학,도시건설공학전공,,,True,True,True
인천대학교,공과대학,신소재공학과,,,True,True,True
인천대학교,도시과학대학,건설환경공학전공,,,True,True,True
인천대학교,도시과학대학,도시환경공학부,,,True,True,True
인천대학교,공과대학,안전공학과,,,True,True,True
인천대학교,예체능대학,디자인학부,,,True,True,True
인천대학교,예체능대학,체육학부,,,True,True,True
인천대학교,예체능대학,디자인전공,,,True,True,True
인천대학교,예체능대학,한국화전공,,,True,True,True
인천대학교,사범대학,체육교육과,,,True,True,True
인천대학교,예체능대학,서양화전공,,,True,True,True
인천대학교,예체능대학,운동건강과학부,,,True,True,True
인천대학교,단과대구분없음,교양교수부,,,True,True,True
인천대학교,도시과학대학,도시행정학과,,,True,True,True
인천대학교,법과대학,법학과,,,True,True,True
인천대학교,동북아경제통상대학,무역학부,,,True,True,True
인천대학교,사범대학,영어교육과,,,True,True,True
인천대학교,사범대학,역사교육과,,,True,True,True
인천대학교,사범대학,유아교육과,,,True,True,True
인천대학교,사범대학,윤리교육과,,,True,True,True
인천대학교,사회과학대학,창의인재개발학과,,,True,True,True
인천대학교,인문대학,독어독문학과,,,True,True,True
인천대학교,사회과학대학,윤리학전공,,,True,True,True
인천대학교,사범대학,국어교육과,,,True,True,True
인천대학교,사회과학대학,행정학과,,,True,True,True
인천대학교,사회과학대학,정치외교학과,,,True,True,True
인천대학교,사범대학,일어교육과,,,True,True,True
인천대학교,사회과학대학,사회복지학전공,,,True,True,True
인천대학교,인문대학,불어불문학과,,,True,True,True
인천대학교,인문대학,국어국문학과,,,True,True,True
인천대학교,사회과학대학,신문방송학과,,,True,True,True
인천대학교,사회과학대학,문헌정보학과,,,True,True,True
인천대학교,자연과학대학,소비자아동학과,,,True,True,True
인천대학교,인문대학,중어중국학과,,,True,True,True
인천대학교,인문대학,일어일문학과,,,True,True,True
인천대학교,경영대학,테크노경영학과,,,True,True,True
인천대학교,인문대학,영어영문학과,,,True,True,True
인천대학교,사회과학대학,사회복지학과,,,True,True,True
인천대학교,자연과학대학,수학과,,,True,True,True
인천대학교,생명과학기술대학,생명과학부,,,True,True,True
인천대학교,생명과학기술대학,생명과학전공,,,True,True,True
인천대학교,자연과학대학,해양학과,,,True,True,True
인천대학교,자연과학대학,생활자원관리학과,,,True,True,True
인천대학교,자연과학대학,생명과학전공,,,True,True,True
인천대학교,생명과학기술대학,분자의생명전공,,,True,True,True
인천대학교,자연과학대학,생물학과,,,True,True,True
인천대학교,자연과학대학,화학과,,,True,True,True
인천대학교,자연과학대학,물리학과,,,True,True,True
인천대학교,사범대학,수학교육과,,,True,True,True
인천대학교,경영대학,경영대학 경영학부,,,True,True,True
인천대학교,동북아경제통상대학,동북아경제통상대학 무역학과,,,True,True,True
인천대학교,공과대학,기계・로봇공학전공,,,True,True,True
인천대학교,예술체육대학,디자인학부,,,True,True,True
인천대학교,예술체육대학,서양화전공,,,True,True,True
인천대학교,예술체육대학,운동건강학부,,,True,True,True
인천대학교,예술체육대학,조형예술학부,,,True,True,True
인천대학교,예술체육대학,체육학부,,,True,True,True
인천대학교,예술체육대학,한국화전공,,,True,True,True
세종대학교,호텔관광대학,관광경영전공/호텔관광외식경영학부,,,True,True,True
창원대학교,메카트로닉스대학,전자공학전공,,,True,True,True
창원대학교,메카트로닉스대학,전기공학전공,,,True,True,True
명지대학교,법과대학,글로벌법무금융학과,,,True,True,True
동명대학교,단과대구분없음,기타모집단위,,,True,True,True
한라대학교,경영사회대학,뷰티디자인학과,,,True,True,True
한라대학교,경영사회대학,사회체육학과,,,True,True,True
창원대학교,메카트로닉스대학,신소재공학부,,,True,True,True
창원대학교,메카트로닉스대학,제어계측공학전공,,,True,True,True
세종대학교,호텔관광대학,외식경영전공/호텔관광외식경영학부,,,True,True,True
세종대학교,호텔관광대학,호텔경영전공/호텔관광외식경영학부,,,True,True,True
한국해양대학교,해사대학,선박운항과,,,True,True,True
중앙승가대학교,단과대구분없음,교양수행학부,,,True,True,True
강원대학교,디자인스포츠대학,문화상품디자인학과,,,True,True,True
강원대학교,디자인스포츠대학,산업디자인학과,,,True,True,True
강원대학교,디자인스포츠대학,시각멀티미디어디자인학과,,,True,True,True
강원대학교,디자인스포츠대학,실내가구디자인학과,,,True,True,True
경성대학교,단과대구분없음,기타모집단위,,,True,True,True
중원대학교,예체능대학,방송연예학과,,,True,True,True
경일대학교,단과대구분없음,기타모집단위,,,True,True,True
한양사이버대학교,단과대구분없음,공학계열,,,True,True,True
한양사이버대학교,단과대구분없음,디자인계열,,,True,True,True
영남대학교,단과대구분없음,기타모집단위,,,True,True,True
강원대학교,디자인스포츠대학,공예학과,,,True,True,True
강원대학교,디자인스포츠대학,방송연예학과,,,True,True,True
강원대학교,디자인스포츠대학,도예디자인학과,,,True,True,True
경일대학교,간호보건대학,심리치료학과(인문계열),,,True,True,True
경희대학교,호텔관광대학,외식경영학과,,,True,True,True
경희대학교,호텔관광대학,관광학과,,,True,True,True
광주교육대학교,단과대구분없음,특수ㆍ통합교육과(심화전공),,,True,True,True
부경대학교,공과대학,산업경영공학전공,,,True,True,True
부산대학교,공과대학,화학공학과(LG하우시스),,,True,True,True
서울대학교,공과대학,기계항공공학부(우주항공공학전공),,,True,True,True
서울대학교,자연과학대학,물리·천문학부(물리학전공),,,True,True,True
서울대학교,생활과학대학,소비자아동학부(소비자학전공),,,True,True,True
서울대학교,자연과학대학,물리·천문학부(천문학전공),,,True,True,True
서울대학교,공과대학,기계항공공학부(기계공학전공),,,True,True,True
서울대학교,생활과학대학,소비자아동학부(아동가족학전공),,,True,True,True
순천향대학교,공과대학,건축학과(5),,,True,True,True
신라대학교,단과대구분없음,에너지관리전공,,,True,True,True
신라대학교,단과대구분없음,뷰티비즈니스전공,,,True,True,True
신라대학교,단과대구분없음,경영학전공,,,True,True,True
안양대학교,문리과학대학,도시행정학과,,,True,True,True
안양대학교,사회과학대학,국제통상유통학과,,,True,True,True
인제대학교,공과대학,산업경영공학과,,,True,True,True
전북대학교,농업생명과학대학,농생명과학과,,,True,True,True
전주대학교,의과학대학,방사선학과,,,True,True,True
전주대학교,의과학대학,작업치료학과,,,True,True,True
전주대학교,의과학대학,천연화장품학전공,,,True,True,True
전주대학교,의과학대학,간호학과,,,True,True,True
전주대학교,의과학대학,물리치료학과,,,True,True,True
전주대학교,의과학대학,건강관리전공,,,True,True,True
전주대학교,의과학대학,보건관리학과,,,True,True,True
카이스트(KAIST/한국과학기술원),인문사회융합과학대학,경영과학과(IT경영학),,,True,True,True
한국산업기술대학교(산업대),단과대구분없음,컴퓨터융합공학과,,,True,True,True
한국해양대학교,단과대구분없음,해양군사학부,,,True,True,True
한밭대학교,건설환경조형대학,건축학과(5년제),,,True,True,True
한양대학교,공과대학,전기·생체공학부,,,True,True,True
전주대학교,공과대학,탄소융합공학과,,,True,True,True
용인대학교,단과대구분없음,기타모집단위,,,True,True,True
광운대학교,단과대구분없음,기타모집단위,,,True,True,True
경상국립대학교,농업생명과학대학,생물산업기계공학과,,,True,True,True
경상국립대학교,해양과학대학,해양환경공학과,,,True,True,True
경상국립대학교,농업생명과학대학,응용생물학과,,,True,True,True
경상국립대학교,농업생명과학대학,환경생명화학과,,,True,True,True
경상국립대학교,해양과학대학,에너지기계공학과,,,True,True,True
경상국립대학교,농업생명과학대학,식품자원경제학과,,,True,True,True
우송대학교,단과대구분없음,철도전기시스템학과,,,True,True,True
목원대학교,테크노과학대학,생의약화장품학부,,,True,True,True
군산대학교,해양과학대학,식품생명공학과,,,True,True,True
한세대학교,단과대구분없음,음악학과,,,True,True,True
한세대학교,단과대구분없음,IT학부,,,True,True,True
한세대학교,단과대구분없음,섬유패션디자인전공,,,True,True,True
고려대학교,단과대구분없음,디자인조형학부,,,True,True,True
경성대학교,멀티미디어대학,디지털콘텐츠학부,,,True,True,True
경성대학교,멀티미디어대학,디지털미디어전공,,,True,True,True
경남대학교,공과대학,도시환경공학과,,,True,True,True
동신대학교,보건복지대학,뷰티미용학과,,,True,True,True
단국대학교,사회과학대학,광고홍보전공,,,True,True,True
단국대학교,공연디자인대학,공연영화학부,,,True,True,True
동신대학교,문화관광대학,도시계획학과,,,True,True,True
강서대학교,단과대구분없음,음악학부(뉴미디어음악전공),,,True,True,True
고려대학교,이과대학,지구환경과학과,,,True,True,True
숙명여자대학교,사회과학대학,소비자경제학과,,,True,True,True
강서대학교,단과대구분없음,음악학부(기독교실용음악전공),,,True,True,True
한국폴리텍 VII 대학 부산캠퍼스,단과대구분없음,금형디자인과,,,True,True,True
안양대학교,이공대학,환경에너지공학과,,,True,True,True
부경대학교,환경ㆍ해양대학,지구환경과학과,,,True,True,True
가톨릭대학교,단과대구분없음,컴퓨터정보공학부,,,True,True,True
서울여자대학교,미술대학,현대미술과,,,True,True,True
경북대학교,생태환경대학,해양학과,,,True,True,True
서울여자대학교,사회과학대학,아동학과,,,True,True,True
홍익대학교,공과대학,신소재・화공시스템공학부,,,True,True,True
안양대학교,이공대학,화장품발명디자인학과,,,True,True,True
고려대학교,공과대학,건축사회환경공학부,,,True,True,True
안양대학교,예술대학,공연예술학과,,,True,True,True
한국폴리텍 I 대학 서울강서캠퍼스,단과대구분없음,패션메이킹과,,,True,True,True
건국대학교,생명특성화대학,시스템생명공학전공,,,True,True,True
아주대학교,공과대학,응용화학생명공학과,,,True,True,True
고려대학교,생명과학대학,식품자원경제학과,,,True,True,True
상지대학교,인문사회과학대학,법률행정학과(야),,,True,True,True
상지대학교,이공과대학,컴퓨터데이터정보학과,,,True,True,True
상지대학교,경상대학,관광학부 관광경영학전공,,,True,True,True
안양대학교,문리과학대학,해양바이오시스템공학과,,,True,True,True
한국폴리텍 VI 대학 대구캠퍼스,단과대구분없음,금형디자인과,,,True,True,True
대구대학교,정보통신대학,컴퓨터ㆍIT공학부,,,True,True,True
안양대학교,문리과학대학,관광경영학과,,,True,True,True
남서울대학교,단과대구분없음,중국학과,,,True,True,True
대구대학교,정보통신대학,컴퓨터・IT공학부(정보공학전공),,,True,True,True
한국폴리텍 VII 대학 창원캠퍼스,단과대구분없음,에너지환경과,,,True,True,True
부경대학교,수산과학대학,수해양산업교육과 식품공학전공,,,True,True,True
부경대학교,수산과학대학,수해양산업교육과 양식공학전공,,,True,True,True
부경대학교,수산과학대학,수해양산업교육과 어업공학전공,,,True,True,True
부경대학교,수산과학대학,수해양산업교육과 냉동공학전공,,,True,True,True
부경대학교,수산과학대학,수해양산업교육과 기관공학전공,,,True,True,True
인제대학교,인문사회과학대학,생활상담복지학부,,,True,True,True
부경대학교,수산과학대학,수해양산업교육과,,,True,True,True
부경대학교,수산과학대학,해양바이오신소재학과,,,True,True,True
아주대학교,정보통신대학,미디어학과,,,True,True,True
한국폴리텍 VII 대학 창원캠퍼스,단과대구분없음,금형디자인과,,,True,True,True
건국대학교,글로벌융합대학,자율전공학부,,,True,True,True
부경대학교,공과대학,이미지시스템공학과,,,True,True,True
고려대학교,생명과학대학,생명공학부,,,True,True,True
서경대학교,인문과학대학,문화콘텐츠학부(인문과학대학),,,True,True,True
호서대학교,인문대학,문화콘텐츠창작전공,,,True,True,True
차의과학대학교,건강과학대학,스포츠의학과,,,True,True,True
차의과학대학교,생명과학대학,식품생명공학과,,,True,True,True
수원대학교,생활과학대학,아동가족복지학과,,,True,True,True
경기대학교,예술대학,전자디지털음악학과,,,True,True,True
인제대학교,공과대학,나노공학부,,,True,True,True
서경대학교,예술대학,뮤지컬전공,,,True,True,True
강원대학교,디자인스포츠대학,연극영화학과,,,True,True,True
고려대학교(세종),과학기술대학,컴퓨터정보학과,,,True,True,True
부경대학교,수산과학대학,해양경찰학전공,,,True,True,True
한국폴리텍 II 대학 인천캠퍼스,단과대구분없음,금형디자인과,,,True,True,True
강원대학교,농업생명과학대학,식품생명공학과,,,True,True,True
부경대학교,환경ㆍ해양대학,공간정보시스템공학과,,,True,True,True
수원대학교,공과대학,환경에너지공학과,,,True,True,True
부경대학교,수산과학대학,해양생산시스템관리학부,,,True,True,True
부산가톨릭대학교,응용과학대학,환경행정학과,,,True,True,True
성신여자대학교,자연과학대학,IT학부,,,True,True,True
국민대학교,경영대학,정보시스템전공,,,True,True,True
부경대학교,공과대학,소방공학과,,,True,True,True
안양대학교,이공대학,전기전자공학과,,,True,True,True
광주과학기술원,단과대구분없음,기초교육학부,,,True,True,True
홍익대학교,미술대학,금속조형디자인과,,,True,True,True
인하대학교,IT공과대학,전자전기공학계열,,,True,True,True
단국대학교,사회과학대학,영상콘텐츠전공,,,True,True,True
인하대학교,자연과학대학,수학통계학부,,,True,True,True
가톨릭관동대학교,공과대학,인테리어디자인전공,,,True,True,True
가톨릭관동대학교,공과대학,보건환경학과,,,True,True,True
한국항공대학교,공과대학,항공전자및정보통신공학부,,,True,True,True
부산외국어대학교,이공대학,임베디드소프트웨어학과,,,True,True,True
부산대학교,인문대학,한문학과,,,True,True,True
건양대학교,재활복지교육대학,심리상담치료학과,,,True,True,True
국민대학교,사회과학대학,중국학전공,,,True,True,True
국민대학교,사회과학대학,일본학전공,,,True,True,True
건양대학교,재활복지교육대학,재활퍼스널트레이닝학과,,,True,True,True
국민대학교,사회과학대학,러시아학전공,,,True,True,True
국민대학교,조형대학,영상디자인학과,,,True,True,True
호서대학교,예체능대학,영상미디어전공,,,True,True,True
건양사이버대학교,단과대구분없음,다문화한국어학과,,,True,True,True
건양사이버대학교,단과대구분없음,요양시설경영학과,,,True,True,True
경기대학교,경상대학,지식재산학과,,,True,True,True
경기대학교,공과대학,환경에너지공학과,,,True,True,True
유원대학교,보건산업대학,호텔외식조리학과,,,True,True,True
부산가톨릭대학교,보건과학대학,병원경영학과,,,True,True,True
부산외국어대학교,인문사회대학,역사관광학과,,,True,True,True
연세대학교,언더우드국제대학,테크노아트학부,,,True,True,True
강원대학교,농업생명과학대학,바이오자원환경학과,,,True,True,True
한동대학교,단과대구분없음,공간환경시스템공학부,,,True,True,True
광주대학교,보건복지교육대학,청소년상담ㆍ평생교육학과,,,True,True,True
한국폴리텍 특성화대학 바이오캠퍼스,단과대구분없음,생명의약분석과,,,True,True,True
한국폴리텍 특성화대학 바이오캠퍼스,단과대구분없음,바이오나노소재과,,,True,True,True
한국폴리텍 특성화대학 바이오캠퍼스,단과대구분없음,바이오품질관리과,,,True,True,True
한국폴리텍 특성화대학 바이오캠퍼스,단과대구분없음,바이오식품분석과,,,True,True,True
한국폴리텍 특성화대학 바이오캠퍼스,단과대구분없음,바이오생명정보과,,,True,True,True
한국폴리텍 특성화대학 바이오캠퍼스,단과대구분없음,바이오배양공정과,,,True,True,True
한국기술교육대학교,단과대구분없음,디자인공학과,,,True,True,True
성신여자대학교,사회과학대학,융합보안학과,,,True,True,True
경기대학교,예술대학,예술학과,,,True,True,True
신라대학교,의생명과학대학,제약공학과,,,True,True,True
한림대학교,자연과학대학,청각학전공,,,True,True,True
한림대학교,자연과학대학,환경생명공학과,,,True,True,True
동명대학교,보건복지교육대학,뷰티케어학과,,,True,True,True
한국성서대학교,단과대구분없음,정보과학부,,,True,True,True
대구한의대학교,한방산업대학,한방식품약리학과,,,True,True,True
한국폴리텍 VI 대학 영남융합기술캠퍼스,단과대구분없음,패션소재과,,,True,True,True
한국폴리텍 VI 대학 영남융합기술캠퍼스,단과대구분없음,패션메이킹과,,,True,True,True
한국폴리텍 VI 대학 영남융합기술캠퍼스,단과대구분없음,패션디자인과,,,True,True,True
한국폴리텍 V 대학 광주캠퍼스,단과대구분없음,금형디자인과,,,True,True,True
대구한의대학교,한방산업대학,한약자원학과,,,True,True,True
순천향대학교,단과대구분없음,융합기계학과,,,True,True,True
순천향대학교,인문과학대학,국제문화학과,,,True,True,True
가톨릭대학교,단과대구분없음,생명환경학부,,,True,True,True
경상국립대학교,농업생명과학대학,환경재료과학과,,,True,True,True
고려대학교,보건과학대학,보건행정학과,,,True,True,True
목원대학교,테크노과학대학,소방안전관리학과,,,True,True,True
목원대학교,사회과학대학,중국학과,,,True,True,True
목원대학교,사범대학,컴퓨터교육과,,,True,True,True
계명대학교,체육대학,스포츠마케팅학과,,,True,True,True
건국대학교,생명특성화대학,융합생명공학전공,,,True,True,True
연세대학교(미래),보건과학대학,보건행정학과,,,True,True,True
경동대학교,단과대구분없음,보건관리학과,,,True,True,True
건국대학교,상경대학,응용통계학과,,,True,True,True
세명대학교,자연과학대학,컴퓨터학부,,,True,True,True
부경대학교,수산과학대학,식품공학과,,,True,True,True
단국대학교,사회과학대학,응용통계학과,,,True,True,True
건양대학교,의과학대학,병원관리학과,,,True,True,True
광주대학교,보건복지교육대학,보건의료관리학과,,,True,True,True
대구대학교,간호보건학부,보건행정학과,,,True,True,True
경기대학교,예술대학,도예학과,,,True,True,True
동양대학교,단과대구분없음,보건의료행정학과,,,True,True,True
한국폴리텍 VI 대학 영남융합기술캠퍼스,단과대구분없음,텍스타일컬러디자인과,,,True,True,True
가천대학교,바이오나노대학,바이오나노학과,,,True,True,True
동국대학교,바이오시스템대학,의생명공학과,,,True,True,True
동국대학교,사회과학대학,식품산업관리학과,,,True,True,True
동국대학교,이과대학,물리반도체과학부,,,True,True,True
예원예술대학교,단과대구분없음,글로벌호텔관광경영학과,,,True,True,True
세한대학교,단과대구분없음,컴퓨터교육과,,,True,True,True
세한대학교,단과대구분없음,기술교육과,,,True,True,True
세한대학교,단과대구분없음,골프경영학과,,,True,True,True
서울한영대학교,인문대학,기독교상담학과,,,True,True,True
한서대학교,단과대구분없음,건강관리학과,,,True,True,True
한서대학교,단과대구분없음,문화재보존학과,,,True,True,True
한서대학교,단과대구분없음,신체활동디자인학과,,,True,True,True
한국폴리텍 III 대학 춘천캠퍼스,단과대구분없음,산업디자인과,,,True,True,True
용인대학교,환경과학대학,산업환경보건학과,,,True,True,True
충남대학교,공과대학,나노소재공학과,,,True,True,True
충남대학교,공과대학,전파공학과,,,True,True,True
충남대학교,농업생명과학대학,생물환경화학과,,,True,True,True
경동대학교,단과대구분없음,도시공간디자인학과,,,True,True,True
동아대학교,인문과학대학,고고미술사학과,,,True,True,True
선문대학교,공과대학,정보디스플레이학과,,,True,True,True
연세대학교,언더우드국제대학,정보・인터랙션 디자인전공,,,True,True,True
이화여자대학교,조형예술대학,의류학전공,,,True,True,True
숭실대학교,사회과학대학,언론홍보학과,,,True,True,True
이화여자대학교,공과대학,환경・식품공학부,,,True,True,True
순천향대학교,의료과학대학,보건행정경영학과,,,True,True,True
삼육대학교,문화예술대학,환경그린디자인학과,,,True,True,True
카이스트(KAIST/한국과학기술원),인문사회융합과학대학,기술경영학과,,,True,True,True
동서대학교,단과대구분없음,영상문학전공,,,True,True,True
동신대학교,문화관광대학,디지털콘텐츠학과,,,True,True,True
영남대학교,정치행정대학,지역및복지행정학과,,,True,True,True
영남대학교,공과대학,나노메디컬유기재료공학과,,,True,True,True
동신대학교,공과대학,제약공학과,,,True,True,True
광운대학교,전자정보공과대학,전자융합공학과,,,True,True,True
광운대학교,동북아대학,문화교류전공,,,True,True,True
광운대학교,동북아대학,동북아문화산업학부,,,True,True,True
순천대학교,인문예술대학,문예창작학과,,,True,True,True
한성대학교,예술대학,의생활학부,,,True,True,True
한성대학교,예술대학,애니메이션・제품디자인전공,,,True,True,True
한성대학교,예술대학,의류패션산업전공,,,True,True,True
중원대학교,이공대학,자원순환환경공학과,,,True,True,True
중원대학교,인문사회과학대학,한국학과,,,True,True,True
한국폴리텍 특성화대학 반도체융합캠퍼스,단과대구분없음,영상그래픽과,,,True,True,True
한국국제대학교,교육과학대학,특수체육교육과,,,True,True,True
평택대학교,단과대구분없음,도시및부동산개발학과,,,True,True,True
평택대학교,단과대구분없음,영상디자인학과,,,True,True,True
강릉원주대학교,과학기술대학,정보기술공학과,,,True,True,True
남부대학교,단과대구분없음,향장미용학과,,,True,True,True
강원대학교,산림환경과학대학,제지공학과,,,True,True,True
한밭대학교,공과대학,화학생명공학과,,,True,True,True
제주대학교,자연과학대학,생활환경복지학부,,,True,True,True
제주대학교,자연과학대학,주거・가족복지전공,,,True,True,True
한양대학교(ERICA),공학대학,전자통신공학과,,,True,True,True
충북대학교,농업생명환경대학,식물의학과,,,True,True,True
백석대학교,단과대구분없음,특수체육교육과,,,True,True,True
한국방송통신대학교,자연과학대학,농학과,,,True,True,True
대구가톨릭대학교,디자인대학,패션디자인과,,,True,True,True
대구가톨릭대학교,단과대구분없음,자율전공학부,,,True,True,True
세종대학교,공과대학,지구정보공학과,,,True,True,True
세종대학교,생명과학대학,식품공학과,,,True,True,True
한밭대학교,정보기술대학,전자·제어공학과,,,True,True,True
한국폴리텍 II 대학 인천캠퍼스,단과대구분없음,산업디자인과,,,True,True,True
한경국립대학교,공과대학,식품생물공학과,,,True,True,True
강원대학교,농업생명과학대학,지역건설공학과,,,True,True,True
한경국립대학교,자연과학대학,아동가족복지학과,,,True,True,True
한양대학교,예술ㆍ체육대학,연극영화학과,,,True,True,True
한양대학교,생활과학대학,실내건축디자인학과,,,True,True,True
제주대학교,자연과학대학,아동・생활복지전공,,,True,True,True
한국항공대학교,항공-경영대학,항공・교통・물류・우주법학부,,,True,True,True
제주대학교,해양과학대학,해양산업경찰학과,,,True,True,True
한국항공대학교,항공-경영대학,항공운항학과,,,True,True,True
한국폴리텍 VI 대학 영남융합기술캠퍼스,단과대구분없음,하이테크소재과,,,True,True,True
한양사이버대학교,단과대구분없음,보건행정학과,,,True,True,True
한양사이버대학교,단과대구분없음,미술치료학과,,,True,True,True
한국폴리텍 I 대학 서울정수캠퍼스,단과대구분없음,산업디자인과,,,True,True,True
세종대학교,공과대학,국방시스템공학과,,,True,True,True
세종대학교,단과대구분없음,교양학부,,,True,True,True
세종대학교,생명과학대학,분자생물학과,,,True,True,True
남부대학교,단과대구분없음,대체의학과,,,True,True,True
한양대학교,사범대학,응용미술교육과,,,True,True,True
한국폴리텍 V 대학 전북캠퍼스,단과대구분없음,금형디자인과,,,True,True,True
호남대학교,인문사회대학,소방행정학과,,,True,True,True
글로벌사이버대학교,단과대구분없음,실버복지전공,,,True,True,True
글로벌사이버대학교,단과대구분없음,사회복지전공,,,True,True,True
원광대학교,공공정책대학,소방행정학과,,,True,True,True
한국폴리텍 V 대학 광주캠퍼스,단과대구분없음,자동차과,,,True,True,True
원광대학교,공공정책대학,경찰행정학과,,,True,True,True
홍익대학교,공과대학,신소재·화공시스템공학부 화학공학전공,,,True,True,True
홍익대학교,공과대학,건설·도시공학부 토목공학전공,,,True,True,True
홍익대학교,공과대학,정보·컴퓨터공학부 컴퓨터공학전공,,,True,True,True
홍익대학교,공과대학,전자·전기공학부,,,True,True,True
홍익대학교,공과대학,신소재·화공시스템공학부 신소재공학전공,,,True,True,True
홍익대학교,공과대학,정보·컴퓨터공학부 산업공학전공,,,True,True,True
홍익대학교,공과대학,건설·도시공학부 도시공학전공,,,True,True,True
홍익대학교,경영대학,경영학부 경영학전공,,,True,True,True
홍익대학교,건축대학,건축학부 건축학전공(5년제),,,True,True,True
우석대학교,국제대학,글로벌경영학과,,,True,True,True
영남대학교,정치행정대학,경찰행정학과,,,True,True,True
호남대학교,예술대학,산업디자인학과,,,True,True,True
호남대학교,예술대학,뷰티미용학과,,,True,True,True
호남대학교,예술대학,미술학과,,,True,True,True
경상국립대학교,농업생명과학대학,지역환경기반공학과,,,True,True,True
경남과학기술대학교,생명과학대학,동물소재공학과,,,True,True,True
경남과학기술대학교,생명과학대학,제약공학과,,,True,True,True
경남과학기술대학교,생명과학대학,식품과학부 영양학전공,,,True,True,True
경남과학기술대학교,생명과학대학,식품과학부 식품생명공학전공,,,True,True,True
경남과학기술대학교,생명과학대학,간호학과,,,True,True,True
경남과학기술대학교,생명과학대학,산림자원학과,,,True,True,True
경남과학기술대학교,생명과학대학,동물생명과학과,,,True,True,True
경남과학기술대학교,생명과학대학,농학 ・한약자원학부(한약자원전공),,,True,True,True
경남과학기술대학교,생명과학대학,농학 ・한약자원학부(농학전공),,,True,True,True
경남과학기술대학교,인문사회과학대학,교양학부(예체능계열),,,True,True,True
경남과학기술대학교,상경대학,상경대학계열,,,True,True,True
경남과학기술대학교,인문사회과학대학,교양학부(공학계열),,,True,True,True
경남과학기술대학교,인문사회과학대학,교양학부,,,True,True,True
경남과학기술대학교,인문사회과학대학,자유전공학부,,,True,True,True
울산대학교,공과대학,기계자동차공학전공,,,True,True,True
경남과학기술대학교,건설환경공과대학,건축학과(5),,,True,True,True
경남과학기술대학교,건설환경공과대학,텍스타일디자인학과,,,True,True,True
서강대학교,단과대구분없음,융합소프트웨어 전공,,,True,True,True
호남대학교,예술대학,미디어영상공연학과,,,True,True,True
경기대학교,관광대학,관광이벤트학과,,,True,True,True
경남과학기술대학교,인문사회과학대학,아동가족학과,,,True,True,True
경남과학기술대학교,인문사회과학대학,사회복지학과,,,True,True,True
경남과학기술대학교,융합기술공과대학,에너지공학과,,,True,True,True
경남과학기술대학교,융합기술공과대학,융합기술공과대학 계열,,,True,True,True
경남과학기술대학교,건설환경공과대학,건설환경공과대학 계열,,,True,True,True
인하대학교,문과대학,문화경영학과,,,True,True,True
인하대학교,문과대학,문화콘텐츠학과,,,True,True,True
인하대학교,문과대학,프랑스언어문화학과,,,True,True,True
인하대학교,문과대학,일본언어문화학과,,,True,True,True
인하대학교,문과대학,철학과,,,True,True,True
인하대학교,문과대학,사학과,,,True,True,True
인하대학교,문과대학,영어영문학과,,,True,True,True
인하대학교,문과대학,한국어문학과,,,True,True,True
인하대학교,사회과학대학,정치외교학과,,,True,True,True
인하대학교,사회과학대학,행정학과,,,True,True,True
인하대학교,사회과학대학,언론정보학과,,,True,True,True
인하대학교,경영대학,경영학과,,,True,True,True
인하대학교,자연과학대학,해양과학과,,,True,True,True
인하대학교,자연과학대학,생명과학과,,,True,True,True
인하대학교,자연과학대학,화학과,,,True,True,True
인하대학교,자연과학대학,물리학과,,,True,True,True
인하대학교,자연과학대학,통계학과,,,True,True,True
인하대학교,자연과학대학,수학과,,,True,True,True
인하대학교,공과대학,융합기술경영학부,,,True,True,True
인하대학교,공과대학,건축공학과,,,True,True,True
강서대학교,단과대구분없음,신학부(신학전공),,,True,True,True
인하대학교,공과대학,환경공학과,,,True,True,True
인하대학교,공과대학,사회인프라공학과,,,True,True,True
인하대학교,공과대학,신소재공학과,,,True,True,True
인하대학교,공과대학,유기응용재료공학과,,,True,True,True
인하대학교,공과대학,고분자공학과,,,True,True,True
인하대학교,공과대학,생명공학과,,,True,True,True
인하대학교,공과대학,화학공학과,,,True,True,True
인하대학교,공과대학,산업경영공학과,,,True,True,True
인하대학교,공과대학,조선해양공학과,,,True,True,True
인하대학교,공과대학,항공우주공학과,,,True,True,True
인하대학교,공과대학,기계공학과,,,True,True,True
부산가톨릭대학교,응용과학대학,소프트웨어학과,,,True,True,True
한국외국어대학교,단과대구분없음,사회과학전공,,,True,True,True
우석대학교,과학기술대학,컴퓨터공학과,,,True,True,True
한국외국어대학교,사회과학대학,사회과학계열,,,True,True,True
우석대학교,문화사회대학,시각커뮤니케이션디자인학과,,,True,True,True
우석대학교,국제대학,국제언어문화학과,,,True,True,True
우석대학교,문화사회대학,공연예술뮤지컬학과,,,True,True,True
우석대학교,문화사회대학,공공인재학부,,,True,True,True
한국외국어대학교,서양어대학,서양어대학,,,True,True,True
한국외국어대학교,영어대학,영어전공,,,True,True,True
한국외국어대학교,영어대학,영어학부,,,True,True,True
한국외국어대학교,단과대구분없음,Language & Diplomacy전공,,,True,True,True
한국외국어대학교,단과대구분없음,Language & Diplomacy학부,,,True,True,True
군산대학교,사회과학대학,교직과,,,True,True,True
경성대학교,법정대학,신문방송학과,,,True,True,True
경성대학교,예술종합대학,사진학과,,,True,True,True
경성대학교,예술종합대학,무용학과,,,True,True,True
경성대학교,예술종합대학,시각디자인학과,,,True,True,True
경성대학교,예술종합대학,공예디자인학과,,,True,True,True
경성대학교,예술종합대학,제품디자인학과,,,True,True,True
경성대학교,예술종합대학,인테리어디자인학과,,,True,True,True
경성대학교,예술종합대학,미술학과,,,True,True,True
경성대학교,예술종합대학,음악학부,,,True,True,True
경성대학교,예술종합대학,스포츠의학전공,,,True,True,True
경성대학교,예술종합대학,체육학전공,,,True,True,True
경성대학교,예술종합대학,스포츠건강학부,,,True,True,True
경성대학교,이과대학,에너지과학과,,,True,True,True
경성대학교,법정대학,광고홍보학과,,,True,True,True
고려대학교(세종),과학기술대학,응용통계학과,,,True,True,True
우석대학교,과학기술대학,에너지공학과,,,True,True,True
우석대학교,과학기술대학,에코바이오학과,,,True,True,True
건국대학교,문과대학,미디어커뮤니케이션학과,,,True,True,True
국민대학교,건축대학,건축학부,,,True,True,True
한일장신대학교,단과대구분없음,심리상담학,,,True,True,True
한일장신대학교,단과대구분없음,미술심리상담학,,,True,True,True
한일장신대학교,단과대구분없음,간호학과,,,True,True,True
국민대학교,자동차융합대학,자동차IT융합학과,,,True,True,True
국민대학교,자동차융합대학,자동차공학과,,,True,True,True
국민대학교,건축대학,건축학전공,,,True,True,True
국민대학교,건축대학,건축시스템전공,,,True,True,True
백석대학교,단과대구분없음,문화예술학부 피아노전공,,,True,True,True
백석대학교,단과대구분없음,문화예술학부 성악·뮤지컬전공,,,True,True,True
국민대학교,체육대학,스포츠건강재활전공,,,True,True,True
국민대학교,체육대학,스포츠산업・레저전공,,,True,True,True
국민대학교,체육대학,스포츠지도전공,,,True,True,True
울산대학교,공과대학,IT융합전공,,,True,True,True
울산대학교,공과대학,전기전자공학전공,,,True,True,True
서강대학교,단과대구분없음,스타트업 전공,,,True,True,True
울산대학교,공과대학,전기공학부,,,True,True,True
서강대학교,단과대구분없음,한국발전과국제개발협력연계전공,,,True,True,True
가천대학교,예술대학,연기예술학과,,,True,True,True
단국대학교,사회과학대학,부동산학전공,,,True,True,True
단국대학교,사회과학대학,도시지역계획학전공,,,True,True,True
동국대학교(WISE),경영ㆍ관광대학,호텔경영학전공,,,True,True,True
동국대학교(WISE),경영ㆍ관광대학,관광경영학전공,,,True,True,True
동국대학교(WISE),자연과학대학,생명공학전공,,,True,True,True
동국대학교(WISE),파라미타칼리지,자유전공학부,,,True,True,True
동국대학교(WISE),경영계열,경영학부,,,True,True,True
동국대학교(WISE),사회과학계열,호텔관광경영학부,,,True,True,True
동국대학교(WISE),사회과학계열,글로벌경제통상학부,,,True,True,True
동국대학교(WISE),사회과학계열,사회복지학과,,,True,True,True
동국대학교(WISE),사회과학계열,행정경찰공공학부,,,True,True,True
호서대학교,공과대학,게임학전공,,,True,True,True
호서대학교,공과대학,모바일소프트웨어전공,,,True,True,True
호서대학교,공과대학,컴퓨터공학전공,,,True,True,True
호서대학교,예체능대학,패션전공,,,True,True,True
호서대학교,예체능대학,산업디자인전공,,,True,True,True
호서대학교,예체능대학,실내디자인전공,,,True,True,True
호서대학교,예체능대학,시각디자인전공,,,True,True,True
호서대학교,공과대학,정보통신공학전공,,,True,True,True
호서대학교,공과대학,전자공학전공,,,True,True,True
호서대학교,공과대학,IT융합기술학부,,,True,True,True
호서대학교,공과대학,광전자디스플레이공학전공,,,True,True,True
호서대학교,공과대학,디지털디스플레이공학전공,,,True,True,True
호서대학교,공과대학,신소재공학전공,,,True,True,True
호서대학교,공과대학,그린에너지반도체공학부,,,True,True,True
호서대학교,자연과학대학,응용통계학과,,,True,True,True
호서대학교,사회과학대학,글로벌창업전공,,,True,True,True
동국대학교(WISE),자연과학계열,조경학과,,,True,True,True
동국대학교(WISE),자연과학계열,안전공학과,,,True,True,True
동국대학교(WISE),자연과학계열,기계부품시스템공학과,,,True,True,True
동국대학교(WISE),자연과학계열,원자력ㆍ에너지시스템공학과,,,True,True,True
동국대학교(WISE),자연과학계열,정보통신공학과,,,True,True,True
동국대학교(WISE),자연과학계열,컴퓨터공학과,,,True,True,True
동국대학교(WISE),자연과학계열,응용통계학과,,,True,True,True
동국대학교(WISE),자연과학계열,의생명공학과,,,True,True,True
동국대학교(WISE),인문과학계열,사회체육학과,,,True,True,True
동국대학교(WISE),인문과학계열,중어중문학과,,,True,True,True
동국대학교(WISE),인문과학계열,일어일문학과,,,True,True,True
동국대학교(WISE),인문과학계열,영어영문학과,,,True,True,True
동국대학교(WISE),인문과학계열,고고미술사학과,,,True,True,True
동국대학교(WISE),인문과학계열,국사학과,,,True,True,True
동국대학교(WISE),인문과학계열,국어국문학과,,,True,True,True
동국대학교(WISE),인문과학계열,미술학과,,,True,True,True
국민대학교,경영대학,빅데이터경영통계전공,,,True,True,True
배재대학교,하워드대학,실버보건학과(인문사회계열),,,True,True,True
국민대학교,예술대학,연극전공,,,True,True,True
국민대학교,예술대학,영화전공,,,True,True,True
국민대학교,자연과학대학,바이오발효융합학과,,,True,True,True
대구사이버대학교,단과대구분없음,행정학과,,,True,True,True
국민대학교,조형대학,자동차•운송디자인학과,,,True,True,True
국민대학교,문과대학,영어영문학부,,,True,True,True
국민대학교,문과대학,영미어문전공,,,True,True,True
국민대학교,문과대학,글로벌커뮤니케이션영어전공,,,True,True,True
호서대학교,사회과학대학,경영학전공,,,True,True,True
호서대학교,사회과학대학,디지털기술경영전공,,,True,True,True
한양대학교,사회과학대학,미디어커뮤니케이션학과,,,True,True,True
한양대학교,정책과학대학,행정학과,,,True,True,True
한양대학교,사회과학대학,사회학과,,,True,True,True
한양대학교,사회과학대학,정치외교학과,,,True,True,True
호서대학교,자연과학대학,임상병리학과,,,True,True,True
경북대학교,과학기술대학,나노소재공학부 나노공학전공,,,True,True,True
총신대학교,단과대구분없음,기독교교육과,,,True,True,True
호서대학교,예체능대학,디자인학부,,,True,True,True
가천대학교,예술대학,음악학부(작곡),,,True,True,True
가천대학교,예술대학,음악학부(성악),,,True,True,True
가천대학교,예술대학,음악학부(기악),,,True,True,True
가천대학교,예술대학,체육학부(태권도),,,True,True,True
가천대학교,예술대학,체육학부(체육),,,True,True,True
가천대학교,예술대학,미술·디자인학부(시각디자인),,,True,True,True
가천대학교,바이오나노대학,식품생물공학과,,,True,True,True
가천대학교,바이오나노대학,영양학과,,,True,True,True
가천대학교,IT대학,수학·금융정보학과,,,True,True,True
가천대학교,공과대학,기계공학과,,,True,True,True
가천대학교,예술대학,미술·디자인학부(산업디자인),,,True,True,True
가천대학교,예술대학,미술·디자인학부(회화·조소),,,True,True,True
가천대학교,예술대학,미술·디자인학부(패션디자인),,,True,True,True
가천대학교,인문대학,유럽어문학과,,,True,True,True
가천대학교,인문대학,동양어문학과,,,True,True,True
가천대학교,사회과학대학,유아교육학과,,,True,True,True
가천대학교,사회과학대학,사회복지학과,,,True,True,True
가천대학교,사회과학대학,언론영상광고학과,,,True,True,True
가천대학교,사회과학대학,행정학과,,,True,True,True
가천대학교,공과대학,설비플랜트·소방방재공학과,,,True,True,True
한국폴리텍 I 대학 서울정수캠퍼스,단과대구분없음,메카트로닉스과,,,True,True,True
경일대학교,공과대학,식품과학부,,,True,True,True
경일대학교,IT융복합대학,전기·철도공학부,,,True,True,True
호서대학교,공과대학,정보보호학전공,,,True,True,True
호서대학교,공과대학,디지털제어공학과,,,True,True,True
호서대학교,인문대학,청소년문화.상담학과,,,True,True,True
원광대학교,공공정책대학,봉황인재학과,,,True,True,True
원광대학교,의과대학,작업치료학과,,,True,True,True
국민대학교,교양대학,교양대학,,,True,True,True
한국방송통신대학교,프라임칼리지,첨단공학부  산업공학전공,,,True,True,True
호서대학교,자연과학대학,생명공학전공,,,True,True,True
세명대학교,예체능대학,공연영상학과,,,True,True,True
가천대학교,사회과학대학,응용통계학과,,,True,True,True
가천대학교,사회과학대학,헬스케어경영학과,,,True,True,True
가천대학교,사회과학대학,관광경영학과,,,True,True,True
배재대학교,김소월대학,미술디자인학부,,,True,True,True
신한대학교,과학기술융합대학,컴퓨터공학전공,,,True,True,True
신한대학교,과학기술융합대학,에너지환경공학과,,,True,True,True
신한대학교,간호대학,간호학과,,,True,True,True
광주대학교,보건복지교육대학,언어치료학과,,,True,True,True
광주대학교,보건복지교육대학,심리학과,,,True,True,True
고려사이버대학교,단과대구분없음,아동학과,,,True,True,True
고려사이버대학교,단과대구분없음,기계제어공학과,,,True,True,True
송원대학교,단과대구분없음,컴퓨터정보학과,,,True,True,True
송원대학교,단과대구분없음,뷰티예술학과,,,True,True,True
한신대학교,IT대학,수리금융학과,,,True,True,True
한신대학교,휴먼서비스대학,심리․아동학부,,,True,True,True
인제대학교,자연과학대학,컴퓨터응용과학부,,,True,True,True
신한대학교,과학기술융합대학,전자공학전공,,,True,True,True
신한대학교,글로벌비즈니스대학,국제어학과,,,True,True,True
삼육대학교,보건복지대학,보건관리학과,,,True,True,True
충북대학교,농업생명환경대학,식품생명공학과,,,True,True,True
대구한의대학교,글로벌경영대학,관광레저학과,,,True,True,True
대구한의대학교,공학디자인대학,패션뷰티전공,,,True,True,True
대구한의대학교,한방산업대학,향산업학과,,,True,True,True
대구한의대학교,공학디자인대학,패션・시각디자인학부,,,True,True,True
대구한의대학교,공학디자인대학,시각디자인전공,,,True,True,True
대구한의대학교,공학디자인대학,토목디자인전공,,,True,True,True
대구한의대학교,공학디자인대학,건축・토목디자인학부,,,True,True,True
대구한의대학교,공학디자인대학,산림조경학과,,,True,True,True
대구한의대학교,공학디자인대학,실내건축학과,,,True,True,True
대구한의대학교,공학디자인대학,융합콘텐츠전공,,,True,True,True
대구한의대학교,공학디자인대학,모바일콘텐츠학부,,,True,True,True
대구한의대학교,글로벌경영대학,데이터경영학과,,,True,True,True
대구한의대학교,글로벌경영대학,일본어과,,,True,True,True
대구한의대학교,글로벌경영대학,TESOL영어과,,,True,True,True
대구한의대학교,글로벌경영대학,한국어문학과,,,True,True,True
대구한의대학교,보건복지대학,실버스포츠산업학과,,,True,True,True
대구한의대학교,보건복지대학,노인복지학과,,,True,True,True
대구한의대학교,보건복지대학,소방방재환경학과,,,True,True,True
대구한의대학교,의과학대학,IT의료산업학과,,,True,True,True
대구한의대학교,의과학대학,임상병리학과,,,True,True,True
대구한의대학교,의과학대학,물리치료학과,,,True,True,True
대구한의대학교,의과학대학,한방스포츠의학과,,,True,True,True
대구한의대학교,의과학대학,한방의료공학과,,,True,True,True
이화여자대학교,예술대학,의류학과,,,True,True,True
이화여자대학교,조형예술대학,의류학과,,,True,True,True
이화여자대학교,건강과학대학,글로벌건강간호학전공,,,True,True,True
가천대학교,IT대학,수학정보학과,,,True,True,True
가천대학교,예술대학,태권도학과,,,True,True,True
가천대학교,예술대학,체육학과,,,True,True,True
가천대학교,예술대학,작곡과,,,True,True,True
가천대학교,예술대학,피아노과,,,True,True,True
가천대학교,예술대학,성악과,,,True,True,True
가천대학교,예술대학,산업디자인과,,,True,True,True
가천대학교,예술대학,시각디자인과,,,True,True,True
가천대학교,예술대학,조소과,,,True,True,True
가천대학교,IT대학,수리과학과,,,True,True,True
가천대학교,바이오나노대학,식품영양학과,,,True,True,True
가천대학교,사회과학대학,글로벌경제학과,,,True,True,True
충북대학교,공과대학,테크노산업공학과,,,True,True,True
상명대학교,조형예술대학,텍스타일아트전공,,,True,True,True
대진대학교,예술대학,기악전공,,,True,True,True
대진대학교,공과대학,전기전자통신공학부,,,True,True,True
대진대학교,예술대학,뉴미디어작곡전공,,,True,True,True
대진대학교,자연과학대학,수학물리학부,,,True,True,True
대진대학교,인문과학대학,한국어문학부,,,True,True,True
한서대학교,단과대구분없음,전자공학과,,,True,True,True
한서대학교,단과대구분없음,컴퓨터공학과,,,True,True,True
충남대학교,예술대학,디자인창의학과,,,True,True,True
충남대학교,농업생명과학대학,환경소재공학과,,,True,True,True
충남대학교,농업생명과학대학,지역환경토목학과,,,True,True,True
충남대학교,군사학부,해군학전공,,,True,True,True
충남대학교,군사학부,육군학전공,,,True,True,True
가톨릭관동대학교,공과대학,에너지자원공학전공,,,True,True,True
가톨릭관동대학교,공과대학,플랜트건설공학전공,,,True,True,True
가톨릭관동대학교,공과대학,에너지자원플랜트공학부,,,True,True,True
가천대학교,사회과학대학,국제통상학과,,,True,True,True
가천대학교,사회과학대학,경제학과,,,True,True,True
동양대학교,단과대구분없음,기계자동차디자인학부,,,True,True,True
동양대학교,단과대구분없음,인테리어리모델링학과,,,True,True,True
동양대학교,단과대구분없음,건축실내디자인학과,,,True,True,True
동양대학교,단과대구분없음,생명화학공학부,,,True,True,True
동양대학교,단과대구분없음,국방전자전기학과,,,True,True,True
동양대학교,단과대구분없음,사이버정보전학과,,,True,True,True
동양대학교,단과대구분없음,컴퓨터·정보통신군사학과,,,True,True,True
동의대학교,인문대학,평생교육·청소년상담학과,,,True,True,True
동의대학교,ICT공과대학,컴퓨터소프트웨어공학과,,,True,True,True
동의대학교,ICT공과대학,컴퓨터공학과,,,True,True,True
동의대학교,ICT공과대학,정보통신공학과,,,True,True,True
동의대학교,ICT공과대학,전자공학과,,,True,True,True
동의대학교,ICT공과대학,메카트로닉스공학과,,,True,True,True
동의대학교,ICT공과대학,전기공학과,,,True,True,True
동의대학교,ICT공과대학,영화학과,,,True,True,True
동의대학교,ICT공과대학,영상정보공학과,,,True,True,True
동의대학교,ICT공과대학,멀티미디어공학과,,,True,True,True
동의대학교,ICT공과대학,디지털콘텐츠공학과,,,True,True,True
동의대학교,ICT공과대학,게임공학과,,,True,True,True
동의대학교,예술ㆍ체육대학,태권도학과,,,True,True,True
동의대학교,예술ㆍ체육대학,체육학과,,,True,True,True
동의대학교,예술ㆍ체육대학,운동처방재활학과,,,True,True,True
동의대학교,예술ㆍ체육대학,레저스포츠학과,,,True,True,True
동의대학교,예술ㆍ체육대학,음악학과,,,True,True,True
동의대학교,예술ㆍ체육대학,산업디자인학과,,,True,True,True
동의대학교,예술ㆍ체육대학,미술학과,,,True,True,True
동의대학교,자연ㆍ생활과학대학,화학과,,,True,True,True
동의대학교,자연ㆍ생활과학대학,컴퓨터과학과,,,True,True,True
동의대학교,자연ㆍ생활과학대학,수학과,,,True,True,True
동의대학교,자연ㆍ생활과학대학,생명응용학과,,,True,True,True
동의대학교,자연ㆍ생활과학대학,분자생물학과,,,True,True,True
동의대학교,자연ㆍ생활과학대학,물리학과,,,True,True,True
동의대학교,자연ㆍ생활과학대학,데이터정보학과,,,True,True,True
동의대학교,자연ㆍ생활과학대학,패션디자인학과,,,True,True,True
동의대학교,자연ㆍ생활과학대학,식품영양학과,,,True,True,True
동의대학교,자연ㆍ생활과학대학,보육・가정상담학과,,,True,True,True
동의대학교,인문대학,철학상담・심리학과,,,True,True,True
인천가톨릭대학교,간호대학,간호학과(4년제),,,True,True,True
경남과학기술대학교,상경대학,전자상거래학과,,,True,True,True
경남과학기술대학교,상경대학,글로벌무역통상학과,,,True,True,True
총신대학교,단과대구분없음,중독재활상담학과,,,True,True,True
인제대학교,공과대학,제약공학과,,,True,True,True
대전대학교,공과대학,IT소프트웨어공학과,,,True,True,True
동국대학교,공과대학,생명화학공학전공,,,True,True,True
동국대학교,생명과학대학,식품과학부 식품공학전공,,,True,True,True
동국대학교,생명과학대학,바이오학부 의생명공학전공,,,True,True,True
동국대학교,바이오시스템대학,식품과학부 식품산업시스템전공,,,True,True,True
동국대학교,바이오시스템대학,식품과학부 식품공학전공,,,True,True,True
동국대학교,바이오시스템대학,바이오학부 의생명공학전공,,,True,True,True
동국대학교,사회과학대학,국제통상학부,,,True,True,True
동국대학교,사회과학대학,국제통상학부 글로벌무역학전공,,,True,True,True
동국대학교,불교대학,불교사회복지학과,,,True,True,True
동국대학교,사회과학대학,국제통상학부 국제통상학전공,,,True,True,True
동국대학교,사회과학대학,경제학과,,,True,True,True
신한대학교,과학기술융합대학,섬유소재공학과,,,True,True,True
경북대학교,과학기술대학,식품과학부 식품공학전공,,,True,True,True
삼육대학교,보건복지대학,사회복지학과,,,True,True,True
경일대학교,단과대구분없음,철도학부,,,True,True,True
단국대학교,생명자원과학대학,환경원예학과,,,True,True,True
단국대학교,생명자원과학대학,녹지조경학과,,,True,True,True
단국대학교,경상대학,경영학전공,,,True,True,True
단국대학교,공학대학,에너지공학과,,,True,True,True
단국대학교,경상대학,경제학전공,,,True,True,True
단국대학교,공학대학,전자공학과,,,True,True,True
단국대학교,법정대학,행정학전공,,,True,True,True
단국대학교,공학대학,멀티미디어공학과,,,True,True,True
단국대학교,단과대구분없음,공학대학,,,True,True,True
단국대학교,공학대학,토목환경공학과,,,True,True,True
단국대학교,경상대학,무역학전공,,,True,True,True
단국대학교,공학대학,응용화학공학과,,,True,True,True
단국대학교,법정대학,법정학부,,,True,True,True
단국대학교,공학대학,컴퓨터과학과,,,True,True,True
단국대학교,경상대학,무역학과,,,True,True,True
단국대학교,생명자원과학대학,식량생명공학과,,,True,True,True
단국대학교,단과대구분없음,예술대학,,,True,True,True
단국대학교,생명자원과학대학,동물자원학과,,,True,True,True
단국대학교,경상대학,경영학부,,,True,True,True
단국대학교,체육대학,태권도학과,,,True,True,True
단국대학교,예술대학,서양화과,,,True,True,True
단국대학교,법정대학,행정학과,,,True,True,True
단국대학교,인문과학대학,프랑스어과,,,True,True,True
단국대학교,예술대학,생활음악과,,,True,True,True
단국대학교,체육대학,생활체육학과,,,True,True,True
단국대학교,예술대학,동양화과,,,True,True,True
단국대학교,행정복지대학,공공관리학과,,,True,True,True
단국대학교,경상대학,경영학과,,,True,True,True
가천대학교,예술대학,태권도.경호학과,,,True,True,True
가천대학교,예술대학,사회체육학과,,,True,True,True
가천대학교,예술대학,섬유미술과,,,True,True,True
가천대학교,사회과학대학,글로벌헬스케어경영학과,,,True,True,True
가천대학교,사회과학대학,무역학과,,,True,True,True
가천대학교,예술대학,연기예술과,,,True,True,True
단국대학교,인문과학대학,역사학과,,,True,True,True
단국대학교,예술대학,공예전공,,,True,True,True
단국대학교,스포츠과학대학,국제스포츠학과,,,True,True,True
단국대학교,예술대학,시각디자인과,,,True,True,True
단국대학교,체육대학,스포츠과학부,,,True,True,True
단국대학교,경상대학,국제통상학부,,,True,True,True
단국대학교,체육대학,운동처방재활학과,,,True,True,True
단국대학교,외국어대학,독일어과,,,True,True,True
단국대학교,예술대학,동양화전공,,,True,True,True
단국대학교,법정대학,법무행정학과,,,True,True,True
단국대학교,외국어대학,러시아어과,,,True,True,True
단국대학교,예술대학,공예과,,,True,True,True
단국대학교,외국어대학,몽골학과,,,True,True,True
단국대학교,국제학부,글로벌경영학전공,,,True,True,True
단국대학교,자연과학대학,물리학과,,,True,True,True
단국대학교,자연과학대학,미생물학전공,,,True,True,True
단국대학교,인문과학대학,한국어문학과,,,True,True,True
단국대학교,행정복지대학,법무행정학과,,,True,True,True
단국대학교,예술대학,서양화전공,,,True,True,True
단국대학교,의과대학,의학과,,,True,True,True
단국대학교,자연과학대학,분자생물학전공,,,True,True,True
단국대학교,치과대학,치의학과,,,True,True,True
단국대학교,치과대학,치의예과,,,True,True,True
단국대학교,행정복지대학,사회복지학과,,,True,True,True
단국대학교,자연과학대학,생명과학부,,,True,True,True
단국대학교,약학대학,약학과,,,True,True,True
단국대학교,스포츠과학대학,생활체육학과,,,True,True,True
단국대학교,자연과학대학,수학과,,,True,True,True
단국대학교,의과대학,의예과,,,True,True,True
단국대학교,외국어대학,스페인어과,,,True,True,True
단국대학교,행정복지대학,심리학과,,,True,True,True
단국대학교,외국어대학,영어과,,,True,True,True
단국대학교,스포츠과학대학,운동처방재활학과,,,True,True,True
단국대학교,외국어대학,일본어과,,,True,True,True
단국대학교,외국어대학,중국어과,,,True,True,True
단국대학교,외국어대학,중동학과,,,True,True,True
단국대학교,치과대학,치위생학과,,,True,True,True
단국대학교,외국어대학,프랑스어과,,,True,True,True
단국대학교,스포츠과학대학,스포츠경영학과,,,True,True,True
단국대학교,단과대구분없음,융합기술대학,,,True,True,True
단국대학교,공과대학,고분자공학과,,,True,True,True
단국대학교,음악대학,피아노과,,,True,True,True
단국대학교,음악대학,관현악과,,,True,True,True
단국대학교,상경대학,마이스터경영학과,,,True,True,True
단국대학교,상경대학,경제통상학부,,,True,True,True
단국대학교,문과대학,영미인문학과,,,True,True,True
단국대학교,국제학부,모바일시스템공학전공,,,True,True,True
경성대학교,예술종합대학,디지털영상학과,,,True,True,True
경성대학교,예술종합대학,디지털애니메이션학과,,,True,True,True
경성대학교,단과대구분없음,디지털미디어학부,,,True,True,True
경성대학교,단과대구분없음,디지털미디어전공,,,True,True,True
경성대학교,예술종합대학,영화학과,,,True,True,True
경성대학교,예술종합대학,연극학과,,,True,True,True
동명대학교,공과대학,조선해양공학과,,,True,True,True
동명대학교,보건복지교육대학,식품영양학과,,,True,True,True
서경대학교,이공대학,산업경영시스템공학과,,,True,True,True
배재대학교,김소월대학,실용음악과,,,True,True,True
배재대학교,하워드대학,한국어문학과,,,True,True,True
배재대학교,하워드대학,TESOL·비즈니스영어학과,,,True,True,True
배재대학교,아펜젤러대학,신소재공학과,,,True,True,True
배재대학교,아펜젤러대학,사이버보안학과,,,True,True,True
배재대학교,하워드대학,스페인・중남미학과,,,True,True,True
배재대학교,김소월대학,피아노과,,,True,True,True
배재대학교,김소월대학,미디어콘텐츠학과,,,True,True,True
배재대학교,하워드대학,항공운항과,,,True,True,True
배재대학교,김소월대학,연극영화학과,,,True,True,True
배재대학교,서재필대학,공공정책학과,,,True,True,True
배재대학교,김소월대학,비주얼디자인전공,,,True,True,True
배재대학교,서재필대학,공무원법학과,,,True,True,True
배재대학교,서재필대학,정치언론안보학과,,,True,True,True
배재대학교,하워드대학,심리철학상담학과,,,True,True,True
배재대학교,김소월대학,회화전공,,,True,True,True
배재대학교,아펜젤러대학,전기공학과,,,True,True,True
배재대학교,아펜젤러대학,컴퓨터수학과,,,True,True,True
배재대학교,하워드대학,가정교육과,,,True,True,True
단국대학교,공공인재대학,공공관리학과,,,True,True,True
단국대학교,융합기술대학,디스플레이공학과,,,True,True,True
단국대학교,보건과학대학,물리치료학과,,,True,True,True
단국대학교,자연과학대학,미생물학과,,,True,True,True
단국대학교,보건과학대학,보건행정학과,,,True,True,True
단국대학교,자연과학대학,분자생물학과,,,True,True,True
단국대학교,공공인재대학,사회복지학과,,,True,True,True
단국대학교,공공인재대학,산업경영학과,,,True,True,True
단국대학교,융합기술대학,산업공학과,,,True,True,True
단국대학교,자연과학대학,생명과학과,,,True,True,True
단국대학교,융합기술대학,식품공학과,,,True,True,True
단국대학교,공공인재대학,심리학과,,,True,True,True
단국대학교,융합기술대학,에너지공학과,,,True,True,True
단국대학교,단과대구분없음,외국어대학,,,True,True,True
단국대학교,보건과학대학,임상병리학과,,,True,True,True
단국대학교,융합기술대학,제약공학과,,,True,True,True
단국대학교,보건과학대학,치위생학과,,,True,True,True
단국대학교,외국어대학,포르투갈(브라질어)과,,,True,True,True
단국대학교,공공인재대학,해병대군사학과,,,True,True,True
단국대학교,공공인재대학,환경자원경제학과,,,True,True,True
단국대학교,융합기술대학,신소재공학과,,,True,True,True
한남대학교,경상대학,중국경제통상학과,,,True,True,True
한남대학교,생명ㆍ나노과학대학,화학공학과,,,True,True,True
한남대학교,경상대학,컨벤션호텔경영학과,,,True,True,True
한남대학교,문과대학,철학상담학과,,,True,True,True
한남대학교,법과대학,법무법학전공,,,True,True,True
남부대학교,단과대구분없음,IT디자인학과,,,True,True,True
남부대학교,단과대구분없음,기계시스템공학과(계약학과),,,True,True,True
연세대학교,상경대학,응용통계학과,,,True,True,True
동국대학교(WISE),불교문화대학,불교아동보육학과,,,True,True,True
한국산업기술대학교(산업대),단과대구분없음,전자제어공학과,,,True,True,True
광주여자대학교,단과대구분없음,서비스경영학과,,,True,True,True
경동대학교,단과대구분없음,한국어교원학과,,,True,True,True
경동대학교,단과대구분없음,체육학과,,,True,True,True
경동대학교,단과대구분없음,해양심층수융복합학과,,,True,True,True
중앙대학교,산업과학대학,정보시스템학과,,,True,True,True
중앙대학교,산업과학대학,생명공학과,,,True,True,True
세종대학교,예체능대학,향장뷰티산업학과,,,True,True,True
세종대학교,호텔관광대학,호텔외식비즈니스학과,,,True,True,True
성공회대학교,단과대구분없음,컴퓨터공학과,,,True,True,True
세종대학교,호텔관광대학,호텔외식관광프랜차이즈경영학과,,,True,True,True
세종대학교,공과대학,항공시스템공학과,,,True,True,True
세종대학교,생명과학대학,바이오융합공학과,,,True,True,True
고려대학교(세종),과학기술대학,식품생명공학과,,,True,True,True
한세대학교,단과대구분없음,국제언어학부,,,True,True,True
숭실사이버대학교,단과대구분없음,건설시스템공학과,,,True,True,True
숭실사이버대학교,단과대구분없음,노인복지학과,,,True,True,True
숭실사이버대학교,단과대구분없음,융합정보보안학과,,,True,True,True
중원대학교,예체능대학,태권도경호학과,,,True,True,True
중원대학교,예체능대학,연극영화학과,,,True,True,True
중원대학교,이공대학,생약자원개발학과,,,True,True,True
중원대학교,이공대학,방재안전공학과,,,True,True,True
중원대학교,이공대학,한방식품바이오학과,,,True,True,True
중원대학교,인문사회과학대학,국제통상학과,,,True,True,True
중원대학교,인문사회과학대학,경영학과,,,True,True,True
중원대학교,인문사회과학대학,일본어학과,,,True,True,True
중원대학교,인문사회과학대학,중국어학과,,,True,True,True
중원대학교,인문사회과학대학,영어학과,,,True,True,True
중원대학교,단과대구분없음,항공정비학과,,,True,True,True
중원대학교,단과대구분없음,항공운항학과,,,True,True,True
중원대학교,단과대구분없음,항공학부,,,True,True,True
숭실사이버대학교,단과대구분없음,이공계열,,,True,True,True
중원대학교,인문사회과학대학,종교문화콘텐츠학과,,,True,True,True
추계예술대학교,문학ㆍ영상대학,영상시나리오과,,,True,True,True
연세대학교(미래),과학기술대학,반도체시스템공학부,,,True,True,True
한국폴리텍 VI 대학 영주캠퍼스,단과대구분없음,스마트전자과,,,True,True,True
동신대학교,인문사회과학대학,중국어학과,,,True,True,True
동신대학교,인문사회과학대학,유아교육학과,,,True,True,True
동신대학교,인문사회과학대학,소방행정학과,,,True,True,True
동신대학교,인문사회과학대학,경찰행정학과,,,True,True,True
동신대학교,문화관광대학,생활체육학과,,,True,True,True
동신대학교,인문사회과학대학,한국어교원학과,,,True,True,True
동신대학교,인문사회과학대학,아동영어교육학과,,,True,True,True
동신대학교,인문사회과학대학,관광일본어학과,,,True,True,True
연세대학교(미래),동아시아국제학부,Bio-health Engineering,,,True,True,True
연세대학교(미래),동아시아국제학부,Biomedical Science,,,True,True,True
연세대학교(미래),과학기술대학,반도체공학전공,,,True,True,True
연세대학교(미래),과학기술대학,산업공학전공,,,True,True,True
대구가톨릭대학교,음악대학,작곡·실용음악과,,,True,True,True
한세대학교,단과대구분없음,산업보안학과,,,True,True,True
한세대학교,단과대구분없음,중국어전공,,,True,True,True
한세대학교,단과대구분없음,영어전공,,,True,True,True
세한대학교,단과대구분없음,생활체육학과,,,True,True,True
세한대학교,단과대구분없음,태권도학과,,,True,True,True
세한대학교,단과대구분없음,방송영화학과,,,True,True,True
세한대학교,단과대구분없음,해양레저장비학과,,,True,True,True
세한대학교,단과대구분없음,정보물류학과,,,True,True,True
세한대학교,단과대구분없음,교정보호학과,,,True,True,True
세한대학교,단과대구분없음,아동보육상담학과,,,True,True,True
세한대학교,단과대구분없음,중국학과,,,True,True,True
세한대학교,단과대구분없음,관광중국어학과,,,True,True,True
세한대학교,단과대구분없음,국제실용음악학과,,,True,True,True
금오공과대학교,단과대구분없음,산업경영공학과,,,True,True,True
금오공과대학교,단과대구분없음,경영컨설팅학과,,,True,True,True
금오공과대학교,단과대구분없음,산업경영공학전공,,,True,True,True
나사렛대학교,단과대구분없음,언어치료학과,,,True,True,True
나사렛대학교,단과대구분없음,재활공학과,,,True,True,True
나사렛대학교,단과대구분없음,기독교교육학전공,,,True,True,True
나사렛대학교,단과대구분없음,기독교상담학전공,,,True,True,True
고려대학교,공과대학,건축・사회환경공학과,,,True,True,True
고려대학교,공과대학,건축사회환경시스템공학부,,,True,True,True
고려대학교,공과대학,건축・사회환경공학부,,,True,True,True
강릉원주대학교,예술체육대학,패션디자인학과,,,True,True,True
강릉원주대학교,보건복지대학,다문화학과,,,True,True,True
강릉원주대학교,보건복지대학,복지학과,,,True,True,True
인천대학교,공과대학,에너지화학공학과,,,True,True,True
인천대학교,생명과학기술대학,나노바이오전공,,,True,True,True
전남대학교,공학대학,건축디자인학과,,,True,True,True
나사렛대학교,단과대구분없음,인간재활학과,,,True,True,True
을지대학교,보건과학대학,의료공학과,,,True,True,True
을지대학교,보건산업대학,의료IT마케팅학과,,,True,True,True
조선대학교,자연과학대학,의생명과학과,,,True,True,True
조선대학교,전자정보공과대학,컴퓨터공학과,,,True,True,True
백석대학교,단과대구분없음,문화예술학부 방송영상전공,,,True,True,True
백석대학교,단과대구분없음,관광학부 항공서비스전공,,,True,True,True
목원대학교,미술대학,미술학부 기독교미술전공,,,True,True,True
목원대학교,미술ㆍ디자인대학,섬유・패션디자인학과,,,True,True,True
목원대학교,사회과학대학,경제학과,,,True,True,True
목원대학교,테크노과학대학,의생명·보건학부,,,True,True,True
목원대학교,공과대학,정보통신융합공학부,,,True,True,True
목원대학교,테크노과학대학,스포츠건강관리학과,,,True,True,True
목원대학교,인문대학,국제문화학과,,,True,True,True
조선대학교,보건과학대학,작업치료학과,,,True,True,True
조선대학교,보건과학대학,언어치료학과,,,True,True,True
조선대학교,보건과학대학,상담심리학과,,,True,True,True
조선대학교,미술대학,만화・애니메이션학과,,,True,True,True
조선대학교,자연과학대학,생명과학과,,,True,True,True
조선대학교,보건과학대학,기초의과학부,,,True,True,True
조선대학교,미술대학,시각디자인학과,,,True,True,True
조선대학교,미술대학,회화학과(한국화전공),,,True,True,True
조선대학교,미술대학,회화학과(서양화전공),,,True,True,True
조선대학교,체육대학,스포츠산업학과,,,True,True,True
조선대학교,체육대학,체육학과,,,True,True,True
조선대학교,외국어대학,독일어문화학과,,,True,True,True
조선대학교,공과대학,용접.접합과학공학과,,,True,True,True
조선대학교,공과대학,재료공학과,,,True,True,True
조선대학교,공과대학,기계시스템공학과,,,True,True,True
조선대학교,사회과학대학,행정복지학부(사회복지학전공),,,True,True,True
조선대학교,사회과학대학,행정복지학부(행정학전공),,,True,True,True
조선대학교,사회과학대학,행정복지학부,,,True,True,True
조선대학교,사회과학대학,군사학과,,,True,True,True
조선대학교,법과대학,경찰행정학과,,,True,True,True
조선대학교,인문과학대학,역사문화학과,,,True,True,True
동덕여자대학교,정보대학,데이터정보전공,,,True,True,True
동덕여자대학교,정보과학대학,정보학부 데이터정보전공,,,True,True,True
순천향대학교,단과대구분없음,신뢰성품질공학과,,,True,True,True
한국폴리텍 I 대학 서울정수캠퍼스,단과대구분없음,정보통신시스템과,,,True,True,True
대구가톨릭대학교,단과대구분없음,스포츠의학전공,,,True,True,True
세명대학교,자연과학대학,한방화장품과학과,,,True,True,True
전남대학교,공과대학,건축도시설계전공(5년),,,True,True,True
목원대학교,음악대학,건반악학부,,,True,True,True
목원대학교,사회과학대학,마케팅정보컨설팅학과,,,True,True,True
서울과학기술대학교,공과대학,친환경건축시스템공학과,,,True,True,True
건국대학교(글로컬),과학기술대학,나노전자기계공학과,,,True,True,True
한국외국어대학교,통번역대학,TESOL영어학전공,,,True,True,True
한국외국어대학교,경상대학,경영정보학과,,,True,True,True
한국외국어대학교,경상대학,경제학과,,,True,True,True
한국외국어대학교,경상대학,국제경영학과,,,True,True,True
한국외국어대학교,국제지역대학,국제스포츠레저전공,,,True,True,True
한국외국어대학교,국제지역대학,국제스포츠레저학부,,,True,True,True
한국외국어대학교,통번역대학,영어통번역학부,,,True,True,True
한국외국어대학교,국제지역대학,그리스・불가리아학과,,,True,True,True
한국외국어대학교,국제지역대학,남아프리카어전공,,,True,True,True
한국외국어대학교,통번역대학,영어통번역학전공,,,True,True,True
한국외국어대학교,통번역대학,독일어통번역학과,,,True,True,True
한국외국어대학교,국제지역대학,동아프리카어전공,,,True,True,True
한국외국어대학교,공과대학,디지털정보공학과,,,True,True,True
한국외국어대학교,국제지역대학,러시아학과,,,True,True,True
한국외국어대학교,통번역대학,영어학전공,,,True,True,True
한국외국어대학교,동유럽학대학,루마니아어과,,,True,True,True
한국외국어대학교,통번역대학,말레이・인도네시아어통번역학과,,,True,True,True
한국외국어대학교,동유럽학대학,우크라이나어과,,,True,True,True
한국외국어대학교,국제지역대학,브라질학과,,,True,True,True
한국외국어대학교,단과대구분없음,이공계자유전공학부,,,True,True,True
한국외국어대학교,인문대학,사학과,,,True,True,True
한국외국어대학교,통번역대학,이탈리아어통번역학과,,,True,True,True
한국외국어대학교,공과대학,산업경영공학과,,,True,True,True
한국외국어대학교,자연과학대학,생명공학과,,,True,True,True
한국외국어대학교,국제지역대학,인도학과,,,True,True,True
한국외국어대학교,국제지역대학,서아프리카어전공,,,True,True,True
한국외국어대학교,동유럽학대학,세르비아・크로아티아어과,,,True,True,True
한국외국어대학교,인문대학,인문대학,,,True,True,True
한국외국어대학교,자연과학대학,수학과,,,True,True,True
한국외국어대학교,통번역대학,스페인어통번역학과,,,True,True,True
한국외국어대학교,통번역대학,아랍어통번역학과,,,True,True,True
한국외국어대학교,국제지역대학,아프리카어과,,,True,True,True
한국외국어대학교,국제지역대학,아프리카학부,,,True,True,True
한국외국어대학교,인문대학,언어인지과학과,,,True,True,True
한국외국어대학교,통번역대학,일본어통번역학과,,,True,True,True
한국외국어대학교,통번역대학,영미권통상통번역전공,,,True,True,True
한국외국어대학교,공과대학,전자공학과,,,True,True,True
한국외국어대학교,통번역대학,영미문학번역전공,,,True,True,True
한국외국어대학교,통번역대학,영미문학전공,,,True,True,True
한국외국어대학교,자연과학대학,전자물리학과,,,True,True,True
한국외국어대학교,통번역대학,영미지역학전공,,,True,True,True
한국외국어대학교,공과대학,정보통신공학과,,,True,True,True
한국외국어대학교,통번역대학,영어과,,,True,True,True
한국외국어대학교,통번역대학,중국어통번역학과,,,True,True,True
한국외국어대학교,동유럽학대학,폴란드어과,,,True,True,True
한국외국어대학교,국제지역대학,중앙아시아학과,,,True,True,True
한국외국어대학교,국제지역대학,프랑스학과,,,True,True,True
한국외국어대학교,인문대학,철학과,,,True,True,True
한국외국어대학교,국제지역대학,한국학과,,,True,True,True
한국외국어대학교,동유럽학대학,헝가리어과,,,True,True,True
한국외국어대학교,자연과학대학,화학과,,,True,True,True
한국외국어대학교,동유럽학대학,체코슬로바키아어과,,,True,True,True
한국외국어대학교,자연과학대학,환경학과,,,True,True,True
한국폴리텍 V 대학 전남캠퍼스,단과대구분없음,전기과,,,True,True,True
한국외국어대학교,공과대학,컴퓨터공학과,,,True,True,True
한국외국어대학교,통번역대학,태국어통번역학과,,,True,True,True
한국외국어대학교,자연과학대학,통계학과,,,True,True,True
한국외국어대학교,통번역대학,통번역학전공,,,True,True,True
유원대학교,단과대구분없음,스마트IT학부,,,True,True,True
유원대학교,단과대구분없음,미디어콘텐츠전공,,,True,True,True
유원대학교,단과대구분없음,스마트폰전공,,,True,True,True
유원대학교,단과대구분없음,정보통신보안학과,,,True,True,True
유원대학교,단과대구분없음,컴퓨터공학전공,,,True,True,True
유원대학교,단과대구분없음,토목환경공학과,,,True,True,True
유원대학교,단과대구분없음,간호학과,,,True,True,True
유원대학교,단과대구분없음,물리치료학과,,,True,True,True
유원대학교,단과대구분없음,뷰티케어과,,,True,True,True
유원대학교,단과대구분없음,언어치료학과,,,True,True,True
유원대학교,단과대구분없음,와인발효식품학과,,,True,True,True
유원대학교,단과대구분없음,의료경영학과,,,True,True,True
유원대학교,단과대구분없음,작업치료학과,,,True,True,True
유원대학교,단과대구분없음,치위생학과,,,True,True,True
유원대학교,단과대구분없음,호텔외식조리학과,,,True,True,True
유원대학교,단과대구분없음,화장품학과,,,True,True,True
유원대학교,단과대구분없음,사회복지학부,,,True,True,True
유원대학교,단과대구분없음,사회복지학전공,,,True,True,True
유원대학교,단과대구분없음,요양관리학전공,,,True,True,True
유원대학교,단과대구분없음,유아교육과,,,True,True,True
유원대학교,단과대구분없음,중등특수교육과,,,True,True,True
유원대학교,단과대구분없음,초등특수교육과,,,True,True,True
유원대학교,단과대구분없음,경영학과,,,True,True,True
유원대학교,단과대구분없음,경찰경호무도학과,,,True,True,True
유원대학교,단과대구분없음,경찰행정학부,,,True,True,True
유원대학교,단과대구분없음,도시행정학과,,,True,True,True
유원대학교,단과대구분없음,스마트디자인학과,,,True,True,True
유원대학교,단과대구분없음,일본어과,,,True,True,True
유원대학교,단과대구분없음,체육학과,,,True,True,True
유원대학교,단과대구분없음,호텔관광항공영어과,,,True,True,True
유원대학교,단과대구분없음,발명특허학과,,,True,True,True
유원대학교,단과대구분없음,건축공학과,,,True,True,True
세한대학교,단과대구분없음,나노화학환경공학과,,,True,True,True
조선대학교,공과대학,생명화학고분자공학과,,,True,True,True
건국대학교(글로컬),의료생명대학,동물성식품소재학전공 트랙,,,True,True,True
건국대학교(글로컬),의료생명대학,식품생명과학부,,,True,True,True
건국대학교(글로컬),의료생명대학,생명공학과,,,True,True,True
건국대학교(글로컬),미디어커뮤니케이션대학,커뮤니케이션문화학부,,,True,True,True
건국대학교(글로컬),미디어커뮤니케이션대학,미디어문예창작전공 트랙,,,True,True,True
건국대학교(글로컬),미디어커뮤니케이션대학,동화미디어콘텐츠학과,,,True,True,True
건국대학교(글로컬),공공인재대학,자율전공학부,,,True,True,True
배재대학교,하워드대학,중국학과,,,True,True,True
가천대학교,예술대학,의상학과,,,True,True,True
용인대학교,보건복지대학,뷰티케어학과,,,True,True,True
용인대학교,자연과학대학,컴퓨터정보학과,,,True,True,True
용인대학교,산업정보대학,컴퓨터정보학부,,,True,True,True
부경대학교,직할학부,글로벌자율전공학부,,,True,True,True
부경대학교,수산과학대학,해양수산경영학과,,,True,True,True
선문대학교,공과대학,신소재공학과,,,True,True,True
선문대학교,공과대학,나노화학과,,,True,True,True
선문대학교,공과대학,산업경영공학과,,,True,True,True
선문대학교,건강보건대학,스포츠과학과,,,True,True,True
선문대학교,공과대학,환경생명화학공학과,,,True,True,True
부산디지털대학교,단과대구분없음,상담치료학부,,,True,True,True
제주대학교,공과대학,메카트로닉스공학과,,,True,True,True
제주대학교,자연과학대학,화학전공,,,True,True,True
제주대학교,자연과학대학,코스메틱스전공,,,True,True,True
제주대학교,자연과학대학,화학·코스메틱스학부,,,True,True,True
한국국제대학교,예술체육대학,음악공연학부,,,True,True,True
한양사이버대학교,단과대구분없음,해킹보안학과,,,True,True,True
한양사이버대학교,단과대구분없음,법학과,,,True,True,True
한양사이버대학교,단과대구분없음,자동차IT융합공학과,,,True,True,True
서원대학교,단과대구분없음,미술학과,,,True,True,True
강원대학교,보건과학대학,방송미디어과학과,,,True,True,True
강원대학교,농업생명과학대학,생물자원과학부(응용생물학전공),,,True,True,True
강원대학교,농업생명과학대학,생물자원과학부(식물자원응용과학전공),,,True,True,True
강원대학교,동물생명과학대학,동물응용과학부(축산식품과학전공),,,True,True,True
강원대학교,동물생명과학대학,동물자원과학부 사료생산과학전공,,,True,True,True
강원대학교,동물생명과학대학,동물자원과학부(축산과학전공),,,True,True,True
강원대학교,동물생명과학대학,동물응용과학부(동물생명공학전공),,,True,True,True
강원대학교,자연과학대학,지질․지구물리학부 지구물리학전공,,,True,True,True
강원대학교,자연과학대학,지질․지구물리학부(지질학전공),,,True,True,True
강원대학교,의생명과학대학,생물의소재공학과,,,True,True,True
강원대학교,의생명과학대학,시스템면역과학과,,,True,True,True
상명대학교,소프트웨어대학,미디어소프트웨어학과,,,True,True,True
강릉원주대학교,보건복지대학,간호학과,,,True,True,True
강릉원주대학교,보건복지대학,유아교육과,,,True,True,True
강릉원주대학교,과학기술대학,산업정보경영공학과,,,True,True,True
강릉원주대학교,예술체육대학,음악과,,,True,True,True
청운대학교,호텔관광대학,관광경영학과,,,True,True,True
청주대학교,경상대학,중국통상학과,,,True,True,True
청주대학교,인문대학,중어중문학과,,,True,True,True
한국폴리텍 I 대학 성남캠퍼스,단과대구분없음,스마트시스템제어과,,,True,True,True
한국폴리텍 I 대학 성남캠퍼스,단과대구분없음,금형디자인과,,,True,True,True
경희대학교,생명과학대학,한방재료공학과,,,True,True,True
청주대학교,이공대학,바이오메디컬학과,,,True,True,True
청주대학교,이공대학,제약공학과,,,True,True,True
부산외국어대학교,아시아대학,중국학부,,,True,True,True
부산외국어대학교,이공대학,사회체육학부,,,True,True,True
부산외국어대학교,유럽미주대학,영어통번역과,,,True,True,True
부산외국어대학교,아시아대학,커뮤니케이션일본어과,,,True,True,True
서울디지털대학교,단과대구분없음,미디어영상학과,,,True,True,True
전북대학교,공과대학,양자시스템공학과,,,True,True,True
한국폴리텍 III 대학 춘천캠퍼스,단과대구분없음,산업설비과,,,True,True,True
가야대학교(고령),단과대구분없음,자율전공학부,,,True,True,True
가야대학교(김해),단과대구분없음,작업치료학과,,,True,True,True
가야대학교(김해),단과대구분없음,방사선학과,,,True,True,True
가야대학교(김해),단과대구분없음,언어치료청각학과,,,True,True,True
가야대학교(김해),단과대구분없음,안경광학과,,,True,True,True
가야대학교(김해),단과대구분없음,간호학과,,,True,True,True
가야대학교(김해),단과대구분없음,경찰행정학과,,,True,True,True
가야대학교(김해),단과대구분없음,교양학부,,,True,True,True
가야대학교(김해),단과대구분없음,초등특수교육과,,,True,True,True
가야대학교(김해),단과대구분없음,사회복지학과,,,True,True,True
가야대학교(김해),단과대구분없음,특수체육교육과,,,True,True,True
가야대학교(김해),단과대구분없음,귀금속주얼리학과,,,True,True,True
가야대학교(김해),단과대구분없음,물리치료학과,,,True,True,True
가야대학교(김해),단과대구분없음,항만물류학부,,,True,True,True
대구예술대학교,단과대구분없음,교회실용음악전공,,,True,True,True
제주대학교,공과대학,기계공학과,,,True,True,True
강원대학교,농업생명과학대학,농생명산업학과,,,True,True,True
경일대학교,예체능대학,사진영상학과,,,True,True,True
강원대학교,자연과학대학,지질․지구물리학부 (지구물리학전공),,,True,True,True
강원대학교,동물생명과학대학,동물자원과학부 (사료생산과학전공),,,True,True,True
한국열린사이버대학교,자연예술대학,뷰티건강디자인학과,,,True,True,True
한국열린사이버대학교,인문사회대학,경찰보안학과,,,True,True,True
한국열린사이버대학교,인문사회대학,통합예술치료학과,,,True,True,True
한국열린사이버대학교,인문사회대학,교정사회복지학과,,,True,True,True
부산가톨릭대학교,간호대학,노인복지보건학과,,,True,True,True
전북대학교,단과대구분없음,국제학부,,,True,True,True
순복음총회신학교,단과대구분없음,스포츠복지학과,,,True,True,True
상명대학교,소프트웨어대학,컴퓨터과학전공,,,True,True,True
대구가톨릭대학교,의과대학,의예과,,,True,True,True
대구가톨릭대학교,글로벌비즈니스대학,호텔경영학과,,,True,True,True
대구가톨릭대학교,글로벌비즈니스대학,관광경영학과,,,True,True,True
대구가톨릭대학교,글로벌비즈니스대학,무역학과,,,True,True,True
대구가톨릭대학교,글로벌비즈니스대학,중어중국학과,,,True,True,True
대구가톨릭대학교,글로벌비즈니스대학,경제금융부동산학과,,,True,True,True
대구가톨릭대학교,글로벌비즈니스대학,경영학과,,,True,True,True
대구가톨릭대학교,음악대학,무용학과,,,True,True,True
대구가톨릭대학교,글로벌비즈니스대학,러시아어과,,,True,True,True
대구가톨릭대학교,글로벌비즈니스대학,일어일문학과,,,True,True,True
대구가톨릭대학교,글로벌비즈니스대학,한국어교육전공,,,True,True,True
대구가톨릭대학교,글로벌비즈니스대학,한국어문학부,,,True,True,True
대구가톨릭대학교,글로벌비즈니스대학,국어국문학전공,,,True,True,True
대구가톨릭대학교,글로벌비즈니스대학,경영정보학과,,,True,True,True
한밭대학교,경상대학,기업경영학과,,,True,True,True
한밭대학교,공과대학,생산경영공학과,,,True,True,True
가천대학교,보건과학대학,의공학과,,,True,True,True
카이스트(KAIST/한국과학기술원),인문사회융합과학대학,기술경영학과(IT경영학),,,True,True,True
가천대학교,예술대학,관현악과,,,True,True,True
가천대학교,예술대학,회화과,,,True,True,True
호서대학교,사회과학대학,경영학부,,,True,True,True
호서대학교,공과대학,해양IT공학전공,,,True,True,True
경기대학교,사회과학대학,법학부 법학과,,,True,True,True
창원대학교,공과대학,환경공학과,,,True,True,True
창원대학교,공과대학,화공시스템공학과,,,True,True,True
목원대학교,미술ㆍ디자인대학,미술학부 서양화전공,,,True,True,True
목원대학교,미술ㆍ디자인대학,미술학부 기독교미술전공,,,True,True,True
목원대학교,미술ㆍ디자인대학,미술학부,,,True,True,True
목원대학교,미술ㆍ디자인대학,미술학부 한국화전공,,,True,True,True
경기대학교,사회과학대학,국제학부 국제산업정보학과,,,True,True,True
경주대학교,문화예술대학,시각디자인학과,,,True,True,True
목원대학교,공과대학,융합컴퓨터·미디어학부,,,True,True,True
목원대학교,공과대학,건축학부,,,True,True,True
전남대학교,수산해양대학,해양기술학부,,,True,True,True
전남대학교,수산해양대학,해양경찰학과,,,True,True,True
전남대학교,자연과학대학,시스템생명공학전공,,,True,True,True
전남대학교,농업생명과학대학,바이오에너지공학과,,,True,True,True
전남대학교,공과대학,고분자융합소재공학부,,,True,True,True
전남대학교,농업생명과학대학,조경학과,,,True,True,True
전주대학교,의과학대학,대체건강관리학부,,,True,True,True
전주대학교,문화산업대학,영화영상학과,,,True,True,True
전주대학교,문화산업대학,스마트미디어학부,,,True,True,True
전주대학교,문화산업대학,스마트정보시스템전공,,,True,True,True
전주대학교,의과학대학,재활학과,,,True,True,True
전주대학교,의과학대학,예술치료학과,,,True,True,True
전주대학교,의과학대학,환경보건전공,,,True,True,True
전주대학교,문화산업대학,멀티미디어전공,,,True,True,True
전주대학교,문화관광대학,외식산업학과,,,True,True,True
전주대학교,문화관광대학,관광경영학과,,,True,True,True
전주대학교,문화관광대학,관광경영전공,,,True,True,True
전주대학교,의과학대학,대체의학전공,,,True,True,True
전주대학교,의과학대학,기초의과학과,,,True,True,True
전주대학교,의과학대학,건강기능식품전공,,,True,True,True
전주대학교,공과대학,인터랙티브미디어학과,,,True,True,True
전주대학교,공과대학,소방안전공학과,,,True,True,True
전주대학교,공과대학,기술융합디자인공학과,,,True,True,True
전주대학교,공과대학,기계자동차공학과,,,True,True,True
서울한영대학교,인문대학,아동복지학과(아동복지학),,,True,True,True
공주대학교,자연과학대학,문화재보존과학과,,,True,True,True
목포대학교,공과대학,기계해양시스템공학과,,,True,True,True
목포대학교,공과대학,조선시스템학과,,,True,True,True
청운대학교,공연영상예술대학,공연기획경영학과,,,True,True,True
청운대학교,경영대학,국제통상학과,,,True,True,True
청운대학교,경영대학,광고홍보학과,,,True,True,True
청운대학교,경영대학,경영학과,,,True,True,True
청운대학교,공과대학,컴퓨터학과,,,True,True,True
청운대학교,공과대학,철도행정토목학과,,,True,True,True
청운대학교,공과대학,전자공학과,,,True,True,True
청운대학교,공과대학,멀티미디어학과,,,True,True,True
청운대학교,공과대학,건축공학과,,,True,True,True
청운대학교,공연영상예술대학,영화학과,,,True,True,True
청운대학교,공연영상예술대학,실용음악과,,,True,True,True
명지대학교,건축대학,건축학부 공간디자인전공(5년제),,,True,True,True
선문대학교,공과대학,기초공학부,,,True,True,True
가천대학교,사회과학대학,아동복지학과,,,True,True,True
가천대학교,사회과학대학,의료경영학과,,,True,True,True
동국대학교,다르마칼리지,교양학부,,,True,True,True
경기대학교,사회과학대학,국제학부 국제관계학과,,,True,True,True
부산외국어대학교,상경대학,국제비서학과,,,True,True,True
부산외국어대학교,상경대학,국제무역학과,,,True,True,True
부산외국어대학교,상경대학,경영학과,,,True,True,True
경동대학교,단과대구분없음,IT융복합학과,,,True,True,True
경동대학교,단과대구분없음,컴퓨터응용학과,,,True,True,True
경동대학교,단과대구분없음,치위생관리학과,,,True,True,True
예원예술대학교,단과대구분없음,만화ㆍ게임영상학부,,,True,True,True
고신대학교,신학대학,국제문화선교학과,,,True,True,True
고려대학교(세종),과학기술대학,수학과,,,True,True,True
목원대학교,단과대구분없음,기타모집단위,,,True,True,True
고려대학교(세종),단과대구분없음,국제스포츠학부,,,True,True,True
한라대학교,단과대구분없음,의료기기융합전공,,,True,True,True
강원대학교,농업생명과학대학,시설농업학과,,,True,True,True
한라대학교,단과대구분없음,융합교육학부,,,True,True,True
한라대학교,단과대구분없음,벤처창업학전공,,,True,True,True
전주대학교,문화산업대학,인터랙티브미디어학과,,,True,True,True
전주대학교,인문대학,중국어중국학과,,,True,True,True
전주대학교,인문대학,일본언어문화학과,,,True,True,True
전주대학교,인문대학,영미언어문화학과,,,True,True,True
고려대학교,보건과학대학,바이오시스템의과학부,,,True,True,True
고려대학교,공과대학,전기전자공학부,,,True,True,True
고려대학교(세종),인문대학,독일문화학과,,,True,True,True
고려대학교,생명과학대학,생명환경과학계열학부,,,True,True,True
부경대학교,직할학부,글로벌자율전공학부(이학계열),,,True,True,True
한동대학교,단과대구분없음,기계제어공학부,,,True,True,True
울산과학기술원,단과대구분없음,자연과학부,,,True,True,True
울산과학기술원,단과대구분없음,에너지 및 화학공학부,,,True,True,True
울산과학기술원,단과대구분없음,경영학부,,,True,True,True
울산과학기술원,단과대구분없음,기계 및 원자력공학부,,,True,True,True
울산과학기술원,단과대구분없음,신소재공학부,,,True,True,True
금오공과대학교,단과대구분없음,IT융합학과,,,True,True,True
숭실대학교,경제통상대학,국제무역학과,,,True,True,True
창원대학교,메카트로닉스대학,두산중공업학과,,,True,True,True
경일대학교,단과대구분없음,테크노경영학과,,,True,True,True
가천대학교,보건과학대학,의공학과(공학계열),,,True,True,True
신한대학교,디자인예술대학,디자인학부,,,True,True,True
신한대학교,과학기술융합대학,자동차공학과,,,True,True,True
신한대학교,보건과학대학,뷰티헬스전공,,,True,True,True
신한대학교,보건과학대학,치위생학과,,,True,True,True
신한대학교,자연과학대학,호텔조리전공,,,True,True,True
신한대학교,자연과학대학,식품조리과학부,,,True,True,True
신한대학교,사회과학대학,언론학과,,,True,True,True
신한대학교,사회과학대학,사회복지학과,,,True,True,True
신한대학교,사회과학대학,유아교육과,,,True,True,True
신한대학교,사회과학대학,공법행정학과,,,True,True,True
신한대학교,디자인예술대학,공간디자인전공,,,True,True,True
신한대학교,보건과학대학,뷰티헬스사이언스학부,,,True,True,True
신한대학교,글로벌비즈니스대학,글로벌관광경영학과,,,True,True,True
신한대학교,글로벌비즈니스대학,글로벌통상경영학과,,,True,True,True
신한대학교,디자인예술대학,패션디자인전공,,,True,True,True
신한대학교,보건과학대학,임상병리학과,,,True,True,True
신한대학교,보건과학대학,방사선학과,,,True,True,True
신한대학교,보건과학대학,안경광학전공,,,True,True,True
신한대학교,자연과학대학,식품영양전공,,,True,True,True
신한대학교,보건과학대학,치기공학과,,,True,True,True
청주대학교,예술대학,비주얼아트학과,,,True,True,True
창원대학교,공과대학,메카융합학과(야),,,True,True,True
경북대학교,과학기술대학,융복합시스템공학부 항공위성시스템전공,,,True,True,True
경북대학교,과학기술대학,융복합시스템공학부 플랜트시스템전공,,,True,True,True
한서대학교,단과대구분없음,항공교통학과,,,True,True,True
목원대학교,음악대학,관현악학부,,,True,True,True
목원대학교,미술ㆍ디자인대학,회화과,,,True,True,True
대구경북과학기술원,단과대구분없음,기초학부,,,True,True,True
공주대학교,산업과학대학,바이오산업공학과,,,True,True,True
경운대학교,단과대구분없음,기타모집단위,,,True,True,True
고려대학교,생명과학대학,생명환경과학계열,,,True,True,True
한국예술종합학교,전통예술원,음악과,,,True,True,True
한국예술종합학교,전통예술원,한국음악작곡과,,,True,True,True
서강대학교,공과대학,아트앤테크놀로지전공,,,True,True,True
신한대학교,과학기술융합대학,IT융합공학부,,,True,True,True
경상국립대학교,단과대구분없음,기타모집단위,,,True,True,True
총신대학교,단과대구분없음,기타모집단위,,,True,True,True
서울디지털대학교,단과대구분없음,법무행정학과,,,True,True,True
동의대학교,예술ㆍ체육대학,특수체육학과,,,True,True,True
동의대학교,ICT공과대학,디지털문화콘텐츠공학과,,,True,True,True
동의대학교,자연ㆍ생활과학대학,생활과학학과군,,,True,True,True
유원대학교,단과대구분없음,임베디드소프트웨어학과,,,True,True,True
유원대학교,단과대구분없음,중국어과,,,True,True,True
한국폴리텍 VI 대학 구미캠퍼스,단과대구분없음,스마트전자과,,,True,True,True
동덕여자대학교,단과대구분없음,기타모집단위,,,True,True,True
한국항공대학교,항공-경영대학,항공교통물류학부,,,True,True,True
가톨릭대학교,단과대구분없음,기타모집단위,,,True,True,True
강남대학교,단과대구분없음,기타모집단위,,,True,True,True
강릉원주대학교,단과대구분없음,기타모집단위,,,True,True,True
강원대학교,단과대구분없음,기타모집단위,,,True,True,True
건국대학교(글로컬),단과대구분없음,기타모집단위,,,True,True,True
안동대학교,단과대구분없음,기타모집단위,,,True,True,True
건양대학교,단과대구분없음,기타모집단위,,,True,True,True
연세대학교(미래),단과대구분없음,기타모집단위,,,True,True,True
경북대학교,단과대구분없음,기타모집단위,,,True,True,True
경희대학교,단과대구분없음,기타모집단위,,,True,True,True
계명대학교,단과대구분없음,기타모집단위,,,True,True,True
고려대학교,단과대구분없음,기타모집단위,,,True,True,True
고려대학교(세종),단과대구분없음,기타모집단위,,,True,True,True
고신대학교,단과대구분없음,기타모집단위,,,True,True,True
공주대학교,단과대구분없음,기타모집단위,,,True,True,True
군산대학교,단과대구분없음,기타모집단위,,,True,True,True
유원대학교,단과대구분없음,기타모집단위,,,True,True,True
영산대학교,단과대구분없음,기타모집단위,,,True,True,True
예원예술대학교,단과대구분없음,기타모집단위,,,True,True,True
우송대학교,단과대구분없음,기타모집단위,,,True,True,True
금강대학교,단과대구분없음,기타모집단위,,,True,True,True
울산과학기술원,단과대구분없음,기타모집단위,,,True,True,True
울산대학교,단과대구분없음,기타모집단위,,,True,True,True
위덕대학교,단과대구분없음,기타모집단위,,,True,True,True
단국대학교,단과대구분없음,기타모집단위,,,True,True,True
대구가톨릭대학교,단과대구분없음,기타모집단위,,,True,True,True
대구대학교,단과대구분없음,기타모집단위,,,True,True,True
전남대학교,단과대구분없음,기타모집단위,,,True,True,True
대구한의대학교,단과대구분없음,기타모집단위,,,True,True,True
대전대학교,단과대구분없음,기타모집단위,,,True,True,True
전주대학교,단과대구분없음,기타모집단위,,,True,True,True
덕성여자대학교,단과대구분없음,기타모집단위,,,True,True,True
중부대학교,단과대구분없음,기타모집단위,,,True,True,True
중원대학교,단과대구분없음,기타모집단위,,,True,True,True
차의과학대학교,단과대구분없음,기타모집단위,,,True,True,True
동의대학교,단과대구분없음,기타모집단위,,,True,True,True
명지대학교,단과대구분없음,기타모집단위,,,True,True,True
청운대학교,단과대구분없음,기타모집단위,,,True,True,True
목포대학교,단과대구분없음,기타모집단위,,,True,True,True
충남대학교,단과대구분없음,기타모집단위,,,True,True,True
한국침례신학대학교,단과대구분없음,기타모집단위,,,True,True,True
한국교통대학교,단과대구분없음,기타모집단위,,,True,True,True
한국국제대학교,단과대구분없음,기타모집단위,,,True,True,True
한국공학대학교,단과대구분없음,기타모집단위,,,True,True,True
상지대학교,단과대구분없음,기타모집단위,,,True,True,True
서울과학기술대학교,단과대구분없음,기타모집단위,,,True,True,True
서울시립대학교,단과대구분없음,기타모집단위,,,True,True,True
서울신학대학교,단과대구분없음,기타모집단위,,,True,True,True
서원대학교,단과대구분없음,기타모집단위,,,True,True,True
선문대학교,단과대구분없음,기타모집단위,,,True,True,True
성결대학교,단과대구분없음,기타모집단위,,,True,True,True
한국항공대학교,단과대구분없음,기타모집단위,,,True,True,True
한국해양대학교,단과대구분없음,기타모집단위,,,True,True,True
성신여자대학교,단과대구분없음,기타모집단위,,,True,True,True
세종대학교,단과대구분없음,기타모집단위,,,True,True,True
수원대학교,단과대구분없음,기타모집단위,,,True,True,True
한밭대학교,단과대구분없음,기타모집단위,,,True,True,True
순천대학교,단과대구분없음,기타모집단위,,,True,True,True
순천향대학교,단과대구분없음,기타모집단위,,,True,True,True
숭실사이버대학교,단과대구분없음,기타모집단위,,,True,True,True
한성대학교,단과대구분없음,기타모집단위,,,True,True,True
한세대학교,단과대구분없음,기타모집단위,,,True,True,True
한양대학교,단과대구분없음,기타모집단위,,,True,True,True
한양대학교(ERICA),단과대구분없음,기타모집단위,,,True,True,True
홍익대학교,단과대구분없음,기타모집단위,,,True,True,True
청주대학교,단과대구분없음,기타모집단위,,,True,True,True
숙명여자대학교,단과대구분없음,기타모집단위,,,True,True,True
강릉원주대학교,과학기술대학,정보통신공학과,,,True,True,True
강서대학교,단과대구분없음,아동학과,,,True,True,True
명지대학교,법과대학,법무정책학과,,,True,True,True
국민대학교,사회과학대학,행정관리학과,,,True,True,True
숙명여자대학교,생활과학대학,아동복지학부,,,True,True,True
숭실사이버대학교,단과대구분없음,상담심리학과,,,True,True,True
숭실사이버대학교,단과대구분없음,사회복지학과,,,True,True,True
숭실사이버대학교,단과대구분없음,소방방재학과,,,True,True,True
숭실사이버대학교,단과대구분없음,실용영어학과,,,True,True,True
숭실사이버대학교,단과대구분없음,아동학과,,,True,True,True
숭실사이버대학교,단과대구분없음,중국언어문화학과,,,True,True,True
숭실사이버대학교,단과대구분없음,컴퓨터정보통신학과,,,True,True,True
숭실사이버대학교,단과대구분없음,부동산학과,,,True,True,True
숭실사이버대학교,단과대구분없음,경영학과,,,True,True,True
가천대학교,글로벌교양대학,자유전공(인문),,,True,True,True
숭실대학교,경영대학,혁신경영학과,,,True,True,True
덕성여자대학교,단과대구분없음,글로벌통상법무연계전공,,,True,True,True
대구가톨릭대학교,바이오융합대학,환경과학과,,,True,True,True
한양대학교,정책과학대학,정책학과,,,True,True,True
한성대학교,인문대학,교직과정,,,True,True,True
한성대학교,공과대학,지식서비스&컨설팅 연계전공,,,True,True,True
한성대학교,예술대학,인터랙티브 엔터테인먼트 연계전공,,,True,True,True
한성대학교,인문대학,교양과정,,,True,True,True
동서대학교,단과대구분없음,청소년상담심리전공,,,True,True,True
고려대학교,보건과학대학,보건정책관리학부,,,True,True,True
충북대학교,사범대학,과학교육학부(화학교육전공),,,True,True,True
충북대학교,사범대학,과학교육학부(물리교육전공),,,True,True,True
충북대학교,농과대학,농업기계공학전공,,,True,True,True
충북대학교,공과대학,제어계측공학전공,,,True,True,True
충북대학교,공과대학,구조시스템공학과,,,True,True,True
충북대학교,경영대학,무역학과,,,True,True,True
경일대학교,단과대구분없음,산업시스템경영학과,,,True,True,True
동서대학교,디자인대학,디자인학부,,,True,True,True
동서대학교,디자인대학,패션디자인학과,,,True,True,True
영남신학대학교,단과대구분없음,기타모집단위,,,True,True,True
경남과학기술대학교,융합기술공과대학,컴퓨터공학과,,,True,True,True
국제사이버대학교,단과대구분없음,인문사회계열,,,True,True,True
국제사이버대학교,단과대구분없음,예체능계열,,,True,True,True
경상국립대학교,경영대학,산업경영학과,,,True,True,True
경상국립대학교,공과대학,산업시스템공학전공,,,True,True,True
경상국립대학교,의과대학,의예과,,,True,True,True
경상국립대학교,자연과학대학,생명과학부,,,True,True,True
경상국립대학교,농업생명과학대학,식물의학과,,,True,True,True
경상국립대학교,공과대학,기계항공정보융합공학부(항공우주 및 소프트웨어공학전공),,,True,True,True
경상국립대학교,공과대학,기계항공정보융합공학부(기계공학전공),,,True,True,True
경상국립대학교,농업생명과학대학,농화학식품공학과,,,True,True,True
경상국립대학교,농업생명과학대학,농업식물과학과,,,True,True,True
경상국립대학교,농업생명과학대학,축산생명학과,,,True,True,True
경상국립대학교,농업생명과학대학,애그로시스템공학부,,,True,True,True
경상국립대학교,공과대학,화학공학과,,,True,True,True
경상국립대학교,공과대학,건축도시토목공학부,,,True,True,True
상명대학교,문화예술대학,관현악과,,,True,True,True
상명대학교,문화예술대학,뉴미디어작곡과,,,True,True,True
상명대학교,문화예술대학,성악과,,,True,True,True
상명대학교,문화예술대학,피아노과,,,True,True,True
상명대학교,문화예술대학,무용예술학과,,,True,True,True
상명대학교,문화예술대학,텍스타일아트전공,,,True,True,True
상명대학교,문화예술대학,가구조형전공,,,True,True,True
상명대학교,문화예술대학,조소전공,,,True,True,True
상명대학교,문화예술대학,서양화전공,,,True,True,True
상명대학교,문화예술대학,한국화전공,,,True,True,True
상명대학교,ICT융합대학,컴퓨터과학전공,,,True,True,True
국민대학교,체육대학,스포츠교육전공,,,True,True,True
국민대학교,법과대학,기업융합법학과,,,True,True,True
경상국립대학교,농업생명과학대학,지역환경기반공학전공,,,True,True,True
경상국립대학교,농업생명과학대학,생물산업기계공학전공,,,True,True,True
국민대학교,공과대학,융합기계공학전공,,,True,True,True
경상국립대학교,해양과학대학,해양식품생명의학과,,,True,True,True
성결대학교,사회과학대학,동아시아물류학부,,,True,True,True
경상국립대학교,해양과학대학,해양산업융합학과,,,True,True,True
경상국립대학교,농업생명과학대학,환경재료과학전공,,,True,True,True
경상국립대학교,해양과학대학,해양경찰시스템학과,,,True,True,True
경상국립대학교,자연과학대학,지질과학과,,,True,True,True
안동대학교,사범대학,전자공학교육과,,,True,True,True
가톨릭대학교,단과대구분없음,생명환경공학부,,,True,True,True
삼육대학교,과학기술대학,동물생명자원학과,,,True,True,True
삼육대학교,인문사회대학,일본어학과,,,True,True,True
삼육대학교,인문사회대학,중국어학과,,,True,True,True
경일대학교,공과대학,건축학부 건축학전공,,,True,True,True
경일대학교,공과대학,건축학부 건축공학전공,,,True,True,True
경일대학교,공과대학,의용공학과,,,True,True,True
경일대학교,글로벌경영대학,영어학과,,,True,True,True
경일대학교,자동차IT융합대학,기계자동차학부,,,True,True,True
경일대학교,자동차IT융합대학,신재생에너지학과,,,True,True,True
경일대학교,자동차IT융합대학,전자공학과,,,True,True,True
경일대학교,자동차IT융합대학,로봇응용학과,,,True,True,True
경일대학교,자동차IT융합대학,컴퓨터공학과,,,True,True,True
경일대학교,자동차IT융합대학,사이버보안학과,,,True,True,True
경일대학교,공과대학,전기·철도공학부,,,True,True,True
한양대학교,공과대학,생명공학과,,,True,True,True
한양대학교,공과대학,화학공학과,,,True,True,True
삼육대학교,과학기술대학,환경디자인원예학과,,,True,True,True
삼육대학교,자유전공학부,자유전공학부,,,True,True,True
경일대학교,공과대학,공간정보공학과,,,True,True,True
경성대학교,단과대구분없음,신학과,,,True,True,True
경성대학교,상경대학,경제금융학전공,,,True,True,True
경성대학교,예술종합대학,디지털미디어전공,,,True,True,True
경성대학교,예술종합대학,디지털미디어학부,,,True,True,True
이화여자대학교,사회과학대학,커뮤니케이션·미디어학전공,,,True,True,True
한국방송통신대학교,프라임칼리지,첨단공학부  메카트로닉스전공,,,True,True,True
경성대학교,공과대학,환경공학전공,,,True,True,True
경성대학교,공과대학,토목공학전공,,,True,True,True
경성대학교,공과대학,도시공학전공,,,True,True,True
경성대학교,문과대학,문화서비스학전공,,,True,True,True
한국국제대학교,사회과학대학,사회복지상담심리학부,,,True,True,True
한국국제대학교,예술체육대학,사회체육학부,,,True,True,True
동국대학교,단과대구분없음,스포츠과학과,,,True,True,True
경성대학교,공과대학,산업경영전공,,,True,True,True
경성대학교,공과대학,융합시스템공학부,,,True,True,True
한국국제대학교,공과대학,항공부품공학과,,,True,True,True
한국국제대학교,관광대학,항공서비스학과,,,True,True,True
부경대학교,공과대학,기계설계공학과,,,True,True,True
경성대학교,문과대학,문화기획학전공,,,True,True,True
경성대학교,문과대학,문화콘텐츠학전공,,,True,True,True
경성대학교,공과대학,건설환경도시공학부,,,True,True,True
경성대학교,공과대학,전기전자공학부,,,True,True,True
경성대학교,공과대학,전자공학전공,,,True,True,True
경성대학교,공과대학,전기공학전공,,,True,True,True
아주대학교,단과대구분없음,기타모집단위,,,True,True,True
경성대학교,문과대학,글로컬문화학부,,,True,True,True
한국폴리텍 I 대학 서울정수캠퍼스,단과대구분없음,모바일정보통신과,,,True,True,True
경북대학교,의과대학,의예과,,,True,True,True
경북대학교,치과대학,치의예과,,,True,True,True
경북대학교,사회과학대학,"사회복지학부(사회복지미시전공, 사회복지거시전공)",,,True,True,True
경북대학교,자연과학대학,"지구시스템과학부(지질학전공, 천문대기과학전공, 해양학전공)",,,True,True,True
경북대학교,공과대학,"응용화학공학부(응용화학전공, 화학공학전공)",,,True,True,True
한국교통대학교,국제사회대학,IT응용융합학과,,,True,True,True
카이스트(KAIST/한국과학기술원),단과대구분없음,무학과(인문사회계열),,,True,True,True
우석대학교,문화사회대학,미디어영상학과,,,True,True,True
우석대학교,문화사회대학,군상담심리학과,,,True,True,True
우석대학교,체육과학대학,스포츠지도학과,,,True,True,True
우석대학교,문화사회대학,상담심리학과,,,True,True,True
우석대학교,문화사회대학,국제언어문화학과,,,True,True,True
경북대학교,농업생명과학대학,"농업토목.생물산업공학부(농업토목공학전공,생물산업기계공학전공)",,,True,True,True
경북대학교,과학기술대학,소프트웨어학과,,,True,True,True
경북대학교,수의과대학,수의예과,,,True,True,True
경북대학교,생태환경대학,말/특수동물학과,,,True,True,True
경북대학교,생태환경대학,축산학과,,,True,True,True
경북대학교,생태환경대학,축산생명공학과,,,True,True,True
경북대학교,단과대구분없음,과학기술생명자원자율학부,,,True,True,True
경북대학교,농업생명과학대학,농산업학과,,,True,True,True
경북대학교,과학기술대학,"나노소재공학부(에너지화공전공,신소재공학전공)",,,True,True,True
신라대학교,보건복지대학,실버케어복지전공,,,True,True,True
신라대학교,보건복지대학,사회복지학부,,,True,True,True
신라대학교,보건복지대학,가족상담전공,,,True,True,True
신라대학교,보건복지대학,사회복지학전공,,,True,True,True
신라대학교,글로벌비즈니스대학,국제통상학부,,,True,True,True
신라대학교,글로벌비즈니스대학,금융부동산경제학전공,,,True,True,True
신라대학교,글로벌비즈니스대학,무역물류학전공,,,True,True,True
신라대학교,글로벌비즈니스대학,국제관광전공,,,True,True,True
신라대학교,글로벌비즈니스대학,한국학전공,,,True,True,True
신라대학교,인문사회대학,행정학전공,,,True,True,True
신라대학교,인문사회대학,법학전공,,,True,True,True
신라대학교,인문사회대학,경찰학전공,,,True,True,True
신라대학교,인문사회대학,공공인재학부,,,True,True,True
신라대학교,보건복지대학,보건행정학과,,,True,True,True
신라대학교,디자인예술대학,음악학과,,,True,True,True
신라대학교,디자인예술대학,미술학과,,,True,True,True
신라대학교,디자인예술대학,귀금속ㆍ보석디자인학과,,,True,True,True
신라대학교,디자인예술대학,산업디자인학과,,,True,True,True
신라대학교,디자인예술대학,시각디자인학과,,,True,True,True
신라대학교,디자인예술대학,패션디자인산업학과,,,True,True,True
신라대학교,디자인예술대학,실내디자인학과,,,True,True,True
신라대학교,보건복지대학,웰빙체육학부,,,True,True,True
신라대학교,보건복지대학,치위생학과,,,True,True,True
신라대학교,보건복지대학,물리치료학과,,,True,True,True
신라대학교,보건복지대학,간호학과,,,True,True,True
신라대학교,인문사회대학,문헌정보학과,,,True,True,True
신라대학교,인문사회대학,역사문화학과,,,True,True,True
신라대학교,인문사회대학,영어과,,,True,True,True
경북대학교,생태환경대학,생태환경관광학부(생물응용전공),,,True,True,True
경북대학교,농업생명과학대학,"산림과학.조경학부(임학전공,임산공학전공,조경학전공)",,,True,True,True
신라대학교,글로벌비즈니스대학,호텔·컨벤션전공,,,True,True,True
신라대학교,글로벌비즈니스대학,국제관계학전공,,,True,True,True
신라대학교,글로벌비즈니스대학,일어일본학전공,,,True,True,True
신라대학교,글로벌비즈니스대학,중어중국학전공,,,True,True,True
신라대학교,글로벌비즈니스대학,국제관광학부,,,True,True,True
계명대학교,인문국제학대학,중국어문학전공,,,True,True,True
경성대학교,문과대학,중국학과,,,True,True,True
경성대학교,상경대학,경영학과,,,True,True,True
한국교원대학교,제2대학,중국어교육과,,,True,True,True
신라대학교,공과대학,전기공학전공,,,True,True,True
경성대학교,예술종합대학,애니메이션학전공,,,True,True,True
경성대학교,예술종합대학,영상학전공,,,True,True,True
경성대학교,예술종합대학,제품디자인학전공,,,True,True,True
경성대학교,예술종합대학,시각디자인학전공,,,True,True,True
경성대학교,예술종합대학,디자인학부,,,True,True,True
신라대학교,경영대학,경영정보학전공,,,True,True,True
경북대학교,공과대학,건축학부(건축공학전공),,,True,True,True
계명대학교,인문국제학대학,철학윤리학과,,,True,True,True
계명대학교,인문국제학대학,미국학전공,,,True,True,True
계명대학교,자연과학대학,환경과학전공,,,True,True,True
계명대학교,자연과학대학,지구환경학전공,,,True,True,True
계명대학교,미술대학,패션마케팅학전공,,,True,True,True
계명대학교,미술대학,패션디자인전공,,,True,True,True
계명대학교,미술대학,텍스타일디자인전공,,,True,True,True
계명대학교,사회과학대학,경찰행정학과,,,True,True,True
경성대학교,법정대학,정치외교학전공,,,True,True,True
경성대학교,법정대학,행정학전공,,,True,True,True
경성대학교,법정대학,법학전공,,,True,True,True
경성대학교,법정대학,법행정정치학부,,,True,True,True
경북대학교,공과대학,건축학부(건축학전공),,,True,True,True
경북대학교,IT대학,컴퓨터학부,,,True,True,True
신라대학교,경영대학,광고홍보학과,,,True,True,True
원광대학교,인문대학,중국학과,,,True,True,True
원광대학교,생명자원과학대학,원예산업학과,,,True,True,True
원광대학교,생명자원과학대학,식품·환경학부,,,True,True,True
신라대학교,의생명과학대학,제약공학전공,,,True,True,True
경성대학교,예술종합대학,영상애니메이션학부,,,True,True,True
신라대학교,보건복지대학,특수체육전공,,,True,True,True
대구한의대학교,글로벌융합대학,친환경건축학전공,,,True,True,True
대구한의대학교,글로벌융합대학,중국어과,,,True,True,True
대구한의대학교,글로벌융합대학,호텔관광학과,,,True,True,True
대구한의대학교,의과학대학,미술치료학과,,,True,True,True
대구한의대학교,의과학대학,스마트IT전공,,,True,True,True
대구한의대학교,의과학대학,데이터경영학전공,,,True,True,True
대구한의대학교,의과학대학,IT의료산업학전공,,,True,True,True
대구한의대학교,의과학대학,의료공학전공,,,True,True,True
신라대학교,보건복지대학,체육학전공,,,True,True,True
신라대학교,공과대학,신소재공학전공,,,True,True,True
신라대학교,공과대학,에너지응용화학전공,,,True,True,True
신라대학교,경영대학,경영학전공,,,True,True,True
신라대학교,경영대학,경영학부,,,True,True,True
서원대학교,글로벌경영대학,광고홍보학과,,,True,True,True
서원대학교,BIT융합대학,임상건강운동학과,,,True,True,True
서원대학교,BIT융합대학,식품영양학과,,,True,True,True
서원대학교,BIT융합대학,환경공학과,,,True,True,True
서원대학교,BIT융합대학,컴퓨터공학과,,,True,True,True
서원대학교,BIT융합대학,정보통신공학과,,,True,True,True
서원대학교,BIT융합대학,멀티미디어학과,,,True,True,True
서원대학교,BIT융합대학,정보보안학과,,,True,True,True
서원대학교,휴먼서비스대학,항공서비스학과,,,True,True,True
서원대학교,휴먼서비스대학,레저스포츠학과,,,True,True,True
서원대학교,휴먼서비스대학,한국어문학과,,,True,True,True
서원대학교,휴먼서비스대학,공연영상학과,,,True,True,True
서원대학교,휴먼서비스대학,건축학과,,,True,True,True
신라대학교,공과대학,컴퓨터정보공학부,,,True,True,True
신라대학교,공과대학,메카트로닉스공학부,,,True,True,True
신라대학교,의생명과학대학,식품공학전공,,,True,True,True
신라대학교,공과대학,에너지환경공학전공,,,True,True,True
신라대학교,공과대학,IT전공,,,True,True,True
경성대학교,예술종합대학,인테리어디자인학전공,,,True,True,True
인제대학교,문리과대학,인문학부,,,True,True,True
인제대학교,공과대학,나노융합공학부,,,True,True,True
인제대학교,문리과대학,한국학부,,,True,True,True
인제대학교,사회과학대학,상담심리치료학과,,,True,True,True
인제대학교,사회과학대학,법학과,,,True,True,True
인제대학교,사회과학대학,생활상담복지학부,,,True,True,True
인제대학교,사회과학대학,행정학과,,,True,True,True
인제대학교,문리과대학,중국학부,,,True,True,True
인제대학교,사회과학대학,정치외교학과,,,True,True,True
인제대학교,문리과대학,응용수학과,,,True,True,True
인제대학교,문리과대학,역사고고학과,,,True,True,True
인제대학교,사회과학대학,사회복지학과,,,True,True,True
인제대학교,사회과학대학,보건행정학과,,,True,True,True
인제대학교,사회과학대학,유아교육과,,,True,True,True
인제대학교,사회과학대학,신문방송학과,,,True,True,True
경동대학교,단과대구분없음,컴퓨터공학과,,,True,True,True
경동대학교,단과대구분없음,실버산업학과,,,True,True,True
인제대학교,사회과학대학,통계학과,,,True,True,True
인제대학교,사회과학대학,특수교육과,,,True,True,True
경동대학교,단과대구분없음,사회복지학과,,,True,True,True
경동대학교,단과대구분없음,건축디자인학과,,,True,True,True
연세대학교(미래),보건과학대학,보건과학부,,,True,True,True
경성대학교,공과대학,건축학과,,,True,True,True
경동대학교,단과대구분없음,외식사업경영학과,,,True,True,True
대구한의대학교,한방산업대학,메디컬화장품융합전공,,,True,True,True
경동대학교,단과대구분없음,호텔경영학과,,,True,True,True
계명대학교,공과대학,전기에너지공학전공,,,True,True,True
계명대학교,인문국제학대학,국어국문학전공,,,True,True,True
계명대학교,자연과학대학,생명과학전공,,,True,True,True
계명대학교,인문국제학대학,일본어문학전공,,,True,True,True
계명대학교,인문국제학대학,영어영문학전공,,,True,True,True
계명대학교,인문국제학대학,사학과,,,True,True,True
계명대학교,인문국제학대학,러시아어문학전공,,,True,True,True
계명대학교,인문국제학대학,기독교학과,,,True,True,True
계명대학교,인문국제학대학,중국학전공,,,True,True,True
계명대학교,인문국제학대학,일본학전공,,,True,True,True
계명대학교,인문국제학대학,유럽학전공,,,True,True,True
계명대학교,인문국제학대학,스페인어중남미학전공,,,True,True,True
계명대학교,체육대학,체육학전공,,,True,True,True
계명대학교,체육대학,사회체육학전공,,,True,True,True
계명대학교,자연과학대학,화학전공,,,True,True,True
계명대학교,자연과학대학,통계학전공,,,True,True,True
계명대학교,자연과학대학,식품영양학전공,,,True,True,True
대구한의대학교,글로벌융합대학,시각미디어디자인학과,,,True,True,True
계명대학교,자연과학대학,수학전공,,,True,True,True
계명대학교,자연과학대학,식품가공학전공,,,True,True,True
계명대학교,자연과학대학,공중보건학전공,,,True,True,True
계명대학교,음악공연예술대학,피아노전공,,,True,True,True
계명대학교,음악공연예술대학,작곡전공,,,True,True,True
계명대학교,음악공연예술대학,성악전공,,,True,True,True
계명대학교,음악공연예술대학,무용전공,,,True,True,True
계명대학교,음악공연예술대학,관현악전공,,,True,True,True
계명대학교,사회과학대학,행정학전공,,,True,True,True
계명대학교,사회과학대학,정치외교학전공,,,True,True,True
계명대학교,사회과학대학,전자무역학전공,,,True,True,True
계명대학교,사회과학대학,언론영상학전공,,,True,True,True
계명대학교,사회과학대학,국제통상학전공,,,True,True,True
계명대학교,사회과학대학,광고홍보학전공,,,True,True,True
계명대학교,사회과학대학,경제금융학전공,,,True,True,True
계명대학교,미술대학,영상애니메이션전공,,,True,True,True
계명대학교,미술대학,시각디자인전공,,,True,True,True
계명대학교,미술대학,산업디자인전공,,,True,True,True
계명대학교,미술대학,사진미디어전공,,,True,True,True
계명대학교,미술대학,공예디자인전공,,,True,True,True
계명대학교,공과대학,토목공학전공,,,True,True,True
계명대학교,공과대학,컴퓨터공학전공,,,True,True,True
계명대학교,사회과학대학,법학과,,,True,True,True
계명대학교,공과대학,전자공학전공,,,True,True,True
계명대학교,경영대학,관광경영학전공,,,True,True,True
계명대학교,경영대학,경영학전공,,,True,True,True
계명대학교,경영대학,경영정보학전공,,,True,True,True
계명대학교,공과대학,생태조경학전공,,,True,True,True
계명대학교,공과대학,도시계획학전공,,,True,True,True
계명대학교,공과대학,건축학전공,,,True,True,True
계명대학교,공과대학,건축공학전공,,,True,True,True
대진대학교,인문과학대학,역사·문화콘텐츠학부,,,True,True,True
이화여자대학교,사회과학대학,커뮤니케이션·미디어학부,,,True,True,True
이화여자대학교,스크랜튼대학,글로벌한국학전공,,,True,True,True
이화여자대학교,스크랜튼대학,융합학부,,,True,True,True
이화여자대학교,의과대학,의예과,,,True,True,True
이화여자대학교,공과대학,화학신소재공학전공,,,True,True,True
이화여자대학교,자연과학대학,화학생명분자과학부,,,True,True,True
이화여자대학교,공과대학,화학신소재공학부,,,True,True,True
영남대학교,디자인미술대학,산업디자인학과,,,True,True,True
영남대학교,정치행정대학,새마을국제개발학과,,,True,True,True
영남대학교,음악대학,기악과,,,True,True,True
영남대학교,음악대학,음악과,,,True,True,True
영남대학교,음악대학,성악과,,,True,True,True
영남대학교,자연자원대학,외식산업학과,,,True,True,True
영남대학교,공과대학,모바일정보통신공학과,,,True,True,True
영남대학교,경영대학,경영학과,,,True,True,True
경성대학교,공과대학,컴퓨터공학과,,,True,True,True
경동대학교,단과대구분없음,관광항공경영학과,,,True,True,True
대구가톨릭대학교,공과대학,신소재화학공학과,,,True,True,True
대구가톨릭대학교,디자인대학,금속・주얼리디자인과,,,True,True,True
대구가톨릭대학교,글로벌비즈니스대학,실무영어전공,,,True,True,True
대구가톨릭대학교,글로벌비즈니스대학,호텔경영학전공,,,True,True,True
대구가톨릭대학교,글로벌비즈니스대학,관광경영학전공,,,True,True,True
대구가톨릭대학교,글로벌비즈니스대학,무역학전공,,,True,True,True
대구가톨릭대학교,글로벌비즈니스대학,경제금융부동산전공,,,True,True,True
대구가톨릭대학교,글로벌비즈니스대학,러시아어전공,,,True,True,True
대구가톨릭대학교,글로벌비즈니스대학,영어영문학전공,,,True,True,True
대구가톨릭대학교,글로벌비즈니스대학,스페인어전공,,,True,True,True
울산대학교,예술대학,섬유디자인학전공,,,True,True,True
울산대학교,예술대학,조소전공,,,True,True,True
울산대학교,예술대학,서양화전공,,,True,True,True
울산대학교,예술대학,동양화전공,,,True,True,True
울산대학교,예술대학,관현악전공,,,True,True,True
울산대학교,예술대학,피아노전공,,,True,True,True
울산대학교,예술대학,성악전공,,,True,True,True
울산대학교,디자인ㆍ건축융합대학,시각디자인학전공,,,True,True,True
울산대학교,디자인ㆍ건축융합대학,실내공간디자인학전공,,,True,True,True
울산대학교,디자인ㆍ건축융합대학,건축학전공,,,True,True,True
울산대학교,디자인ㆍ건축융합대학,건축공학전공,,,True,True,True
부경대학교,환경ㆍ해양대학,생태공학과,,,True,True,True
경성대학교,공과대학,식품응용공학부,,,True,True,True
경동대학교,단과대구분없음,관광경영학과,,,True,True,True
제주대학교,사범대학,과학교육학부,,,True,True,True
경성대학교,공과대학,메카트로닉스전공,,,True,True,True
서원대학교,BIT융합대학,뷰티학과,,,True,True,True
서원대학교,휴먼서비스대학,경찰행정학과,,,True,True,True
신라대학교,인문사회대학,문예창작비평학과,,,True,True,True
신라대학교,의생명과학대학,바이오산업학부,,,True,True,True
제주대학교,생명자원과학대학,바이오소재전공,,,True,True,True
안양대학교,이공대학,디지털시스템공학과,,,True,True,True
남부대학교,단과대구분없음,통합의료학과,,,True,True,True
대구한의대학교,글로벌융합대학,항공서비스학과,,,True,True,True
숭실대학교,IT대학,전자정보공학부 IT융합전공,,,True,True,True
숭실대학교,IT대학,전자정보공학부 전자공학전공,,,True,True,True
숭실대학교,IT대학,소프트웨어학부,,,True,True,True
숭실대학교,사회과학대학,평생교육학과,,,True,True,True
숭실대학교,인문대학,일어일문학과,,,True,True,True
대구한의대학교,한방산업대학,산림조경학전공,,,True,True,True
경성대학교,공과대학,식품영양학전공,,,True,True,True
대구가톨릭대학교,디자인대학,패션디자인과(예체능),,,True,True,True
대구가톨릭대학교,공과대학,전자전기공학과,,,True,True,True
대구가톨릭대학교,단과대구분없음,6차산업전공,,,True,True,True
대구가톨릭대학교,글로벌비즈니스대학,경제통상학부,,,True,True,True
대구가톨릭대학교,글로벌비즈니스대학,중남미학부,,,True,True,True
가천대학교,경영대학,수학·금융정보학과,,,True,True,True
가천대학교,경영대학,수리과학과,,,True,True,True
가천대학교,경영대학,수학정보학과,,,True,True,True
가천대학교,공과대학,설비·소방공학과,,,True,True,True
가천대학교,IT대학,소프트웨어학과,,,True,True,True
가천대학교,경영대학,금융수학과,,,True,True,True
대구가톨릭대학교,단과대구분없음,디자인문화콘텐츠전공,,,True,True,True
대구가톨릭대학교,글로벌비즈니스대학,중남미학전공,,,True,True,True
경성대학교,문과대학,인문고전학전공,,,True,True,True
경성대학교,문과대학,일어일문학전공,,,True,True,True
경성대학교,문과대학,국어국문학전공,,,True,True,True
경성대학교,문과대학,사학전공,,,True,True,True
경성대학교,문과대학,인문문화학부,,,True,True,True
아주대학교,간호대학,간호학과(특별과정),,,True,True,True
아주대학교,정보통신대학,국방디지털융합학과,,,True,True,True
송원대학교,단과대구분없음,재활보건관리학과,,,True,True,True
송원대학교,단과대구분없음,언어치료심리학과,,,True,True,True
한국성서대학교,단과대구분없음,간호학과,,,True,True,True
한국성서대학교,단과대구분없음,사회복지학과,,,True,True,True
한국성서대학교,단과대구분없음,영유아보육학과,,,True,True,True
한국성서대학교,단과대구분없음,성서학과,,,True,True,True
한국성서대학교,단과대구분없음,컴퓨터소프트웨어학과,,,True,True,True
계명대학교,공과대학,게임모바일공학전공,,,True,True,True
계명대학교,인문국제학대학,독일어문학전공,,,True,True,True
계명대학교,음악공연예술대학,연극뮤지컬전공,,,True,True,True
계명대학교,미술대학,회화전공,,,True,True,True
세종대학교,공과대학,환경에너지공간융합학과,,,True,True,True
세종대학교,생명과학대학,생명시스템학부,,,True,True,True
세종대학교,자연과학대학,물리천문학과,,,True,True,True
세종대학교,호텔관광대학,외식경영학전공/호텔관광외식경영학부,,,True,True,True
광운대학교,법과대학,자산관리학과,,,True,True,True
광운대학교,자연과학대학,정보콘텐츠학과,,,True,True,True
세종대학교,인문과학대학,국제학부,,,True,True,True
부산대학교,나노과학기술대학,나노에너지공학과,,,True,True,True
아신대학교,단과대구분없음,선교문화복지학과,,,True,True,True
아신대학교,단과대구분없음,기독교교육상담학과,,,True,True,True
부산대학교,의과대학,의예과,,,True,True,True
부산대학교,공과대학,발전공학과,,,True,True,True
부산대학교,공과대학,전기컴퓨터공학부,,,True,True,True
부산대학교,공과대학,화공생명.환경공학부,,,True,True,True
한양사이버대학교,단과대구분없음,인문사회계열,,,True,True,True
한양사이버대학교,단과대구분없음,서비스·생산·물류학과,,,True,True,True
한양사이버대학교,단과대구분없음,마케팅학과,,,True,True,True
한양사이버대학교,단과대구분없음,글로벌경영학과,,,True,True,True
한양사이버대학교,단과대구분없음,경영정보학과,,,True,True,True
한양사이버대학교,단과대구분없음,청소년상담학과,,,True,True,True
숭실대학교,IT대학,미디어경영학과,,,True,True,True
동국대학교(WISE),자연과학계열,신소재화학과(자연),,,True,True,True
고려대학교(세종),과학기술대학,생명정보공학과,,,True,True,True
인천대학교,동북아경제통상대학,중국통상전공,,,True,True,True
인천대학교,동북아경제통상대학,일본통상전공,,,True,True,True
인천대학교,동북아경제통상대학,미국통상전공,,,True,True,True
인천대학교,동북아경제통상대학,러시아통상전공,,,True,True,True
인천대학교,경영대학,경영학부,,,True,True,True
인천대학교,동북아경제통상대학,경제학과,,,True,True,True
상명대학교,ICT융합대학,콘텐츠저작권학과,,,True,True,True
한국외국어대학교,경영대학,경영학전공,,,True,True,True
한국외국어대학교,경영대학,경영학부,,,True,True,True
한국외국어대학교,미네르바 교양대학,미네르바 교양대학(글로벌),,,True,True,True
한국외국어대학교,미네르바 교양대학,미네르바 교양대학(서울),,,True,True,True
한국외국어대학교,영어대학,영미문학.문화학과,,,True,True,True
한국외국어대학교,영어대학,EICC학과,,,True,True,True
한국외국어대학교,단과대구분없음,Language & Trade전공,,,True,True,True
한국외국어대학교,단과대구분없음,Language & Trade학부,,,True,True,True
한국외국어대학교,인문대학,인문과학계열,,,True,True,True
한국외국어대학교,공과대학,컴퓨터.전자시스템공학전공,,,True,True,True
한국외국어대학교,공과대학,컴퓨터.전자시스템공학부,,,True,True,True
한국외국어대학교,인문대학,지식콘텐츠전공,,,True,True,True
한국외국어대학교,인문대학,지식콘텐츠학부,,,True,True,True
금강대학교,단과대구분없음,국제통상통역학과,,,True,True,True
경성대학교,예술종합대학,연극전공,,,True,True,True
경성대학교,예술종합대학,영화전공,,,True,True,True
경성대학교,예술종합대학,연극영화학부,,,True,True,True
부산대학교,공과대학,화공생명.환경공학부 화공생명공학전공,,,True,True,True
부산대학교,공과대학,전기컴퓨터공학부 전기공학전공,,,True,True,True
부산대학교,공과대학,전기컴퓨터공학부 정보컴퓨터공학전공,,,True,True,True
부산대학교,공과대학,건설융합학부,,,True,True,True
부산대학교,공과대학,건설융합학부 건축공학전공,,,True,True,True
부산대학교,공과대학,건설융합학부 건축학전공,,,True,True,True
부산대학교,공과대학,건설융합학부 토목공학전공,,,True,True,True
부산대학교,공과대학,건설융합학부 도시공학전공,,,True,True,True
인제대학교,공과대학,건설환경공학부,,,True,True,True
인제대학교,공과대학,전자IT기계자동차공학부,,,True,True,True
영남대학교,이과대학,생화학전공,,,True,True,True
영남대학교,이과대학,화학전공,,,True,True,True
영남대학교,공과대학,고분자·바이오소재전공,,,True,True,True
영남대학교,디자인미술대학,시각디자인학과,,,True,True,True
영남대학교,공과대학,화공시스템전공,,,True,True,True
영남대학교,자연자원대학,식품공학과,,,True,True,True
영남대학교,공과대학,IT·에너지화공전공,,,True,True,True
영남대학교,이과대학,화학생화학부,,,True,True,True
영남대학교,문과대학,역사학과,,,True,True,True
영남대학교,문과대학,중국언어문화학과,,,True,True,True
호원대학교,방송예술대학,패션디자인학과,,,True,True,True
호원대학교,보건복지대학,외식.조리학부,,,True,True,True
호원대학교,스포츠경호대학,스포츠학부,,,True,True,True
한국항공대학교,항공-경영대학,경영학부,,,True,True,True
대진대학교,창의미래인재대학,복지행정학과,,,True,True,True
가톨릭관동대학교,의과대학,의료경영학과,,,True,True,True
가톨릭관동대학교,창의융합공과대학,미래융합학과,,,True,True,True
가톨릭관동대학교,창의융합공과대학,의료공학과,,,True,True,True
가톨릭관동대학교,창의융합공과대학,건축공학과,,,True,True,True
가톨릭관동대학교,창의융합공과대학,건축학과(5년제),,,True,True,True
가톨릭관동대학교,창의융합공과대학,컴퓨터공학전공,,,True,True,True
가톨릭관동대학교,창의융합공과대학,정보통신공학전공,,,True,True,True
가톨릭관동대학교,창의융합공과대학,ICT공학부,,,True,True,True
가톨릭관동대학교,창의융합공과대학,전자공학전공,,,True,True,True
가톨릭관동대학교,창의융합공과대학,에너지융합공학부,,,True,True,True
가톨릭관동대학교,창의융합공과대학,에너지플랜트공학전공,,,True,True,True
가톨릭관동대학교,창의융합공과대학,토목공학전공,,,True,True,True
가톨릭관동대학교,창의융합공과대학,환경공학전공,,,True,True,True
가톨릭관동대학교,창의융합공과대학,에너지자원공학전공,,,True,True,True
가톨릭관동대학교,관광스포츠대학,호텔조리・외식경영학전공,,,True,True,True
가톨릭관동대학교,관광스포츠대학,호텔학부,,,True,True,True
가톨릭관동대학교,관광스포츠대학,스포츠건강관리학과,,,True,True,True
가톨릭관동대학교,관광스포츠대학,스포츠레저학전공,,,True,True,True
가톨릭관동대학교,관광스포츠대학,관광스포츠레저학부,,,True,True,True
가톨릭관동대학교,인문경영대학,실용음악학과,,,True,True,True
가톨릭관동대학교,인문경영대학,디자인전공,,,True,True,True
가톨릭관동대학교,인문경영대학,광고홍보학전공,,,True,True,True
가톨릭관동대학교,인문경영대학,광고크리에이티브학부,,,True,True,True
가톨릭관동대학교,인문경영대학,경영정보학과,,,True,True,True
가톨릭관동대학교,인문경영대학,경제금융학과,,,True,True,True
가톨릭관동대학교,인문경영대학,경영학과,,,True,True,True
가톨릭관동대학교,인문경영대학,사학과,,,True,True,True
가톨릭관동대학교,인문경영대학,중국학전공,,,True,True,True
가톨릭관동대학교,인문경영대학,일어일문학전공,,,True,True,True
가톨릭관동대학교,인문경영대학,글로벌어문학부,,,True,True,True
가톨릭관동대학교,인문경영대학,영어영문학전공,,,True,True,True
가톨릭관동대학교,인문경영대학,미디어문학전공,,,True,True,True
가톨릭관동대학교,경찰법정대학,사회복지학과,,,True,True,True
영남신학대학교,단과대구분없음,상담심리학과,,,True,True,True
경상국립대학교,공과대학,전기에너지공학과,,,True,True,True
고려대학교(세종),과학기술대학,디스플레이・반도체물리학과,,,True,True,True
한서대학교,단과대구분없음,"식품,화공생명공학과",,,True,True,True
한서대학교,단과대구분없음,미디어문예창작학과,,,True,True,True
광주대학교,경영대학,국제물류무역학과,,,True,True,True
광주대학교,문화예술대학,뷰티미용학과,,,True,True,True
광주대학교,인문사회대학,국제언어문화학부,,,True,True,True
한서대학교,단과대구분없음,"영화영상학과(연출, 스텝, 연기)",,,True,True,True
한서대학교,단과대구분없음,공간디자인학과,,,True,True,True
차의과학대학교,융합과학대학,미술치료학과,,,True,True,True
목포해양대학교,해사대학,해양메카트로닉스학부,,,True,True,True
가천대학교,보건과학대학,의용생체공학과,,,True,True,True
목포해양대학교,해사대학,항해정보시스템학부,,,True,True,True
목포해양대학교,해사대학,항해학부,,,True,True,True
강원대학교,산림환경과학대학,산림바이오소재공학전공,,,True,True,True
강원대학교,경영대학,국제무역학전공,,,True,True,True
강원대학교,공학대학,에너지자원융합공학전공,,,True,True,True
강원대학교,공학대학,에너지화학공학전공,,,True,True,True
강원대학교,공과대학,메카트로닉스공학과,,,True,True,True
강원대학교,공학대학,사회기반시스템공학과,,,True,True,True
강원대학교,공학대학,환경해양건설공학과,,,True,True,True
강원대학교,공학대학,건축시스템공학과,,,True,True,True
강원대학교,공학대학,기계설계공학과,,,True,True,True
강원대학교,경영대학,글로벌비즈니스학과,,,True,True,True
부산대학교,나노과학기술대학,광메카트로닉스공학과,,,True,True,True
동신대학교,문화관광대학,항공서비스학과,,,True,True,True
대구가톨릭대학교,단과대구분없음,글로벌비즈니스전공,,,True,True,True
대구가톨릭대학교,단과대구분없음,중국비즈니스전공,,,True,True,True
대구가톨릭대학교,단과대구분없음,중앙아시아비즈니스전공,,,True,True,True
대구가톨릭대학교,단과대구분없음,라틴문화콘텐츠전공,,,True,True,True
대구가톨릭대학교,단과대구분없음,중남미비즈니스전공,,,True,True,True
한국폴리텍 I 대학 서울정수캠퍼스,단과대구분없음,시각디자인과,,,True,True,True
경성대학교,공과대학,식품생명공학전공,,,True,True,True
동명대학교,인문사회대학,자율전공학부,,,True,True,True
강원대학교,공과대학,건축학전공(5년제),,,True,True,True
동명대학교,공과대학,의용공학과,,,True,True,True
동명대학교,공과대학,항만물류시스템학과,,,True,True,True
동명대학교,경영대학,국제물류학과,,,True,True,True
가천대학교,예술대학,미술·디자인학부(디자인),,,True,True,True
가천대학교,의과대학,의예과,,,True,True,True
동의대학교,ICT공과대학,게임영상공학전공,,,True,True,True
동의대학교,ICT공과대학,컴퓨터공학전공,,,True,True,True
동의대학교,ICT공과대학,컴퓨터소프트웨어공학전공,,,True,True,True
동의대학교,ICT공과대학,컴퓨터공학부,,,True,True,True
동의대학교,인문대학,국어국문・문예창작학과,,,True,True,True
한국체육대학교,생활체육대학,노인체육복지학과,,,True,True,True
전주대학교,경영대학,물류무역학과,,,True,True,True
전주대학교,공과대학,정보통신공학과,,,True,True,True
전주대학교,공과대학,전기전자공학과,,,True,True,True
전주대학교,인문대학,신학과경배찬양학과,,,True,True,True
전주대학교,의과학대학,환경보건학과,,,True,True,True
전주대학교,의과학대학,운동처방학과,,,True,True,True
전주대학교,문화산업예술체육대학,음악학과,,,True,True,True
전주대학교,문화산업예술체육대학,시각디자인학과,,,True,True,True
전주대학교,문화산업예술체육대학,생활체육학과,,,True,True,True
전주대학교,문화산업예술체육대학,경기지도학과,,,True,True,True
전주대학교,문화산업예술체육대학,산업디자인학과,,,True,True,True
전주대학교,문화산업예술체육대학,영화방송제작학과,,,True,True,True
전주대학교,문화산업예술체육대학,스마트미디어학과,,,True,True,True
전주대학교,문화산업예술체육대학,공연엔터테인먼트학과,,,True,True,True
전주대학교,단과대구분없음,기초융합교육원,,,True,True,True
전주대학교,문화산업예술체육대학,예술심리치료학과,,,True,True,True
전주대학교,의과학대학,건강기능식품학과,,,True,True,True
세종사이버대학교,단과대구분없음,한국어학과,,,True,True,True
대구가톨릭대학교,단과대구분없음,MICEㆍ의료관광전공,,,True,True,True
동서대학교,단과대구분없음,미디어커뮤니케이션학부,,,True,True,True
아신대학교,단과대구분없음,기타모집단위,,,True,True,True
아신대학교,단과대구분없음,기독교교육학과,,,True,True,True
배재대학교,아펜젤러대학,제약공학과,,,True,True,True
계명대학교,음악공연예술대학,뮤직프로덕션전공,,,True,True,True
백석대학교,단과대구분없음,문화예술학부 실용음악전공,,,True,True,True
동의대학교,ICT공과대학,디지털문화콘텐츠학전공,,,True,True,True
동의대학교,ICT공과대학,컴퓨터과학전공,,,True,True,True
동의대학교,ICT공과대학,멀티미디어공학전공,,,True,True,True
동의대학교,ICT공과대학,컴퓨터응용공학부,,,True,True,True
동의대학교,상경대학,유통물류학과,,,True,True,True
선문대학교,인문사회대학,한국언어문화학과,,,True,True,True
선문대학교,인문사회대학,동북아학과,,,True,True,True
선문대학교,건강보건대학,생명과학과,,,True,True,True
선문대학교,건강보건대학,무도학과,,,True,True,True
선문대학교,건강보건대학,사회체육학과,,,True,True,True
선문대학교,신학순결대학,통일신학부,,,True,True,True
선문대학교,신학순결대학,순결가정문화학과,,,True,True,True
선문대학교,신학순결대학,통일신학과,,,True,True,True
선문대학교,건강보건대학,응용생물과학부,,,True,True,True
선문대학교,인문사회대학,문화콘텐츠학과,,,True,True,True
선문대학교,인문사회대학,역사학과,,,True,True,True
선문대학교,인문사회대학,국어국문학과,,,True,True,True
선문대학교,신학순결대학,신학순결학과,,,True,True,True
선문대학교,인문사회대학,행정학과,,,True,True,True
선문대학교,인문사회대학,언론광고학부,,,True,True,True
선문대학교,인문사회대학,상담ㆍ산업심리학과,,,True,True,True
선문대학교,인문사회대학,법학과,,,True,True,True
선문대학교,인문사회대학,경찰행정법학과,,,True,True,True
호서대학교,예체능대학,문화기획전공,,,True,True,True
호서대학교,예체능대학,애니메이션전공,,,True,True,True
호서대학교,예체능대학,실용음악전공,,,True,True,True
호서대학교,예체능대학,음악전공,,,True,True,True
호서대학교,예체능대학,문화예술학부,,,True,True,True
호서대학교,공과대학,환경공학전공,,,True,True,True
호서대학교,공과대학,토목공학전공,,,True,True,True
호서대학교,공과대학,건축학전공,,,True,True,True
호서대학교,공과대학,건축공학전공,,,True,True,True
호서대학교,공과대학,건축토목환경공학부,,,True,True,True
호서대학교,생명보건과학대학,임상병리학과,,,True,True,True
호서대학교,생명보건과학대학,물리치료학과,,,True,True,True
호서대학교,생명보건과학대학,간호학과,,,True,True,True
호서대학교,생명보건과학대학,제약공학전공,,,True,True,True
호서대학교,생명보건과학대학,한방화장품과학전공,,,True,True,True
호서대학교,생명보건과학대학,식품공학전공,,,True,True,True
호서대학교,생명보건과학대학,식품영양학전공,,,True,True,True
호서대학교,생명보건과학대학,바이오산업학부,,,True,True,True
호서대학교,생명보건과학대학,생명공학전공,,,True,True,True
호서대학교,생명보건과학대학,생명과학전공,,,True,True,True
호서대학교,사회과학대학,행정학전공,,,True,True,True
호서대학교,사회과학대학,법학전공,,,True,True,True
호서대학교,생명보건과학대학,생명과학부,,,True,True,True
호서대학교,생명보건과학대학,자연과학부,,,True,True,True
호서대학교,생명보건과학대학,수학전공,,,True,True,True
호서대학교,사회과학대학,노인복지학전공,,,True,True,True
호서대학교,사회과학대학,응용통계학과,,,True,True,True
호서대학교,사회과학대학,법정학부,,,True,True,True
호서대학교,인문대학,중어중국학전공,,,True,True,True
호서대학교,인문대학,영어영문학전공,,,True,True,True
호서대학교,예체능대학,문화콘텐츠창작전공,,,True,True,True
호서대학교,인문대학,한국언어문화전공,,,True,True,True
호서대학교,인문대학,어문학부,,,True,True,True
호서대학교,사회과학대학,유아교육과,,,True,True,True
호서대학교,사회과학대학,청소년문화.상담학과,,,True,True,True
호서대학교,사회과학대학,사회복지학전공,,,True,True,True
호서대학교,사회과학대학,사회복지학부,,,True,True,True
호서대학교,인문대학,기독교학과,,,True,True,True
영남대학교,자연자원대학,산림자원및조경학과,,,True,True,True
건양대학교,기초교양교육대학,기초교양교육대학,,,True,True,True
건양대학교,의료공과대학,의료공간디자인학과,,,True,True,True
건양대학교,의료공과대학,의공학부,,,True,True,True
건양대학교,간호대학,간호학과,,,True,True,True
건양대학교,의과학대학,병원경영학과,,,True,True,True
용인대학교,보건복지대학,사회복지학과,,,True,True,True
용인대학교,문화예술대학,뮤지컬·실용음악과,,,True,True,True
용인대학교,문화예술대학,연극학과,,,True,True,True
상명대학교,경영대학,글로벌경영학과,,,True,True,True
영남대학교,디자인미술대학,트랜스아트전공,,,True,True,True
선문대학교,인문사회대학,역사문화콘텐츠학과,,,True,True,True
선문대학교,인문사회대학,사회복지학과,,,True,True,True
세명대학교,인문대학,미디어문화학부,,,True,True,True
세명대학교,자연과학대학,한방바이오융합학과,,,True,True,True
세명대학교,자연과학대학,식품영양학과,,,True,True,True
세명대학교,자연과학대학,한방바이오융합과학부,,,True,True,True
세명대학교,예체능대학,생활체육학과,,,True,True,True
세명대학교,예체능대학,융합디자인학부,,,True,True,True
세명대학교,사회과학대학,호텔관광경영학과,,,True,True,True
세명대학교,사회과학대학,글로벌경영학부,,,True,True,True
세명대학교,사회과학대학,경찰.공공행정학부,,,True,True,True
선문대학교,인문사회대학,미디어커뮤니케이션학과,,,True,True,True
선문대학교,인문사회대학,글로벌한국학과,,,True,True,True
한국폴리텍 I 대학 서울강서캠퍼스,단과대구분없음,패션산업과,,,True,True,True
을지대학교,보건과학대학,미용화장품과학과,,,True,True,True
강원대학교,산림환경과학대학,제지공학전공,,,True,True,True
강원대학교,공과대학,시스템경영공학과,,,True,True,True
강원대학교,산림환경과학대학,산림자원학전공,,,True,True,True
강원대학교,공학대학,건축디자인학과,,,True,True,True
위덕대학교,다빈치칼리지,다빈치칼리지,,,True,True,True
한국폴리텍 V 대학 전남캠퍼스,단과대구분없음,컴퓨터응용기계설계과,,,True,True,True
한국폴리텍 V 대학 전남캠퍼스,단과대구분없음,컴퓨터응용기계과,,,True,True,True
영산대학교,창조문화대학,게임ㆍ콘텐츠전공,,,True,True,True
영산대학교,창조문화대학,영화영상전공,,,True,True,True
영산대학교,창조문화대학,방송전공,,,True,True,True
영산대학교,창조문화대학,게임ㆍ영화학부,,,True,True,True
영산대학교,창조문화대학,방송연예학부,,,True,True,True
영산대학교,창조문화대학,광고홍보학과,,,True,True,True
영산대학교,글로벌비즈니스대학,중국비즈니스학과,,,True,True,True
영산대학교,글로벌비즈니스대학,해운항만경영학과,,,True,True,True
영산대학교,글로벌비즈니스대학,아세안비즈니스학과,,,True,True,True
영산대학교,글로벌비즈니스대학,한국비즈니스학과,,,True,True,True
영산대학교,글로벌비즈니스대학,인도비즈니스학과,,,True,True,True
영산대학교,글로벌비즈니스대학,일본비즈니스학과,,,True,True,True
영산대학교,글로벌비즈니스대학,영어학과,,,True,True,True
영산대학교,호텔관광대학,해양레저관광학과,,,True,True,True
영산대학교,창조인재대학,동양무예전공,,,True,True,True
영산대학교,창조인재대학,태권도전공,,,True,True,True
영산대학교,창조인재대학,행정전공,,,True,True,True
영산대학교,창조인재대학,법률전공,,,True,True,True
영산대학교,창조인재대학,태권도학부,,,True,True,True
영산대학교,창조인재대학,공직인재학부,,,True,True,True
영산대학교,창조인재대학,경찰행정학과,,,True,True,True
영산대학교,창조인재대학,자유전공학부,,,True,True,True
영산대학교,글로벌비즈니스대학,국제무역학과,,,True,True,True
영산대학교,글로벌비즈니스대학,부동산금융학과,,,True,True,True
영산대학교,글로벌비즈니스대학,경영학과,,,True,True,True
한국폴리텍 IV 대학 대전캠퍼스,단과대구분없음,정보통신시스템과,,,True,True,True
중앙대학교,창의ICT공과대학,전자전기공학부,,,True,True,True
중앙대학교,창의ICT공과대학,융합공학부,,,True,True,True
중앙대학교,경영경제대학,경영학부(경영학전공),,,True,True,True
중앙대학교,경영경제대학,경영학부(글로벌금융전공),,,True,True,True
중앙대학교,생명공학대학,식품공학부(식품영양전공),,,True,True,True
중앙대학교,생명공학대학,식품공학부(식품공학전공),,,True,True,True
중앙대학교,생명공학대학,식품공학부,,,True,True,True
중앙대학교,생명공학대학,시스템생명공학과,,,True,True,True
중앙대학교,생명공학대학,생명자원공학부(식물시스템과학전공),,,True,True,True
중앙대학교,생명공학대학,생명자원공학부(동물생명공학전공),,,True,True,True
중앙대학교,생명공학대학,생명자원공학부,,,True,True,True
중앙대학교,사회과학대학,미디어커뮤니케이션학부,,,True,True,True
중앙대학교,경영경제대학,산업보안학과,,,True,True,True
한양대학교(ERICA),공학대학,국방정보공학과,,,True,True,True
한양대학교(ERICA),공학대학,전자공학부,,,True,True,True
선문대학교,공과대학,건축사회환경학부,,,True,True,True
선문대학교,공과대학,기계ICT융합공학부,,,True,True,True
선문대학교,인문사회대학,상담심리사회복지학과,,,True,True,True
선문대학교,건강보건대학,BT융합제약공학과,,,True,True,True
동아대학교,건강과학대학,건강관리학과,,,True,True,True
동아대학교,예술체육대학,미술학과,,,True,True,True
동아대학교,디자인환경대학,건축학과,,,True,True,True
동아대학교,예술체육대학,음악학과,,,True,True,True
동아대학교,예술체육대학,체육학과,,,True,True,True
한국폴리텍 I 대학 서울강서캠퍼스,단과대구분없음,디지털콘텐츠과,,,True,True,True
동아대학교,글로벌비즈니스대학,글로벌비즈니스학과,,,True,True,True
동아대학교,예술체육대학,태권도경호학과,,,True,True,True
동아대학교,예술체육대학,음악학과 실용음악전공,,,True,True,True
동아대학교,예술체육대학,음악학과 성악ㆍ작곡전공,,,True,True,True
동아대학교,예술체육대학,음악학과 관현악전공,,,True,True,True
한국폴리텍 I 대학 서울강서캠퍼스,단과대구분없음,패션디자인과(2년제),,,True,True,True
동아대학교,예술체육대학,음악학과 피아노전공,,,True,True,True
동아대학교,디자인환경대학,산업디자인학과,,,True,True,True
동아대학교,디자인환경대학,건축학과 실내건축디자인전공,,,True,True,True
동아대학교,디자인환경대학,건축학과 건축학전공(5년제),,,True,True,True
동아대학교,디자인환경대학,조경학과,,,True,True,True
동아대학교,디자인환경대학,도시계획공학과,,,True,True,True
동아대학교,건강과학대학,의약생명공학과,,,True,True,True
동아대학교,건강과학대학,식품영양학과,,,True,True,True
상지대학교,인문사회과학대학,법부동산학부 부동산학전공,,,True,True,True
동아대학교,디자인환경대학,패션디자인학과,,,True,True,True
동아대학교,공과대학,조선해양플랜트공학과,,,True,True,True
동아대학교,인문과학대학,중국어학과,,,True,True,True
동아대학교,인문과학대학,한국어문학과,,,True,True,True
동아대학교,인문과학대학,철학생명의료윤리학과,,,True,True,True
상지대학교,이공과대학,신에너지.자원공학과,,,True,True,True
한국해양대학교,해사대학,해사글로벌학부,,,True,True,True
한국해양대학교,해사대학,해사IT공학부,,,True,True,True
평택대학교,단과대구분없음,데이터정보학과,,,True,True,True
강원대학교,산림환경과학대학,산림환경보호학전공,,,True,True,True
한양대학교(ERICA),언론정보대학,광고홍보학과,,,True,True,True
초당대학교,단과대구분없음,국제학부,,,True,True,True
전남대학교,예술대학,국악학과,,,True,True,True
전남대학교,농업생명과학대학,농식품생명화학부,,,True,True,True
우송대학교,단과대구분없음,글로벌호텔매니지먼트학과,,,True,True,True
우송대학교,단과대구분없음,뷰티디자인경영학과,,,True,True,True
우송대학교,단과대구분없음,사회복지・아동학부 사회복지전공,,,True,True,True
우송대학교,단과대구분없음,사회복지・아동학부 아동복지전공,,,True,True,True
우송대학교,단과대구분없음,철도건설시스템학부,,,True,True,True
우송대학교,단과대구분없음,솔브릿지경영학부,,,True,True,True
부산디지털대학교,단과대구분없음,외식조리경영학전공,,,True,True,True
부산디지털대학교,단과대구분없음,보건경영교육학부,,,True,True,True
한남대학교,생명ㆍ나노과학대학,융합기술·경영학과,,,True,True,True
한남대학교,공과대학,컴퓨터통신무인기술학과,,,True,True,True
한남대학교,문과대학,역사·철학상담학과,,,True,True,True
한남대학교,문과대학,국어국문·창작학과,,,True,True,True
한남대학교,단과대구분없음,린튼글로벌비즈니스스쿨,,,True,True,True
한남대학교,사회과학대학,정치·언론·국방학과,,,True,True,True
한남대학교,단과대구분없음,글로벌 IT 경영전공,,,True,True,True
한남대학교,문과대학,일본·프랑스어문학과,,,True,True,True
한남대학교,단과대구분없음,글로벌비즈니스전공,,,True,True,True
한남대학교,문과대학,영어영문학과,,,True,True,True
한남대학교,교양융복합대학,문화관광학전공,,,True,True,True
한남대학교,공과대학,멀티미디어학과,,,True,True,True
한남대학교,생명ㆍ나노과학대학,화공신소재공학과,,,True,True,True
한국공학대학교,기업인재대학,기업경영학과,,,True,True,True
한국공학대학교,기업인재대학,디지털융합공학과,,,True,True,True
한국공학대학교,기업인재대학,기술경영융합학과,,,True,True,True
한국공학대학교,기업인재대학,LED공학과,,,True,True,True
한국공학대학교,기업인재대학,부품소재공학과,,,True,True,True
한국공학대학교,기업인재대학,컴퓨터융합공학과,,,True,True,True
한국공학대학교,기업인재대학,전자제어공학과,,,True,True,True
한국공학대학교,기업인재대학,메카트로닉스시스템공학과,,,True,True,True
한국공학대학교,기업인재대학,기계설계・시스템공학과,,,True,True,True
한국공학대학교,기업인재대학,기계제조공학과,,,True,True,True
조선대학교,의과대학,의예과,,,True,True,True
조선대학교,체육대학,공연예술무용과,,,True,True,True
한국체육대학교,생활체육대학,특수체육교육과,,,True,True,True
한국공학대학교,기업인재대학,정보통신기술공학과,,,True,True,True
한국공학대학교,기업인재대학,스마트기계공학과,,,True,True,True
동의대학교,ICT공과대학,디지털영상공학부,,,True,True,True
연세대학교,이과대학,대기과학과,,,True,True,True
연세대학교,이과대학,천문우주학과,,,True,True,True
부산디지털대학교,단과대구분없음,보건행정학전공,,,True,True,True
한국산업기술대학교(산업대),기업인재대학,환경경영학과,,,True,True,True
한국산업기술대학교(산업대),기업인재대학,전자제어공학과,,,True,True,True
한국산업기술대학교(산업대),기업인재대학,부품소재공학과,,,True,True,True
한국산업기술대학교(산업대),기업인재대학,기계제조공학과,,,True,True,True
한국산업기술대학교(산업대),기업인재대학,기계설계・시스템공학과,,,True,True,True
한국산업기술대학교(산업대),기업인재대학,LED공학과,,,True,True,True
경희대학교,경영대학,경영학과,,,True,True,True
한국공학대학교,기업인재대학,지식융합학부(교양),,,True,True,True
한국공학대학교,기업인재대학,산업융합학과,,,True,True,True
한림대학교,사회과학대학,광고홍보학과,,,True,True,True
조선대학교,미술대학,미술학과(현대조형미디어전공),,,True,True,True
연세대학교,언더우드국제대학,융합인문사회계열(HASS계열),,,True,True,True
단국대학교,단과대구분없음,사범대학,,,True,True,True
단국대학교,단과대구분없음,약학대학,,,True,True,True
단국대학교,단과대구분없음,치과대학,,,True,True,True
단국대학교,단과대구분없음,보건과학대학,,,True,True,True
단국대학교,단과대구분없음,의과대학,,,True,True,True
단국대학교,단과대구분없음,스포츠과학대학,,,True,True,True
단국대학교,단과대구분없음,생명자원과학대학,,,True,True,True
단국대학교,단과대구분없음,자연과학대학,,,True,True,True
단국대학교,단과대구분없음,공공인재대학,,,True,True,True
단국대학교,융합기술대학,원자력융합공학과,,,True,True,True
단국대학교,단과대구분없음,국제학부,,,True,True,True
단국대학교,단과대구분없음,음악대학,,,True,True,True
단국대학교,단과대구분없음,예술디자인대학,,,True,True,True
단국대학교,단과대구분없음,건축대학,,,True,True,True
단국대학교,단과대구분없음,상경대학,,,True,True,True
단국대학교,단과대구분없음,사회과학대학,,,True,True,True
단국대학교,단과대구분없음,법과대학,,,True,True,True
단국대학교,예술디자인대학,패션산업디자인과,,,True,True,True
단국대학교,예술디자인대학,커뮤니케이션디자인과,,,True,True,True
단국대학교,예술디자인대학,영화전공,,,True,True,True
단국대학교,예술디자인대학,연극전공,,,True,True,True
단국대학교,예술디자인대학,무용과,,,True,True,True
단국대학교,예술디자인대학,도예과,,,True,True,True
단국대학교,예술디자인대학,뮤지컬전공,,,True,True,True
단국대학교,예술디자인대학,공연영화학부,,,True,True,True
대구대학교,사범대학,과학교육학부(지구과학교육전공),,,True,True,True
우송대학교,단과대구분없음,IT융합학부 컴퓨터정보·보안전공,,,True,True,True
서울과학기술대학교,인문사회대학,영어영문학과,,,True,True,True
우송대학교,단과대구분없음,스포츠건강재활학부 스포츠재활전공,,,True,True,True
우송대학교,단과대구분없음,스포츠건강재활학부 스포츠건강관리전공,,,True,True,True
서울과학기술대학교,공과대학,건설시스템공학과,,,True,True,True
대구대학교,공과대학,기계융복합공학과,,,True,True,True
한성대학교,상상력 교양교육원,상상력 교양교육원,,,True,True,True
조선대학교,치과대학,치의예과,,,True,True,True
동서대학교,단과대구분없음,기타모집단위,,,True,True,True
신라대학교,단과대구분없음,기타모집단위,,,True,True,True
세명대학교,사회과학대학,고령친화융복합학과,,,True,True,True
한림대학교,교양기초교육대학,교양기초교육대학,,,True,True,True
부경대학교,공과대학,융합디스플레이공학과,,,True,True,True
중원대학교,단과대구분없음,예술학부,,,True,True,True
중원대학교,항공대학,항공재료공학과,,,True,True,True
중원대학교,단과대구분없음,레저스포츠학과,,,True,True,True
중원대학교,의료보건대학,뷰티헬스학과,,,True,True,True
중원대학교,단과대구분없음,산업디자인학과,,,True,True,True
중원대학교,단과대구분없음,연극영화학과,,,True,True,True
중원대학교,항공대학,항공서비스학과,,,True,True,True
중원대학교,이공대학,식품공학과,,,True,True,True
중원대학교,이공대학,의약바이오학과,,,True,True,True
중원대학교,인문사회과학대학,법무법학과,,,True,True,True
중원대학교,인문사회과학대학,종교문화학과,,,True,True,True
서울한영대학교,인문대학,상담심리학과,,,True,True,True
서울한영대학교,인문대학,아동학과,,,True,True,True
서울한영대학교,인문대학,사회복지학과,,,True,True,True
화신사이버대학교,단과대구분없음,실용외국어학과,,,True,True,True
나사렛대학교,미래사회대학,호텔관광경영학과,,,True,True,True
나사렛대학교,미래사회대학,국제경영학과,,,True,True,True
나사렛대학교,ITㆍ보건융합대학,IT학부,,,True,True,True
서경대학교,예술대학,실용음악학과,,,True,True,True
연세대학교,공과대학,글로벌융합공학부,,,True,True,True
세종대학교,전자정보공학대학,전자정보통신공학과,,,True,True,True
세종대학교,호텔관광대학,호텔관광경영학전공/호텔관광외식경영학부,,,True,True,True
세종대학교,인문과학대학,중국통상학전공/국제학부,,,True,True,True
세종대학교,인문과학대학,일어일문학전공/국제학부,,,True,True,True
세종대학교,인문과학대학,영어영문학전공/국제학부,,,True,True,True
우송대학교,단과대구분없음,글로벌조리학과,,,True,True,True
위덕대학교,에너지시스템기술대학,전기공학전공,,,True,True,True
건양대학교,의료공과대학,의료IT공학과,,,True,True,True
동국대학교(WISE),과학기술대학,신소재화학과(자연),,,True,True,True
한일장신대학교,단과대구분없음,기타모집단위,,,True,True,True
우송대학교,단과대구분없음,글로벌철도융합학과,,,True,True,True
강원대학교,자연과학대학,지구물리학전공,,,True,True,True
강원대학교,자연과학대학,지질학전공,,,True,True,True
강원대학교,동물생명과학대학,축산과학전공,,,True,True,True
강원대학교,동물생명과학대학,사료생산과학전공,,,True,True,True
강원대학교,동물생명과학대학,축산식품과학전공,,,True,True,True
강원대학교,동물생명과학대학,동물생명공학전공,,,True,True,True
강원대학교,농업생명과학대학,식물자원응용과학전공,,,True,True,True
우송대학교,단과대구분없음,글로벌의료서비스경영학과,,,True,True,True
대구가톨릭대학교,글로벌비즈니스대학,정치외교학과,,,True,True,True
대구가톨릭대학교,사회과학대학,행정학과,,,True,True,True
대구가톨릭대학교,사회과학대학,경찰행정학과,,,True,True,True
대구가톨릭대학교,사회과학대학,법학과,,,True,True,True
유원대학교,단과대구분없음,자동차소프트웨어학과,,,True,True,True
부산대학교,생명자원과학대학,조경학과(한국조경사회),,,True,True,True
유원대학교,단과대구분없음,사회복지학과,,,True,True,True
인하대학교,공과대학,공간정보공학과,,,True,True,True
유원대학교,단과대구분없음,스마트IT학과,,,True,True,True
충남대학교,사회과학대학,행정학부,,,True,True,True
한신대학교,글로벌협력대학,동아시아시민사회전공,,,True,True,True
한신대학교,글로벌협력대학,국제경영전공,,,True,True,True
한신대학교,사회과학대학,미디어영상전공,,,True,True,True
한신대학교,사회과학대학,광고홍보전공,,,True,True,True
한신대학교,휴먼서비스대학,임상심리전공,,,True,True,True
한신대학교,인문대학,독일문화산업전공,,,True,True,True
충남대학교,공과대학,응용화학공학과,,,True,True,True
충남대학교,공과대학,신소재공학과,,,True,True,True
충남대학교,공과대학,기계공학부,,,True,True,True
경주대학교,보건복지대학,동물·자연보호학과,,,True,True,True
경주대학교,관광외국어대학,국제관광영어과,,,True,True,True
경주대학교,문화예술대학,실용음악공연학과,,,True,True,True
경주대학교,산업기술대학,신재생에너지학과,,,True,True,True
경주대학교,문화예술대학,시각예술디자인학과,,,True,True,True
경주대학교,관광대학,항공운항서비스학과,,,True,True,True
광주대학교,인문사회대학,기타모집단위,,,True,True,True
유원대학교,단과대구분없음,소방행정전공,,,True,True,True
유원대학교,단과대구분없음,경찰행정전공,,,True,True,True
유원대학교,단과대구분없음,경찰소방행정학부,,,True,True,True
동서대학교,디자인대학,패션디자인학전공,,,True,True,True
삼육대학교,단과대구분없음,기타모집단위,,,True,True,True
한국공학대학교,기업인재대학,지식서비스공학과,,,True,True,True
충남대학교,의과대학,의예과,,,True,True,True
충남대학교,공과대학,전파정보통신공학과,,,True,True,True
동서대학교,디자인대학,멀티미디어디자인학전공,,,True,True,True
동서대학교,디자인대학,비쥬얼디자인학전공,,,True,True,True
동서대학교,디자인대학,산업디자인학전공,,,True,True,True
동서대학교,디자인대학,시각디자인학전공,,,True,True,True
동서대학교,디자인대학,영상디자인학전공,,,True,True,True
동서대학교,디자인대학,프로덕트디자인학전공,,,True,True,True
동서대학교,디자인대학,환경디자인학전공,,,True,True,True
고려사이버대학교,단과대구분없음,디자인공학과,,,True,True,True
고려사이버대학교,단과대구분없음,보건행정학과,,,True,True,True
서울신학대학교,단과대구분없음,관광경영학과,,,True,True,True
숭실사이버대학교,단과대구분없음,컴퓨터소프트웨어학과,,,True,True,True
숭실사이버대학교,단과대구분없음,기독교상담복지학과,,,True,True,True
숭실사이버대학교,단과대구분없음,청소년코칭상담학과,,,True,True,True
숭실사이버대학교,단과대구분없음,시각디자인학과,,,True,True,True
숭실사이버대학교,단과대구분없음,뷰티미용예술학과,,,True,True,True
숭실사이버대학교,단과대구분없음,법ㆍ행정학과,,,True,True,True
숭실사이버대학교,단과대구분없음,방송문예창작학과,,,True,True,True
청운대학교,경영대학,글로벌경영학과,,,True,True,True
청운대학교,공과대학,컴퓨터공학과,,,True,True,True
금오공과대학교,단과대구분없음,신소재공학부,,,True,True,True
금오공과대학교,단과대구분없음,사회인프라공학과,,,True,True,True
금오공과대학교,단과대구분없음,[화학소재]에너지화학공학전공,,,True,True,True
금오공과대학교,단과대구분없음,[화학소재]응용화학전공,,,True,True,True
금오공과대학교,단과대구분없음,[화학소재]환경공학전공,,,True,True,True
금오공과대학교,단과대구분없음,[화학소재]고분자공학전공,,,True,True,True
금오공과대학교,단과대구분없음,화학소재융합학부,,,True,True,True
한국열린사이버대학교,자연예술대학,재난소방학과,,,True,True,True
한국열린사이버대학교,자연예술대학,컴퓨터정보학과,,,True,True,True
한국열린사이버대학교,인문사회대학,창업컨설팅학과,,,True,True,True
창원대학교,자연과학대학,생물학화학융합학부,,,True,True,True
창원대학교,자연과학대학,생명보건학부,,,True,True,True
창원대학교,공과대학,산업조선해양공학부,,,True,True,True
건국대학교,예술디자인대학,현대미술학과,,,True,True,True
건국대학교,예술디자인대학,텍스타일디자인학과,,,True,True,True
건국대학교,예술디자인대학,커뮤니케이션디자인학과,,,True,True,True
건국대학교,예술디자인대학,의상디자인학과,,,True,True,True
건국대학교,예술디자인대학,영화학과,,,True,True,True
건국대학교,예술디자인대학,영상학과,,,True,True,True
건국대학교,예술디자인대학,산업디자인학과,,,True,True,True
건국대학교,예술디자인대학,공예학과,,,True,True,True
건국대학교,글로벌융합대학,융합인재학부,,,True,True,True
건국대학교,글로벌융합대학,공공인재전공,,,True,True,True
건국대학교,글로벌융합대학,과학인재전공,,,True,True,True
청운대학교,공과대학,토목환경공학과,,,True,True,True
청운대학교,보건복지간호대학,사회복지학과,,,True,True,True
청운대학교,보건복지간호대학,식품영양학과,,,True,True,True
청운대학교,공연영상디자인대학,공간디자인학과,,,True,True,True
청운대학교,공연영상디자인대학,무대예술학과,,,True,True,True
청운대학교,보건복지간호대학,간호학과,,,True,True,True
순천대학교,공과대학,신소재공학과,,,True,True,True
순천대학교,공과대학,정보통신·멀티미디어공학부(정보통신공학전공),,,True,True,True
순천대학교,공과대학,전기전자공학부(전자전공),,,True,True,True
순천대학교,공과대학,전기전자공학부(전기전공),,,True,True,True
순천대학교,공과대학,고분자·화학공학부(화학공학전공),,,True,True,True
순천대학교,생명산업과학대학,식품과학부(식품영양학전공),,,True,True,True
순천대학교,생명산업과학대학,식품과학부(식품공학전공),,,True,True,True
순천대학교,공과대학,정보통신·멀티미디어공학부,,,True,True,True
순천대학교,공과대학,전기전자공학부,,,True,True,True
순천대학교,공과대학,고분자·화학공학부,,,True,True,True
순천대학교,생명산업과학대학,식품과학부,,,True,True,True
창원대학교,경영대학,신산업융합학과(야),,,True,True,True
창원대학교,메카트로닉스대학,전기전자제어공학부,,,True,True,True
창원대학교,경영대학,글로벌비즈니스학부,,,True,True,True
창원대학교,단과대구분없음,문화테크노학과,,,True,True,True
창원대학교,공과대학,토목환경화공융합공학부,,,True,True,True
충북대학교,단과대구분없음,기타모집단위,,,True,True,True
세한대학교,단과대구분없음,공간문화컨텐츠학과,,,True,True,True
수원대학교,교양대학,교양대학,,,True,True,True
이화여자대학교,스크랜튼대학,뇌·인지과학전공,,,True,True,True
유원대학교,단과대구분없음,경영학부,,,True,True,True
유원대학교,단과대구분없음,의료경영전공,,,True,True,True
유원대학교,단과대구분없음,경영전공,,,True,True,True
중원대학교,단과대구분없음,경호학과,,,True,True,True
중원대학교,의료보건대학,보건행정학과,,,True,True,True
중원대학교,항공대학,항공정비학과,,,True,True,True
중원대학교,항공대학,항공운항학과,,,True,True,True
중원대학교,이공대학,신재생에너지자원학과,,,True,True,True
중원대학교,인문사회과학대학,아동보육상담학과,,,True,True,True
한신대학교,휴먼서비스대학,아동보육전공,,,True,True,True
디지털서울문화예술대학교,단과대구분없음,반려동물학과,,,True,True,True
디지털서울문화예술대학교,단과대구분없음,모델학과,,,True,True,True
디지털서울문화예술대학교,단과대구분없음,상담코칭심리학과,,,True,True,True
유원대학교,단과대구분없음,스포츠지도전공,,,True,True,True
유원대학교,단과대구분없음,체육전공,,,True,True,True
동서대학교,임권택영화영상예술대학,애니메이션&비주얼이펙트전공,,,True,True,True
동서대학교,임권택영화영상예술대학,애니메이션전공,,,True,True,True
동서대학교,임권택영화영상예술대학,디지털영상제작전공,,,True,True,True
동서대학교,임권택영화영상예술대학,디지털프로덕션전공,,,True,True,True
동서대학교,임권택영화영상예술대학,게임전공,,,True,True,True
동서대학교,임권택영화영상예술대학,연극전공,,,True,True,True
동서대학교,임권택영화영상예술대학,영화(Film&Video)전공,,,True,True,True
동서대학교,임권택영화영상예술대학,연극영화연기전공,,,True,True,True
동서대학교,임권택영화영상예술대학,Film & Video 전공,,,True,True,True
유원대학교,단과대구분없음,스포츠학부,,,True,True,True
성균관대학교,단과대구분없음,글로벌바이오메디컬엔지니어링학과,,,True,True,True
성균관대학교,공과대학,화학공학/고분자공학부,,,True,True,True
전북대학교,의과대학,의예과,,,True,True,True
전북대학교,예술대학,산업디자인학과,,,True,True,True
전북대학교,치과대학,치의예과,,,True,True,True
호서대학교,단과대구분없음,기술경영학과,,,True,True,True
화신사이버대학교,단과대구분없음,글로벌 문화학부,,,True,True,True
순천향대학교,산학평생대학,자동차산업공학과,,,True,True,True
순천향대학교,산학평생대학,융합기계학과,,,True,True,True
순천향대학교,산학평생대학,신뢰성품질공학과,,,True,True,True
부산디지털대학교,단과대구분없음,미술치료학전공,,,True,True,True
대구한의대학교,의과학대학,의료산업융합학부,,,True,True,True
한국공학대학교,기업인재대학,디지털디자인학과,,,True,True,True
공주대학교,단과대구분없음,국제금융공학전공,,,True,True,True
세종대학교,생명과학대학,바이오융합공학전공/생명시스템학부,,,True,True,True
세종대학교,생명과학대학,식품공학전공/생명시스템학부,,,True,True,True
카이스트(KAIST/한국과학기술원),인문사회융합과학대학,인문사회과학부,,,True,True,True
카이스트(KAIST/한국과학기술원),공과대학,전산학부,,,True,True,True
카이스트(KAIST/한국과학기술원),공과대학,전기및전자공학부,,,True,True,True
카이스트(KAIST/한국과학기술원),공과대학,산업및시스템공학과,,,True,True,True
카이스트(KAIST/한국과학기술원),공과대학,산업디자인학과,,,True,True,True
카이스트(KAIST/한국과학기술원),공과대학,바이오및뇌공학과,,,True,True,True
카이스트(KAIST/한국과학기술원),공과대학,항공우주공학과,,,True,True,True
카이스트(KAIST/한국과학기술원),공과대학,기계공학과,,,True,True,True
공주대학교,산업과학대학,지역건설공학전공,,,True,True,True
연세대학교(미래),인문예술대학,디지털아트학전공,,,True,True,True
경기대학교,관광대학,외식조리학과,,,True,True,True
군산대학교,단과대구분없음,자율전공학과(자연과학계열),,,True,True,True
군산대학교,해양과학대학,해양생명응용과학부(수산생명의학전공),,,True,True,True
군산대학교,해양과학대학,해양생명응용과학부(해양생명과학전공),,,True,True,True
군산대학교,해양과학대학,해양생명응용과학부(해양생물공학전공),,,True,True,True
군산대학교,공과대학,사회환경디자인공학부(주거및실내계획전공),,,True,True,True
군산대학교,공과대학,사회환경디자인공학부(해양건설공학전공),,,True,True,True
군산대학교,공과대학,사회환경디자인공학부(건축전공),,,True,True,True
군산대학교,공과대학,기계자동차조선해양공학부(조선해양공학전공),,,True,True,True
군산대학교,공과대학,IT정보제어공학부(IT융합통신공학전공),,,True,True,True
군산대학교,공과대학,IT정보제어공학부(정보제어공학전공),,,True,True,True
군산대학교,공과대학,컴퓨터정보통신공학부(정보통신공학전공),,,True,True,True
군산대학교,공과대학,컴퓨터정보통신공학부(컴퓨터정보공학전공),,,True,True,True
군산대학교,공과대학,기계자동차조선해양공학부(자동차공학전공),,,True,True,True
군산대학교,공과대학,기계자동차조선해양공학부(기계설계전공),,,True,True,True
군산대학교,자연과학대학,식품생명과학부(식품생명공학전공),,,True,True,True
군산대학교,자연과학대학,식품생명과학부(식품영양학전공),,,True,True,True
군산대학교,사회과학대학,행정경제학부(경제학전공),,,True,True,True
군산대학교,사회과학대학,행정경제학부(행정학전공),,,True,True,True
군산대학교,사회과학대학,행정경제학부,,,True,True,True
군산대학교,인문대학,역사철학부(철학전공),,,True,True,True
군산대학교,인문대학,역사철학부(역사전공),,,True,True,True
군산대학교,인문대학,동아시아학부(중어중문학전공),,,True,True,True
군산대학교,인문대학,동아시아학부(일어일문학전공),,,True,True,True
군산대학교,단과대구분없음,자율전공학과(인문사회계열),,,True,True,True
군산대학교,공과대학,기계자동차조선해양공학부(기계공학전공),,,True,True,True
군산대학교,공과대학,기계자동차조선해양공학부,,,True,True,True
카이스트(KAIST/한국과학기술원),공과대학,정보통신공학과,,,True,True,True
전주대학교,경영대학,기초경영학과,,,True,True,True
연세대학교(미래),보건과학대학,재활보건학전공,,,True,True,True
연세대학교(미래),보건과학대학,분자진단과학전공,,,True,True,True
연세대학교(미래),보건과학대학,과학수사학전공,,,True,True,True
동아대학교,건축ㆍ디자인ㆍ패션대학,건축학과 실내건축디자인전공,,,True,True,True
동아대학교,건축ㆍ디자인ㆍ패션대학,건축학과 건축학전공(5년제),,,True,True,True
한국폴리텍 II 대학 인천캠퍼스,단과대구분없음,정보통신공학과,,,True,True,True
한라대학교,단과대구분없음,지식재산융합전공,,,True,True,True
한국폴리텍 II 대학 인천캠퍼스,단과대구분없음,전기공학과,,,True,True,True
한국폴리텍 II 대학 인천캠퍼스,단과대구분없음,자동차공학과,,,True,True,True
한국폴리텍 II 대학 인천캠퍼스,단과대구분없음,메카트로닉스공학과,,,True,True,True
한국폴리텍 II 대학 인천캠퍼스,단과대구분없음,금형공학과,,,True,True,True
경동대학교,단과대구분없음,행정학과,,,True,True,True
경동대학교,단과대구분없음,정보보안학과,,,True,True,True
서울한영대학교,예능대학,음악과(피아노전공),,,True,True,True
부산외국어대학교,상경대학,경영학부,,,True,True,True
부산외국어대학교,유럽미주대학,유럽학부,,,True,True,True
한밭대학교(산업대),공과대학,응용화학전공,,,True,True,True
한밭대학교(산업대),공과대학,응용화학과,,,True,True,True
건양대학교,의료공과대학,컴퓨터학과,,,True,True,True
건양대학교,의료공과대학,의료건축디자인공학과,,,True,True,True
건양대학교,의료공과대학,인테리어학과,,,True,True,True
건양대학교,의료공과대학,건축학과,,,True,True,True
건양대학교,의료공과대학,전자정보공학과,,,True,True,True
건양대학교,의료공과대학,의공학과,,,True,True,True
대전대학교,H-LAC,글로벌융합창의학부,,,True,True,True
대전대학교,보건의료과학대학,응급구조학과,,,True,True,True
대전대학교,디자인ㆍ아트대학,건축학과(5),,,True,True,True
대전대학교,사회과학대학,중등특수교육과,,,True,True,True
대전대학교,디자인ㆍ아트대학,패션디자인・비즈니스학과,,,True,True,True
대전대학교,보건의료과학대학,임상병리학과,,,True,True,True
대전대학교,H-LAC,경제학과,,,True,True,True
대전대학교,H-LAC,역사문화학과,,,True,True,True
대전대학교,보건의료과학대학,식품영양학과,,,True,True,True
대전대학교,H-LAC,생명과학부,,,True,True,True
대전대학교,디자인ㆍ아트대학,방송공연예술학과,,,True,True,True
대전대학교,H-LAC,국어국문창작학부,,,True,True,True
대전대학교,보건의료과학대학,물리치료학과,,,True,True,True
대전대학교,보건의료과학대학,간호학과,,,True,True,True
대전대학교,공과대학,IT융합공학부,,,True,True,True
대전대학교,H-LAC,정치미디어학과,,,True,True,True
대전대학교,경영대학,국제통상학과,,,True,True,True
대전대학교,공과대학,정보보안학과,,,True,True,True
대전대학교,경영대학,글로벌비즈니스학부,,,True,True,True
대전대학교,사회과학대학,아동교육상담학과,,,True,True,True
한국폴리텍 I 대학 서울강서캠퍼스,단과대구분없음,의료정보과,,,True,True,True
한양대학교(ERICA),공학대학,재료화학공학과,,,True,True,True
예원예술대학교,단과대구분없음,경호무도학과,,,True,True,True
성신여자대학교,자연과학대학,청정융합과학과,,,True,True,True
성신여자대학교,자연과학대학,생명과학・화학부,,,True,True,True
예원예술대학교,단과대구분없음,미디어예술학과,,,True,True,True
예원예술대학교,단과대구분없음,애니메이션학과,,,True,True,True
예원예술대학교,단과대구분없음,시각디자인학과,,,True,True,True
예원예술대학교,단과대구분없음,미술조형학과,,,True,True,True
서경대학교,예술대학,뮤지컬학과,,,True,True,True
경동대학교,단과대구분없음,레저&리조트학과,,,True,True,True
공주대학교,단과대구분없음,국제학부,,,True,True,True
동서대학교,임권택영화영상예술대학,영화과(인문사회계열),,,True,True,True
청주대학교,사범대학,국어교육과,,,True,True,True
청주대학교,단과대구분없음,국방안보학과,,,True,True,True
청주대학교,이공대학,도시계획부동산학과,,,True,True,True
청주대학교,사회과학대학,정치안보국제학과,,,True,True,True
한밭대학교,인문사회대학,공공행정학과,,,True,True,True
한밭대학교,공과대학,창의융합학과,,,True,True,True
한밭대학교,인문사회대학,중국어과,,,True,True,True
한밭대학교,인문사회대학,일본어과,,,True,True,True
한밭대학교,인문사회대학,영어영문학과,,,True,True,True
사이버한국외국어대학교,단과대구분없음,아세안지역경영학부,,,True,True,True
사이버한국외국어대학교,단과대구분없음,공공관리학부,,,True,True,True
한국폴리텍 V 대학 광주캠퍼스,단과대구분없음,그린건축과,,,True,True,True
경동대학교,단과대구분없음,건축융복합학과,,,True,True,True
경동대학교,단과대구분없음,안보경영학과,,,True,True,True
차의과학대학교,건강과학대학,보건의료산업학과,,,True,True,True
강릉원주대학교,과학기술대학,산업경영공학과,,,True,True,True
나사렛대학교,ITㆍ보건융합대학,플라워조경디자인학과,,,True,True,True
나사렛대학교,ITㆍ보건융합대학,디지털콘텐츠학과,,,True,True,True
나사렛대학교,미래사회대학,항공비즈니스영어학과,,,True,True,True
나사렛대학교,미래사회대학,비서행정학과,,,True,True,True
나사렛대학교,미래사회대학,방송미디어학과,,,True,True,True
나사렛대학교,예술ㆍ체육대학,실용음악과,,,True,True,True
나사렛대학교,예술ㆍ체육대학,관현악과,,,True,True,True
나사렛대학교,예술ㆍ체육대학,피아노과,,,True,True,True
나사렛대학교,재활과학대학,점자문헌정보학과,,,True,True,True
나사렛대학교,재활과학대학,수화통역학과,,,True,True,True
대진대학교,창의미래인재대학,섬유패션콘텐츠학과,,,True,True,True
창원대학교,경영대학,산업비즈니스학과,,,True,True,True
창원대학교,경영대학,기업정보학과,,,True,True,True
창원대학교,경영대학,국제무역학과,,,True,True,True
창원대학교,경영대학,경영학과,,,True,True,True
군산대학교,공과대학,주거및실내계획학과,,,True,True,True
경북대학교,농업생명과학대학,산림과학.조경학부 조경학전공,,,True,True,True
경북대학교,농업생명과학대학,산림과학.조경학부 임산공학전공,,,True,True,True
경북대학교,농업생명과학대학,산림과학.조경학부 임학전공,,,True,True,True
경북대학교,농업생명과학대학,농업토목.생물산업공학부 생물산업기계공학전공,,,True,True,True
경북대학교,농업생명과학대학,농업토목.생물산업공학부 농업토목공학전공,,,True,True,True
경북대학교,공과대학,응용화학공학부 화학공학전공,,,True,True,True
경북대학교,공과대학,응용화학공학부 응용화학전공,,,True,True,True
경북대학교,자연과학대학,지구시스템과학부 해양학전공,,,True,True,True
경북대학교,자연과학대학,지구시스템과학부 천문대기과학전공,,,True,True,True
경북대학교,자연과학대학,지구시스템과학부 지질학전공,,,True,True,True
인제대학교,공과대학,환경공학과,,,True,True,True
인제대학교,문리과대학,컴퓨터응용과학부,,,True,True,True
인제대학교,공과대학,환경공학부,,,True,True,True
강원대학교,단과대구분없음,스포츠과학전공,,,True,True,True
강원대학교,단과대구분없음,스포츠지도전공,,,True,True,True
강원대학교,농업생명과학대학,생물자원과학부,,,True,True,True
강원대학교,경영대학,경제·무역학부,,,True,True,True
강원대학교,경영대학,경영·회계학부,,,True,True,True
강원대학교,사범대학,물리교육전공,,,True,True,True
강원대학교,사범대학,생물교육전공,,,True,True,True
강원대학교,사범대학,지구과학교육전공,,,True,True,True
강원대학교,사범대학,화학교육전공,,,True,True,True
강원대학교,산림환경과학대학,산림자원보호전공,,,True,True,True
강원대학교,산림환경과학대학,산림자원개발전공,,,True,True,True
강원대학교,사회과학대학,행정학전공,,,True,True,True
강원대학교,사회과학대학,문화인류학전공,,,True,True,True
강원대학교,동물생명과학대학,축산식품과학과,,,True,True,True
강원대학교,동물생명과학대학,반추동물과학전공,,,True,True,True
강원대학교,동물생명과학대학,동물영양자원공학과,,,True,True,True
강원대학교,농업생명과학대학,응용생물전공,,,True,True,True
강원대학교,농업생명과학대학,원예학전공,,,True,True,True
강원대학교,농업생명과학대학,식량자원학전공,,,True,True,True
강원대학교,농업생명과학대학,농업토목공학전공,,,True,True,True
강원대학교,농업생명과학대학,농업기계공학전공,,,True,True,True
강원대학교,공과대학,생물공학전공,,,True,True,True
강원대학교,공과대학,지구시스템공학과,,,True,True,True
강원대학교,공과대학,기계의용공학전공,,,True,True,True
강원대학교,IT대학,컴퓨터학부,,,True,True,True
강원대학교,농업생명과학대학,지역건설공학전공,,,True,True,True
강원대학교,공학대학,융합에너지공학과,,,True,True,True
강원대학교,공학대학,에너지공학부,,,True,True,True
강원대학교,IT대학,전기전자공학부,,,True,True,True
강원대학교,자연과학대학,지질·지구물리학부,,,True,True,True
강원대학교,산림환경과학대학,산림응용공학부,,,True,True,True
강원대학교,산림환경과학대학,산림과학부,,,True,True,True
강원대학교,동물생명과학대학,동물자원과학부,,,True,True,True
강원대학교,동물생명과학대학,동물응용과학부,,,True,True,True
부경대학교,공과대학,조선해양시스템공학과,,,True,True,True
부산외국어대학교,유럽미주대학,러시아·중앙아시아학부(터키·중앙아시아어전공),,,True,True,True
부산외국어대학교,인문사회대학,법·경찰학부(법학전공),,,True,True,True
부산외국어대학교,인문사회대학,법·경찰학부(경찰행정전공),,,True,True,True
부산외국어대학교,아시아대학,인도학부(인도어전공),,,True,True,True
부산외국어대학교,아시아대학,중국학부(중국지역통상전공),,,True,True,True
조선대학교,미술대학,미술학과 시각문화큐레이터전공,,,True,True,True
울산대학교,디자인ㆍ건축융합대학,디지털콘텐츠디자인학전공,,,True,True,True
울산대학교,예술대학,음악학부,,,True,True,True
울산대학교,예술대학,미술학부,,,True,True,True
울산대학교,디자인ㆍ건축융합대학,디자인학부,,,True,True,True
울산대학교,디자인ㆍ건축융합대학,건축공학부,,,True,True,True
광주대학교,단과대구분없음,기초교양학부,,,True,True,True
인제대학교,공과대학,신소재프로세스공학과,,,True,True,True
인제대학교,공과대학,생산기계공학과,,,True,True,True
인제대학교,공과대학,산업경영시스템공학과,,,True,True,True
성결대학교,사범대학,교직부,,,True,True,True
성결대학교,파이데이아 칼리지,파이데이아 학부,,,True,True,True
호서대학교,생명보건과학대학,한방화장품과학과,,,True,True,True
호서대학교,생명보건과학대학,생명공학과,,,True,True,True
호서대학교,생명보건과학대학,생명과학과,,,True,True,True
호서대학교,생명보건과학대학,식품영양학과,,,True,True,True
호서대학교,생명보건과학대학,제약공학과,,,True,True,True
호서대학교,생명보건과학대학,식품생물공학과,,,True,True,True
영남대학교,단과대구분없음,컴퓨터공학전공,,,True,True,True
한국국제대학교,공과대학,실내건축디자인학과,,,True,True,True
한림대학교,단과대구분없음,기타모집단위,,,True,True,True
한국해양대학교,공과대학,전자전기정보공학부,,,True,True,True
한국해양대학교,해양과학기술대학,해양생명과학부,,,True,True,True
경북대학교,축산대학,축산생명공학과,,,True,True,True
경희대학교,의과대학,의예과(자연계열),,,True,True,True
경희대학교,한의과대학,한의예과(자연계열),,,True,True,True
제주대학교,생명자원과학대학,환경생명공학전공(자연),,,True,True,True
제주대학교,해양과학대학,해양과학부(자연),,,True,True,True
제주대학교,해양과학대학,해양산업공학과(자연),,,True,True,True
제주대학교,해양과학대학,해양산업공학전공(자연),,,True,True,True
경희대학교,이과대학,지리학과(자연계열),,,True,True,True
한국방송통신대학교,프라임칼리지,첨단공학부,,,True,True,True
경희대학교,치과대학,치의예과(자연계열),,,True,True,True
창원대학교,경영대학,신산업경영학과(야),,,True,True,True
한국해양대학교,공과대학,기계공학부,,,True,True,True
한국항공대학교,공과대학,항공전자정보공학부,,,True,True,True
한국항공대학교,공과대학,소프트웨어학과,,,True,True,True
한국해양대학교,공과대학,전자소재공학전공,,,True,True,True
한국해양대학교,공과대학,조선기자재공학전공,,,True,True,True
한국해양대학교,공과대학,전기전자공학전공,,,True,True,True
순천대학교,공과대학,정보통신·멀티미디어공학부(멀티미디어공학전공),,,True,True,True
순천대학교,공과대학,고분자·화학공학부(고분자공학전공),,,True,True,True
연세대학교,간호대학,간호학과(특별과정),,,True,True,True
서강대학교,단과대구분없음,여성학연계전공,,,True,True,True
중앙승가대학교,단과대구분없음,불교학역경학전공,,,True,True,True
한국외국어대학교,사회과학대학,방송.영상.뉴미디어전공,,,True,True,True
한국외국어대학교,사회과학대학,광고.PR.브랜딩전공,,,True,True,True
중앙승가대학교,단과대구분없음,포교사회학상담학전공,,,True,True,True
신한대학교,평생학습중심대학,안보경영학과,,,True,True,True
신한대학교,평생학습중심대학,국방경영학과,,,True,True,True
신한대학교,평생학습중심대학,공공교육복지학과,,,True,True,True
신한대학교,평생학습중심대학,기계시스템공학과,,,True,True,True
남부대학교,단과대구분없음,무도경호학과(신),,,True,True,True
한국예술종합학교,단과대구분없음,기타모집단위,,,True,True,True
한양대학교,단과대구분없음,창의융합교육원,,,True,True,True
한양대학교(ERICA),단과대구분없음,창의융합교육원,,,True,True,True
서강대학교,단과대구분없음,동아시아학연계전공,,,True,True,True
건양대학교,글로벌경영대학,글로벌관광학부,,,True,True,True
건양대학교,재활복지교육대학,복지스포츠학과,,,True,True,True
건양대학교,글로벌경영대학,EFL영어과,,,True,True,True
건양대학교,재활복지교육대학,스포츠복지학과,,,True,True,True
서울여자대학교,단과대구분없음,기초교육원,,,True,True,True
아주대학교,정보통신대학,사이버보안학과,,,True,True,True
아주대학교,다산학부대학,자유전공(자연과학계열),,,True,True,True
아주대학교,다산학부대학,자유전공(인문사회계열),,,True,True,True
가천대학교,가천리버럴아츠칼리지,자유전공(인문),,,True,True,True
경희대학교,후마니타스칼리지,교양과정(국제),,,True,True,True
경희대학교,후마니타스칼리지,교양과정(서울),,,True,True,True
부경대학교,공과대학,인쇄정보공학과,,,True,True,True
군산대학교,인문대학,동아시아학부,,,True,True,True
군산대학교,공과대학,사회환경디자인공학부,,,True,True,True
연세대학교,언더우드국제대학,지속개발협력전공,,,True,True,True
연세대학교,언더우드국제대학,과학기술정책전공,,,True,True,True
연세대학교,언더우드국제대학,사회정의리더십전공,,,True,True,True
군산대학교,자연과학대학,식품생명과학부,,,True,True,True
군산대학교,공과대학,컴퓨터정보통신공학부,,,True,True,True
군산대학교,공과대학,IT정보제어공학부,,,True,True,True
군산대학교,인문대학,역사철학부,,,True,True,True
군산대학교,해양과학대학,해양생명응용과학부,,,True,True,True
신한대학교,디자인예술대학,공연예술학과,,,True,True,True
부산외국어대학교,유럽미주대학,유럽학부(독일어전공),,,True,True,True
연세대학교,언더우드국제대학,에너지환경융합전공,,,True,True,True
연세대학교,언더우드국제대학,나노과학공학전공,,,True,True,True
대전대학교,경영대학,일어일문학과,,,True,True,True
대전대학교,경영대학,중국언어문화학과,,,True,True,True
대전대학교,경영대학,러시아어통역학과,,,True,True,True
대전대학교,H-LAC,정치언론홍보학과,,,True,True,True
대전대학교,H-LAC,생명과학과,,,True,True,True
대전대학교,H-LAC,국어국문학전공,,,True,True,True
대구대학교,기초교육대학,창조융합학부,,,True,True,True
경희대학교,호텔관광대학,조리산업학과,,,True,True,True
경희대학교,호텔관광대학,문화관광산업학과,,,True,True,True
경희대학교,정경대학,국제통상·금융투자학과,,,True,True,True
인제대학교,디자인대학,시각디자인학과,,,True,True,True
인제대학교,디자인대학,실내디자인학과,,,True,True,True
인제대학교,디자인대학,제품디자인학과,,,True,True,True
인제대학교,디자인대학,영상디자인학과,,,True,True,True
인제대학교,사회과학대학,가족상담복지·소비자학부,,,True,True,True
국민대학교,경영대학,KMU International Business school,,,True,True,True
국민대학교,사회과학대학,글로벌한국학전공,,,True,True,True
국민대학교,조형대학,공간디자인학과,,,True,True,True
배재대학교,김소월대학,글로벌관광호텔학부,,,True,True,True
배재대학교,서재필대학,기업컨설팅학과,,,True,True,True
한국국제대학교,예술체육대학,음악공연학과,,,True,True,True
한국국제대학교,사회과학대학,도시계획부동산학과,,,True,True,True
한국국제대학교,생활과학대학,영양식품학과,,,True,True,True
한국국제대학교,사회과학대학,사회복지상담학부,,,True,True,True
목포해양대학교,해사대학,기관·해양경찰학부,,,True,True,True
한신대학교,인문대학,문예창작학과,,,True,True,True
경북대학교,사범대학,물리교육과,,,True,True,True
경북대학교,사범대학,지구과학교육과,,,True,True,True
경북대학교,사범대학,생물교육과,,,True,True,True
경북대학교,사범대학,화학교육과,,,True,True,True
경북대학교,사범대학,일반사회교육과,,,True,True,True
경북대학교,사범대학,지리교육과,,,True,True,True
경북대학교,사범대학,역사교육과,,,True,True,True
한국외국어대학교,사범대학,중국어교육과,,,True,True,True
대구한의대학교,보건복지대학,실버스포츠학과,,,True,True,True
배재대학교,김소월대학,광고사진영상학과,,,True,True,True
세종대학교,생명과학대학,바이오산업자원공학전공,,,True,True,True
중원대학교,단과대구분없음,융합기계·전기전자부품공학과,,,True,True,True
추계예술대학교,문학ㆍ영상대학,문예창작과,,,True,True,True
이화여자대학교,신산업융합대학,국제사무학과,,,True,True,True
이화여자대학교,신산업융합대학,스포츠과학전공,,,True,True,True
이화여자대학교,신산업융합대학,글로벌스포츠산업전공,,,True,True,True
이화여자대학교,신산업융합대학,체육과학부,,,True,True,True
이화여자대학교,신산업융합대학,식품영양학과,,,True,True,True
이화여자대학교,신산업융합대학,융합보건학과,,,True,True,True
이화여자대학교,간호대학,글로벌건강간호학전공,,,True,True,True
이화여자대학교,간호대학,간호학전공,,,True,True,True
이화여자대학교,간호대학,간호학부,,,True,True,True
나사렛대학교,예술ㆍ체육대학,시각공간디자인학과,,,True,True,True
우석대학교,문화사회대학,시각디자인학과,,,True,True,True
우석대학교,보건복지대학,보건의료경영학과,,,True,True,True
계명대학교,공과대학,디지펜게임공학전공,,,True,True,True
이화여자대학교,신산업융합대학,융합콘텐츠학과,,,True,True,True
한신대학교,신학대학,신학부,,,True,True,True
한신대학교,신학대학,신학전공,,,True,True,True
한국외국어대학교,서양어대학,프랑스어학부,,,True,True,True
예원예술대학교,단과대구분없음,뷰티패션디자인학과,,,True,True,True
한신대학교,한중문화산업대학,중국어문화학과,,,True,True,True
한국폴리텍 VII 대학 창원캠퍼스,단과대구분없음,스마트전기전자과,,,True,True,True
한국외국어대학교,경상대학,Global Business & Technology전공,,,True,True,True
한국외국어대학교,경상대학,Global Business & Technology학부,,,True,True,True
가야대학교(김해),단과대구분없음,유아교육과,,,True,True,True
한신대학교,휴먼서비스대학,사회복지학전공,,,True,True,True
용인대학교,무도대학,군사학과,,,True,True,True
한국외국어대학교,단과대구분없음,바이오메디컬공학전공,,,True,True,True
한국외국어대학교,단과대구분없음,바이오메디컬공학부,,,True,True,True
동양대학교,단과대구분없음,철도건설안전공학과,,,True,True,True
동양대학교,단과대구분없음,화공생명공학과,,,True,True,True
동양대학교,단과대구분없음,항공서비스학과,,,True,True,True
동양대학교,단과대구분없음,경찰행정학과,,,True,True,True
동양대학교,단과대구분없음,사이버보안학과,,,True,True,True
동양대학교,단과대구분없음,전자전기공학과,,,True,True,True
동양대학교,단과대구분없음,경영학과,,,True,True,True
한신대학교,인문대학,디지털문화콘텐츠학전공,,,True,True,True
한신대학교,인문대학,철학전공,,,True,True,True
한신대학교,인문대학,독어독문화학전공,,,True,True,True
한신대학교,한중문화산업대학,IT콘텐츠학과,,,True,True,True
영남대학교,생명응용과학대학,원예생명과학과,,,True,True,True
영남대학교,문과대학,독일언어문화전공,,,True,True,True
영남대학교,문과대학,프랑스어문전공,,,True,True,True
영남대학교,생명응용과학대학,식품공학과,,,True,True,True
영남대학교,생명응용과학대학,산림자원및조경학과,,,True,True,True
영남대학교,생명응용과학대학,의생명공학과,,,True,True,True
영남대학교,생명응용과학대학,생명공학과,,,True,True,True
건양대학교,군사경찰대학,군사학과,,,True,True,True
한신대학교,휴먼서비스대학,휴먼서비스학부,,,True,True,True
한경국립대학교,농업생명과학대학,원예생명과학과,,,True,True,True
한경국립대학교,공과대학,컴퓨터공학과,,,True,True,True
순천대학교,생명산업과학대학,조경전공,,,True,True,True
순천대학교,생명산업과학대학,산림자원전공,,,True,True,True
순천대학교,사회과학대학,행정학전공,,,True,True,True
순천대학교,사회과학대학,법학전공,,,True,True,True
순천대학교,사회과학대학,경제학전공,,,True,True,True
순천대학교,사회과학대학,무역학전공,,,True,True,True
순천대학교,사회과학대학,경영학전공,,,True,True,True
삼육대학교,인문사회대학,영어영문학부,,,True,True,True
대구한의대학교,의과학대학,미술치료학과(자연),,,True,True,True
원광디지털대학교,단과대구분없음,상담심리학과,,,True,True,True
동양대학교,단과대구분없음,공공디자인학부,,,True,True,True
동양대학교,단과대구분없음,공공인재학부,,,True,True,True
한양사이버대학교,단과대구분없음,관광호텔경영학과,,,True,True,True
한양사이버대학교,단과대구분없음,호텔조리외식경영학과,,,True,True,True
한신대학교,인문대학,영상문화학전공,,,True,True,True
한신대학교,인문대학,종교문화학전공,,,True,True,True
한신대학교,인문대학,인문콘텐츠학부,,,True,True,True
한신대학교,한중문화산업대학,한중문화콘텐츠학과,,,True,True,True
경동대학교,단과대구분없음,항공경영학과,,,True,True,True
경동대학교,단과대구분없음,실버복지학과,,,True,True,True
경동대학교,단과대구분없음,호텔조리학과,,,True,True,True
경동대학교,단과대구분없음,항공서비스학과,,,True,True,True
경동대학교,단과대구분없음,호텔조리학부,,,True,True,True
전주대학교,문화융합대학,음악학과,,,True,True,True
전주대학교,문화융합대학,영화방송제작학과,,,True,True,True
전주대학교,문화융합대학,시각디자인학과,,,True,True,True
전주대학교,문화융합대학,스마트미디어학과,,,True,True,True
전주대학교,문화융합대학,생활체육학과,,,True,True,True
전주대학교,문화융합대학,산업디자인학과,,,True,True,True
전주대학교,문화융합대학,공연엔터테인먼트학과,,,True,True,True
전주대학교,문화융합대학,경기지도학과,,,True,True,True
전주대학교,의과학대학,환경생명과학과,,,True,True,True
전주대학교,의과학대학,바이오기능성식품학과,,,True,True,True
대구교육대학교,단과대구분없음,특수(통합)교육과(심화과정),,,True,True,True
대구교육대학교,단과대구분없음,초등컴퓨터교육과(심화과정),,,True,True,True
대구교육대학교,단과대구분없음,초등체육교육과(심화과정),,,True,True,True
대구교육대학교,단과대구분없음,초등음악교육과(심화과정),,,True,True,True
대구교육대학교,단과대구분없음,초등윤리교육과(심화과정),,,True,True,True
대구교육대학교,단과대구분없음,초등영어교육과(심화과정),,,True,True,True
대구교육대학교,단과대구분없음,초등실과교육과(심화과정),,,True,True,True
대구교육대학교,단과대구분없음,초등수학교육과(심화과정),,,True,True,True
대구교육대학교,단과대구분없음,초등사회교육과(심화과정),,,True,True,True
대구교육대학교,단과대구분없음,초등미술교육과(심화과정),,,True,True,True
대구교육대학교,단과대구분없음,초등국어교육과(심화과정),,,True,True,True
대구교육대학교,단과대구분없음,초등교육학과(심화과정),,,True,True,True
대구교육대학교,단과대구분없음,초등교육학과,,,True,True,True
대구교육대학교,단과대구분없음,초등과학교육과(심화과정),,,True,True,True
순천향대학교,산학평생대학,산업경영공학과,,,True,True,True
경남과학기술대학교,상경대학,경제학과,,,True,True,True
동양대학교,단과대구분없음,공연영상학부,,,True,True,True
한신대학교,휴먼서비스대학,재활학전공,,,True,True,True
한성대학교,공과대학,전자정보공학과,,,True,True,True
한성대학교,예술대학,패션학부,,,True,True,True
한성대학교,인문대학,문헌정보전공,,,True,True,True
한성대학교,인문대학,국어국문전공,,,True,True,True
경인교육대학교,단과대구분없음,초등컴퓨터교육과(심화과정),,,True,True,True
경인교육대학교,단과대구분없음,초등체육교육과(심화과정),,,True,True,True
경인교육대학교,단과대구분없음,초등음악교육과(심화과정),,,True,True,True
경인교육대학교,단과대구분없음,초등윤리교육과(심화과정),,,True,True,True
경인교육대학교,단과대구분없음,초등유아교육과(심화과정),,,True,True,True
경인교육대학교,단과대구분없음,초등영어교육과(심화과정),,,True,True,True
경인교육대학교,단과대구분없음,초등수학교육과(심화과정),,,True,True,True
경인교육대학교,단과대구분없음,초등생활과학교육과(심화과정),,,True,True,True
경인교육대학교,단과대구분없음,초등미술교육과(심화과정),,,True,True,True
경인교육대학교,단과대구분없음,초등국어교육과(심화과정),,,True,True,True
경인교육대학교,단과대구분없음,초등교육학과(심화과정),,,True,True,True
경인교육대학교,단과대구분없음,초등과학교육과(심화과정),,,True,True,True
성결대학교,사회과학대학,국제개발협력학부,,,True,True,True
경인교육대학교,단과대구분없음,초등사회과교육과(심화과정),,,True,True,True
화성의과학대학교,단과대구분없음,스포츠과학과,,,True,True,True
화성의과학대학교,단과대구분없음,뷰티디자인학과,,,True,True,True
부산디지털대학교,단과대구분없음,복지상담학전공,,,True,True,True
부산디지털대학교,단과대구분없음,상담심리학과,,,True,True,True
부산디지털대학교,단과대구분없음,사회복지학과,,,True,True,True
부산디지털대학교,단과대구분없음,보건행정학과,,,True,True,True
부산디지털대학교,단과대구분없음,가족상담학전공,,,True,True,True
부산디지털대학교,단과대구분없음,아동청소년상담학전공,,,True,True,True
부산디지털대학교,단과대구분없음,사회복지상담학부,,,True,True,True
한국폴리텍 IV 대학 아산캠퍼스,단과대구분없음,자동차기계과,,,True,True,True
광운대학교,경영대학,한중통상전공,,,True,True,True
광운대학교,경영대학,한일통상전공,,,True,True,True
광운대학교,정책법학대학,국제지역전공,,,True,True,True
광운대학교,정책법학대학,과학기술법무전공,,,True,True,True
광운대학교,정책법학대학,국제법무전공,,,True,True,True
광운대학교,정책법학대학,일반법학전공,,,True,True,True
광운대학교,인문사회과학대학,문화콘텐츠개발전공,,,True,True,True
광운대학교,정책법학대학,행정학과,,,True,True,True
광운대학교,인문사회과학대학,문화교류전공,,,True,True,True
광운대학교,정책법학대학,국제학부,,,True,True,True
광운대학교,정책법학대학,자산관리학과,,,True,True,True
광운대학교,정책법학대학,법학부,,,True,True,True
광운대학교,경영대학,국제통상학부,,,True,True,True
광운대학교,인문사회과학대학,동북아문화산업학부,,,True,True,True
광운대학교,인문사회과학대학,미디어영상학부,,,True,True,True
광운대학교,인문사회과학대학,산업심리학과,,,True,True,True
광운대학교,인문사회과학대학,영어영문학과,,,True,True,True
강원대학교,산림환경과학대학,생태조경디자인학과,,,True,True,True
강원대학교,농업생명과학대학,바이오시스템공학전공,,,True,True,True
강원대학교,공과대학,메카트로닉스공학전공,,,True,True,True
강원대학교,공과대학,자원에너지시스템공학과,,,True,True,True
강원대학교,농업생명과학대학,바이오자원환경학전공,,,True,True,True
강원대학교,공학대학,지구환경시스템공학과,,,True,True,True
강원대학교,공학대학,건설시스템공학과,,,True,True,True
한신대학교,신학대학,기독교교육학전공,,,True,True,True
대신대학교,단과대구분없음,상담영어학부,,,True,True,True
경남대학교,건강과학대학,식품영양학과,,,True,True,True
경남대학교,건강과학대학,식품생명학과,,,True,True,True
디지털서울문화예술대학교,단과대구분없음,호텔외식경영학과,,,True,True,True
디지털서울문화예술대학교,단과대구분없음,아트&디자인학과,,,True,True,True
대진대학교,과학기술대학,도시부동산공학과,,,True,True,True
대진대학교,과학기술대학,건설시스템공학과,,,True,True,True
경동대학교,평생교육대학,건축융복합학과,,,True,True,True
경동대학교,평생교육대학,안보경영학과,,,True,True,True
경동대학교,평생교육대학,치위생관리학과,,,True,True,True
경동대학교,평생교육대학,간호학과,,,True,True,True
경동대학교,평생교육대학,IT융복합학과,,,True,True,True
경동대학교,평생교육대학,컴퓨터응용학과,,,True,True,True
경동대학교,평생교육대학,해양심층수융복합학과,,,True,True,True
한국폴리텍 V 대학 익산캠퍼스,단과대구분없음,나노응용기계과,,,True,True,True
한성대학교,공과대학,IT응용시스템공학과,,,True,True,True
광운대학교,정책법학대학,글로벌코리아전공,,,True,True,True
고신대학교,글로벌문화융합대학,IT경영학과,,,True,True,True
고신대학교,보건복지대학,의생명과학전공,,,True,True,True
고신대학교,글로벌문화융합대학,음악과,,,True,True,True
고신대학교,학부대학,학부대학,,,True,True,True
고신대학교,글로벌문화융합대학,광고홍보학과,,,True,True,True
고신대학교,글로벌문화융합대학,영어영문학전공,,,True,True,True
고신대학교,글로벌문화융합대학,중국학전공,,,True,True,True
고신대학교,글로벌문화융합대학,시각디자인학과,,,True,True,True
고신대학교,보건복지대학,작업치료학과,,,True,True,True
고신대학교,보건복지대학,식품영양학과,,,True,True,True
고신대학교,보건복지대학,환경보건전공,,,True,True,True
고신대학교,보건복지대학,보건환경학부,,,True,True,True
고신대학교,보건복지대학,화학신소재전공,,,True,True,True
고신대학교,보건복지대학,아동복지학과,,,True,True,True
고신대학교,보건복지대학,사회복지학과,,,True,True,True
아주대학교,공과대학,환경안전공학과,,,True,True,True
고신대학교,보건복지대학,의료경영학과,,,True,True,True
고신대학교,신학대학,태권도선교학과,,,True,True,True
고신대학교,신학대학,유아교육과,,,True,True,True
인천대학교,도시과학대학,도시공학과,,,True,True,True
아주대학교,정보통신대학,소프트웨어학과,,,True,True,True
가톨릭대학교,단과대구분없음,동아시아언어문화학부,,,True,True,True
가톨릭대학교,단과대구분없음,사회과학부,,,True,True,True
가톨릭대학교,단과대구분없음,자연과학부,,,True,True,True
가톨릭대학교,단과대구분없음,법정경학부,,,True,True,True
한성대학교,예술대학,융복합디자인학부,,,True,True,True
영남대학교,문과대학,유럽언어문화학부,,,True,True,True
순천대학교,사회과학대학,경상학부,,,True,True,True
명지대학교,건축대학,건축학부(건축학전공/전통건축전공) (5년제),,,True,True,True
명지대학교,자연과학대학,자연과학대학,,,True,True,True
한서대학교,단과대구분없음,호텔카지노관광학과,,,True,True,True
한성대학교,인문대학,응용인문학부,,,True,True,True
배재대학교,아펜젤러대학,생명공학과,,,True,True,True
명지대학교,자연과학대학,생명과학정보학과,,,True,True,True
명지대학교,인문대학,인문학부,,,True,True,True
배재대학교,아펜젤러대학,조경학전공,,,True,True,True
한양사이버대학교,단과대구분없음,전기전자통신공학부,,,True,True,True
부산대학교,경제통상대학,한국·동아시아학전공,,,True,True,True
명지대학교,공과대학,전기전자정보통신공학부,,,True,True,True
명지대학교,경영대학,경영대학,,,True,True,True
명지대학교,인문대학,어문학부,,,True,True,True
한양대학교,공과대학,자원환경공학과,,,True,True,True
명지대학교,ICT융합대학,디지털콘텐츠디자인학과,,,True,True,True
총신대학교,단과대구분없음,유아보육학과,,,True,True,True
광주대학교,공과대학,컴퓨터정보공학부 정보통신학전공,,,True,True,True
광주대학교,공과대학,컴퓨터정보공학부 컴퓨터공학전공,,,True,True,True
광주대학교,인문사회대학,문예창작과,,,True,True,True
광주대학교,문화예술대학,융합디자인학부,,,True,True,True
광주대학교,문화예술대학,조형디자인학부,,,True,True,True
부경대학교,인문사회과학대학,유럽북미학전공,,,True,True,True
한국폴리텍 IV 대학 아산캠퍼스,단과대구분없음,방송영상과,,,True,True,True
부경대학교,인문사회과학대학,국제개발협력학전공,,,True,True,True
제주대학교,공과대학,전기전자통신컴퓨터공학부,,,True,True,True
제주대학교,자연과학대학,화학·코스메틱스학과,,,True,True,True
제주대학교,예술디자인대학,미술학과,,,True,True,True
제주대학교,공과대학,생명화학공학전공,,,True,True,True
제주대학교,공과대학,에너지공학전공,,,True,True,True
제주대학교,공과대학,전파정보통신공학전공,,,True,True,True
제주대학교,공과대학,컴퓨터공학전공,,,True,True,True
제주대학교,공과대학,전자공학전공,,,True,True,True
제주대학교,공과대학,전기공학전공,,,True,True,True
고려사이버대학교,단과대구분없음,소프트웨어공학과,,,True,True,True
고려사이버대학교,단과대구분없음,청소년상담학과,,,True,True,True
원광대학교,미술대학,귀금속보석공예과,,,True,True,True
원광대학교,공공정책대학,군사학과,,,True,True,True
송원대학교,단과대구분없음,방재안전토목학과,,,True,True,True
남서울대학교,창조문화예술대학,실용음악학과,,,True,True,True
남서울대학교,공과대학,건축공학과,,,True,True,True
남서울대학교,공과대학,건축학과(5),,,True,True,True
남서울대학교,공과대학,정보통신공학과,,,True,True,True
남서울대학교,공과대학,전자공학과,,,True,True,True
남서울대학교,공과대학,컴퓨터학과,,,True,True,True
남서울대학교,창조문화예술대학,유리세라믹디자인학과,,,True,True,True
명지대학교,ICT융합대학,융합소프트웨어학부,,,True,True,True
명지대학교,공과대학,토목교통공학부,,,True,True,True
순복음총회신학교,단과대구분없음,상담심리학과,,,True,True,True
전남대학교,단과대구분없음,자율전공학부(1년),,,True,True,True
전남대학교,단과대구분없음,자율전공학부(4년),,,True,True,True
전남대학교,예술대학,디자인학과,,,True,True,True
전남대학교,생활과학대학,생활복지학과,,,True,True,True
전남대학교,사회과학대학,문화인류고고학과,,,True,True,True
경상국립대학교,법과대학,부동산법무학과,,,True,True,True
경상국립대학교,공과대학,반도체공학과,,,True,True,True
대구대학교,법과대학,법과대학,,,True,True,True
대구대학교,법과대학,사법학전공,,,True,True,True
대구대학교,법과대학,공법학전공,,,True,True,True
대구대학교,법과대학,공공안전법학전공,,,True,True,True
대구대학교,재활과학대학,건강증진학과,,,True,True,True
대구대학교,공과대학,기계공학부 기계공학전공,,,True,True,True
대구대학교,공과대학,기계공학부,,,True,True,True
대구대학교,조형예술대학,현대미술과,,,True,True,True
대구대학교,인문대학,한국어문학·문화학과,,,True,True,True
계명대학교,인문국제학대학,문예창작학과,,,True,True,True
인천대학교,글로벌법정경대학,정치외교학과,,,True,True,True
인천대학교,글로벌법정경대학,무역학부,,,True,True,True
인천대학교,글로벌법정경대학,행정학과,,,True,True,True
인천대학교,공과대학,메카트로닉스공학과,,,True,True,True
인천대학교,예술체육대학,공연예술학과,,,True,True,True
인천대학교,공과대학,융합시스템공학과,,,True,True,True
인천대학교,글로벌법정경대학,법학과,,,True,True,True
인천대학교,도시과학대학,도시건축학전공,,,True,True,True
인천대학교,글로벌법정경대학,경제학과,,,True,True,True
인천대학교,단과대구분없음,한국통상전공,,,True,True,True
인천대학교,단과대구분없음,동북아통상전공,,,True,True,True
건양사이버대학교,단과대구분없음,보건의료복지학과,,,True,True,True
건양사이버대학교,단과대구분없음,상담심리학과,,,True,True,True
건양사이버대학교,단과대구분없음,사회복지학과,,,True,True,True
건양사이버대학교,단과대구분없음,노인복지학과,,,True,True,True
강원대학교,단과대구분없음,시설농업학전공,,,True,True,True
강원대학교,단과대구분없음,농생명산업학전공,,,True,True,True
건양사이버대학교,단과대구분없음,글로벌뷰티학과,,,True,True,True
경기대학교,예술대학,디자인비즈학부 장신구・금속디자인학과,,,True,True,True
경기대학교,인문대학,유아교육과,,,True,True,True
경기대학교,예술대학,한국화·서예학과,,,True,True,True
한양대학교(ERICA),예체능대학,무용예술학과,,,True,True,True
동국대학교(WISE),사회과학계열,행정경찰공공학과,,,True,True,True
동국대학교(WISE),인문과학계열,스포츠과학과,,,True,True,True
한국기술교육대학교,단과대구분없음,에너지신소재화학공학부,,,True,True,True
홍익대학교,단과대구분없음,디자인경영융합학부,,,True,True,True
금강대학교,단과대구분없음,정보과학부,,,True,True,True
금강대학교,단과대구분없음,국제통상학부,,,True,True,True
금강대학교,단과대구분없음,불교문화학부,,,True,True,True
금강대학교,단과대구분없음,컴퓨터과학전공,,,True,True,True
금강대학교,단과대구분없음,일본통상전공,,,True,True,True
금강대학교,단과대구분없음,미국통상전공,,,True,True,True
금강대학교,단과대구분없음,중국통상전공,,,True,True,True
금강대학교,단과대구분없음,FTA시장전공,,,True,True,True
금강대학교,단과대구분없음,경영학전공,,,True,True,True
금강대학교,단과대구분없음,행정학전공,,,True,True,True
금강대학교,단과대구분없음,사회복지학전공,,,True,True,True
금강대학교,단과대구분없음,응용불교학전공,,,True,True,True
금강대학교,단과대구분없음,불교학전공,,,True,True,True
금강대학교,단과대구분없음,사회과학부,,,True,True,True
명지대학교,공과대학,화공신소재환경공학부,,,True,True,True
경기대학교,예술대학,입체조형학과,,,True,True,True
예원예술대학교,단과대구분없음,문화예술관광콘텐츠학과,,,True,True,True
예원예술대학교,단과대구분없음,문화재보존예술학과,,,True,True,True
동국대학교,이과대학,반도체과학과,,,True,True,True
동국대학교,이과대학,반도체과학전공,,,True,True,True
동국대학교,예술대학,스포츠문화학과,,,True,True,True
동국대학교,사회과학대학,사회언론정보학부 미디어커뮤니케이션학전공,,,True,True,True
금오공과대학교,단과대구분없음,컴퓨터정보공학과,,,True,True,True
경성대학교,예술종합대학,패션디자인학과,,,True,True,True
경성대학교,공과대학,실내건축디자인학전공,,,True,True,True
경성대학교,공과대학,건축학전공,,,True,True,True
경성대학교,공과대학,건축디자인학부,,,True,True,True
경성대학교,이과대학,생명과학전공,,,True,True,True
경성대학교,이과대학,화학전공,,,True,True,True
경성대학교,이과대학,화학생명과학부,,,True,True,True
경성대학교,이과대학,응용통계학전공,,,True,True,True
경성대학교,이과대학,수학전공,,,True,True,True
경성대학교,이과대학,수학응용통계학부,,,True,True,True
경성대학교,상경대학,외식서비스경영학전공,,,True,True,True
경성대학교,상경대학,호텔관광경영학전공,,,True,True,True
경성대학교,상경대학,호텔관광외식경영학부,,,True,True,True
경성대학교,법정대학,광고홍보학전공,,,True,True,True
경성대학교,법정대학,신문방송학전공,,,True,True,True
경성대학교,문과대학,한문학전공,,,True,True,True
경희사이버대학교,단과대구분없음,글로벌경영학과,,,True,True,True
경희사이버대학교,단과대구분없음,한국어문화학과,,,True,True,True
경희사이버대학교,단과대구분없음,중국학과,,,True,True,True
경희사이버대학교,단과대구분없음,일본학과,,,True,True,True
경희사이버대학교,단과대구분없음,미디어문예창작학과,,,True,True,True
동의대학교,상경대학,부동산금융·자산경영학과,,,True,True,True
건국대학교,예술디자인대학,리빙디자인학과,,,True,True,True
건국대학교,생명특성화대학,융합생명특성학과,,,True,True,True
건국대학교,생명특성화대학,시스템생명특성학과,,,True,True,True
건국대학교,생명특성화대학,생명과학특성학과,,,True,True,True
건국대학교,생명환경과학대학,사회환경플랜트공학과,,,True,True,True
건국대학교,상경대학,국제무역학과,,,True,True,True
건국대학교,상경대학,경제학과,,,True,True,True
건국대학교,이과대학,물리학과,,,True,True,True
건국대학교,정치대학,행정학과,,,True,True,True
건국대학교,정치대학,정치외교학과,,,True,True,True
건국대학교,정보통신대학,전자공학과,,,True,True,True
건국대학교,공과대학,인프라시스템공학과,,,True,True,True
건국대학교,공과대학,기계설계학과,,,True,True,True
건국대학교,공과대학,기계공학과,,,True,True,True
건국대학교,경영대학,경영학과,,,True,True,True
건국대학교,건축대학,건축학과,,,True,True,True
조선대학교,공과대학,원자력공학과(계약학과),,,True,True,True
조선대학교,공과대학,기계시스템미래자동차공학부(미래자동차공학),,,True,True,True
조선대학교,공과대학,기계시스템미래자동차공학부(기계시스템공학),,,True,True,True
조선대학교,공과대학,기계시스템미래자동차공학부,,,True,True,True
경성대학교,법정대학,커뮤니케이션학부,,,True,True,True
대구가톨릭대학교,바이오메디대학,생명화학부,,,True,True,True
대구가톨릭대학교,사범대학,사회교육학부,,,True,True,True
대구가톨릭대학교,사회과학대학,사회·복지학부,,,True,True,True
단국대학교,예술대학,미술학부,,,True,True,True
단국대학교,예술대학,조소전공,,,True,True,True
대구가톨릭대학교,바이오메디대학,산업보건학과,,,True,True,True
대구가톨릭대학교,바이오메디대학,국제의료경영학과,,,True,True,True
대구가톨릭대학교,바이오메디대학,안경광학과,,,True,True,True
대구가톨릭대학교,바이오메디대학,언어청각치료학과,,,True,True,True
대구가톨릭대학교,바이오메디대학,물리치료학과,,,True,True,True
대구가톨릭대학교,바이오메디대학,방사선학과,,,True,True,True
대구가톨릭대학교,바이오메디대학,의공학과,,,True,True,True
대구가톨릭대학교,사회과학대학,행정학전공,,,True,True,True
대구가톨릭대학교,사회과학대학,법학전공,,,True,True,True
대구가톨릭대학교,바이오메디대학,제약산업공학전공,,,True,True,True
대구가톨릭대학교,바이오메디대학,식품공학전공,,,True,True,True
대구가톨릭대학교,바이오메디대학,생명공학전공,,,True,True,True
대구가톨릭대학교,바이오메디대학,화학전공,,,True,True,True
대구가톨릭대학교,바이오메디대학,의생명과학전공,,,True,True,True
대구가톨릭대학교,바이오메디대학,환경과학전공,,,True,True,True
대구가톨릭대학교,바이오메디대학,원예학전공,,,True,True,True
대구가톨릭대학교,바이오메디대학,조경학전공,,,True,True,True
대구가톨릭대학교,바이오메디대학,환경원예조경학부,,,True,True,True
대구가톨릭대학교,바이오메디대학,식품영양학과,,,True,True,True
대구가톨릭대학교,바이오메디대학,수리정보과학과,,,True,True,True
대구가톨릭대학교,사범대학,역사교육전공,,,True,True,True
대구가톨릭대학교,사범대학,지리교육전공,,,True,True,True
대구가톨릭대학교,사회과학대학,가족상담복지전공,,,True,True,True
대구가톨릭대학교,사회과학대학,사회학전공,,,True,True,True
대구가톨릭대학교,사회과학대학,사회복지전공,,,True,True,True
대구가톨릭대학교,사회과학대학,법행정학부,,,True,True,True
대구가톨릭대학교,공과대학,첨단건설기계시스템전공,,,True,True,True
대구가톨릭대학교,공과대학,글로벌자동차생산전공,,,True,True,True
대구가톨릭대학교,글로벌비즈니스대학,외식산업학전공,,,True,True,True
대구가톨릭대학교,글로벌비즈니스대학,IT경영전공,,,True,True,True
대구가톨릭대학교,글로벌비즈니스대학,일어일문학전공,,,True,True,True
대구가톨릭대학교,글로벌비즈니스대학,중국어전공,,,True,True,True
대구가톨릭대학교,글로벌비즈니스대학,경영학부,,,True,True,True
대구가톨릭대학교,글로벌비즈니스대학,영어학과,,,True,True,True
동양대학교,단과대구분없음,철도전기융합학과,,,True,True,True
동양대학교,단과대구분없음,테크노공공인재학부,,,True,True,True
대신대학교,단과대구분없음,교양학과,,,True,True,True
우석대학교,문화사회대학,국방학과,,,True,True,True
경희대학교,예술ㆍ디자인대학,시각디자인학과,,,True,True,True
강서대학교,단과대구분없음,간호학부(간호학전공),,,True,True,True
남서울대학교,보건의료복지대학,노인복지학과,,,True,True,True
남서울대학교,보건의료복지대학,아동복지학과,,,True,True,True
남서울대학교,보건의료복지대학,사회복지학과,,,True,True,True
남서울대학교,보건의료복지대학,응급구조학과,,,True,True,True
남서울대학교,보건의료복지대학,임상병리학과,,,True,True,True
남서울대학교,보건의료복지대학,간호학과,,,True,True,True
남서울대학교,보건의료복지대학,물리치료학과,,,True,True,True
남서울대학교,보건의료복지대학,치위생학과,,,True,True,True
남서울대학교,보건의료복지대학,스포츠건강관리학과,,,True,True,True
남서울대학교,글로벌상경대학,글로벌지역문화학과(중국지역전공),,,True,True,True
남서울대학교,글로벌상경대학,글로벌지역문화학과(일본지역전공),,,True,True,True
남서울대학교,글로벌상경대학,글로벌지역문화학과(영미문화전공),,,True,True,True
남서울대학교,글로벌상경대학,스포츠비즈니스학과,,,True,True,True
남서울대학교,글로벌상경대학,관광경영학과,,,True,True,True
남서울대학교,글로벌상경대학,호텔경영학과,,,True,True,True
남서울대학교,글로벌상경대학,국제통상학과,,,True,True,True
남서울대학교,글로벌상경대학,광고홍보학과,,,True,True,True
남서울대학교,글로벌상경대학,경영학과,,,True,True,True
남서울대학교,글로벌상경대학,국제유통학과,,,True,True,True
남서울대학교,창조문화예술대학,영상예술디자인학과,,,True,True,True
남서울대학교,창조문화예술대학,시각정보디자인학과,,,True,True,True
남서울대학교,공과대학,멀티미디어학과,,,True,True,True
남서울대학교,공과대학,GIS공학과,,,True,True,True
경희사이버대학교,단과대구분없음,호텔경영학과,,,True,True,True
화성의과학대학교,단과대구분없음,ICT융합학과,,,True,True,True
남서울대학교,공과대학,산업경영공학과,,,True,True,True
숭실대학교,경영대학,복지경영학과(편입),,,True,True,True
숭실대학교,경영대학,복지경영학과,,,True,True,True
순천대학교,사회과학대학,공공인재학부,,,True,True,True
인천대학교,도시과학대학,건설환경공학부,,,True,True,True
한국폴리텍 III 대학 강릉캠퍼스,단과대구분없음,발전설비과,,,True,True,True
숙명여자대학교,이과대학,생명시스템학부,,,True,True,True
숙명여자대학교,공과대학,화공생명공학부,,,True,True,True
세명대학교,자연과학대학,정보통신학부,,,True,True,True
금오공과대학교,단과대구분없음,토목공학과,,,True,True,True
세명대학교,공과대학,바이오환경공학과,,,True,True,True
금오공과대학교,단과대구분없음,정보전자전공,,,True,True,True
금오공과대학교,단과대구분없음,제어및로봇전공,,,True,True,True
금오공과대학교,단과대구분없음,전자통신전공,,,True,True,True
금오공과대학교,단과대구분없음,전자및전파전공,,,True,True,True
금오공과대학교,단과대구분없음,전자IT융합전공,,,True,True,True
한국폴리텍 III 대학 원주캠퍼스,단과대구분없음,컴퓨터응용기계과,,,True,True,True
부산디지털대학교,단과대구분없음,경영학부,,,True,True,True
부산디지털대학교,단과대구분없음,아동보육교육학부,,,True,True,True
성균관대학교,사회과학대학,아동・청소년학과,,,True,True,True
성균관대학교,학부대학,학부대학,,,True,True,True
성균관대학교,단과대구분없음,자연과학계열,,,True,True,True
우석대학교,문화사회대학,문예창작학과,,,True,True,True
우석대학교,문화사회대학,군사학과,,,True,True,True
우석대학교,문화사회대학,군사안보학과,,,True,True,True
울산과학기술원,단과대구분없음,경영공학부,,,True,True,True
성균관대학교,단과대구분없음,공학계열,,,True,True,True
성균관대학교,소프트웨어대학,소프트웨어대학,,,True,True,True
성균관대학교,소프트웨어대학,소프트웨어학과,,,True,True,True
건국대학교,예술디자인대학,영화·애니메이션학과,,,True,True,True
숭실사이버대학교,단과대구분없음,전기공학과,,,True,True,True
강원대학교,공과대학,기계융합공학부,,,True,True,True
경기대학교,예술대학,미디어영상학과,,,True,True,True
강원대학교,농업생명과학대학,에코환경과학전공,,,True,True,True
한국열린사이버대학교,자연예술대학,주얼리디자인비즈니스학과,,,True,True,True
한국열린사이버대학교,인문사회대학,부동산금융자산학과,,,True,True,True
한국열린사이버대학교,인문사회대학,창업경영컨설팅학과,,,True,True,True
한국열린사이버대학교,인문사회대학,실용영어학과,,,True,True,True
영남대학교,생명응용과학대학,외식산업학과,,,True,True,True
중앙대학교,예술대학,공연영상창작학부,,,True,True,True
중앙대학교,창의ICT공과대학,융합교양학부,,,True,True,True
중앙대학교,예술대학,전통예술학부,,,True,True,True
중앙대학교,예술대학,음악학부,,,True,True,True
중앙대학교,예술대학,디자인학부,,,True,True,True
중앙대학교,예술대학,미술학부,,,True,True,True
중앙대학교,생명공학대학,생명공학대학,,,True,True,True
연세대학교(미래),글로벌엘리트학부,한국문화・경영전공,,,True,True,True
연세대학교(미래),원주의과대학,치위생학과,,,True,True,True
중앙대학교,경영경제대학,경영경제대학,,,True,True,True
연세대학교(미래),원주의과대학,의학과,,,True,True,True
중앙대학교,창의ICT공과대학,창의ICT공과대학,,,True,True,True
연세대학교(미래),원주의과대학,의예과,,,True,True,True
중앙대학교,공과대학,공과대학,,,True,True,True
연세대학교(미래),원주의과대학,간호학과,,,True,True,True
중앙대학교,자연과학대학,자연과학대학,,,True,True,True
중앙대학교,인문대학,인문대학,,,True,True,True
연세대학교(미래),인문예술대학,국어국문학과,,,True,True,True
이화여자대학교,신산업융합대학,의류산업학과,,,True,True,True
영남대학교,생명응용과학대학,식품자원경제학과,,,True,True,True
경희사이버대학교,단과대구분없음,사회복지학부,,,True,True,True
동신대학교,문화관광대학,호텔경영학과,,,True,True,True
동신대학교,인문사회과학대학,군사학과,,,True,True,True
동신대학교,기초교양대학,기초교양대학,,,True,True,True
영남대학교,생명응용과학대학,식품산업경영학과,,,True,True,True
경희사이버대학교,단과대구분없음,인문·사회·경영계열,,,True,True,True
상명대학교,자연과학대학,화공신소재학과,,,True,True,True
제주국제대학교,단과대구분없음,실용예술학부,,,True,True,True
제주국제대학교,단과대구분없음,전기공학과,,,True,True,True
제주국제대학교,단과대구분없음,건축학과,,,True,True,True
제주국제대학교,단과대구분없음,일본문화콘텐츠학과,,,True,True,True
제주국제대학교,단과대구분없음,법학과,,,True,True,True
인천대학교,단과대구분없음,동북아국제통상학부,,,True,True,True
경남대학교,건강과학대학,식품영양생명학과,,,True,True,True
경남대학교,공과대학,산업디자인학과,,,True,True,True
경남대학교,건강과학대학,스포츠과학과,,,True,True,True
경남대학교,건강과학대학,물리치료학과,,,True,True,True
경남대학교,건강과학대학,간호학과,,,True,True,True
대구예술대학교,단과대구분없음,예체능학부,,,True,True,True
대구예술대학교,단과대구분없음,자율전공(예체능학부),,,True,True,True
서울디지털대학교,단과대구분없음,패션학과,,,True,True,True
서울디지털대학교,단과대구분없음,무역물류학과,,,True,True,True
서울디지털대학교,단과대구분없음,컴퓨터공학과,,,True,True,True
선문대학교,인문사회대학,글로벌행정학과,,,True,True,True
계명대학교,인문국제학대학,한국문화정보학전공,,,True,True,True
세명대학교,인문대학,디지털콘텐츠창작학과,,,True,True,True
가톨릭관동대학교,의과대학,의생명과학과,,,True,True,True
가톨릭관동대학교,사범대학,역사교육과,,,True,True,True
가톨릭관동대학교,방송문화예술대학,뷰티미용학과,,,True,True,True
가톨릭관동대학교,방송문화예술대학,컴퓨터그래픽디자인학과,,,True,True,True
가톨릭관동대학교,방송문화예술대학,방송연예학과,,,True,True,True
가톨릭관동대학교,공공인재대학,항공경영학과,,,True,True,True
가톨릭관동대학교,공공인재대학,항공운항서비스학과,,,True,True,True
가톨릭관동대학교,방송문화예술대학,미디어창작학과,,,True,True,True
가톨릭관동대학교,관광스포츠대학,중국문화관광학과,,,True,True,True
가톨릭관동대학교,방송문화예술대학,실용음악학과,,,True,True,True
가톨릭관동대학교,공과대학,건축공학과,,,True,True,True
가톨릭관동대학교,공과대학,건축학과(5년제),,,True,True,True
가톨릭관동대학교,의과대학,의료공학과,,,True,True,True
가톨릭관동대학교,공과대학,컴퓨터공학과,,,True,True,True
가톨릭관동대학교,공과대학,정보통신공학과,,,True,True,True
가톨릭관동대학교,공과대학,전자공학과,,,True,True,True
가톨릭관동대학교,공과대학,에너지플랜트공학과,,,True,True,True
가톨릭관동대학교,관광스포츠대학,호텔경영학과,,,True,True,True
가톨릭관동대학교,관광스포츠대학,조리외식학과,,,True,True,True
가톨릭관동대학교,관광스포츠대학,스포츠레저학과,,,True,True,True
가톨릭관동대학교,관광스포츠대학,관광경영학과,,,True,True,True
가톨릭관동대학교,공공인재대학,사회복지학과,,,True,True,True
가톨릭관동대학교,공공인재대학,행정학과,,,True,True,True
가톨릭관동대학교,공공인재대학,경찰행정학과,,,True,True,True
전주대학교,문화융합대학,예술심리치료학과,,,True,True,True
한국폴리텍 I 대학 서울강서캠퍼스,단과대구분없음,주얼리디자인과,,,True,True,True
목포대학교,공과대학,기계·신소재공학과 신소재공학전공트랙,,,True,True,True
목포대학교,공과대학,기계·신소재공학과 기계공학심화트랙,,,True,True,True
목포대학교,공과대학,건축토목공학과 건축공학트랙,,,True,True,True
한국공학대학교,단과대구분없음,경영학부(산업경영전공),,,True,True,True
한국공학대학교,단과대구분없음,경영학부 (IT경영전공),,,True,True,True
목포대학교,공과대학,건축토목공학과 토목공학트랙,,,True,True,True
목포대학교,공과대학,조선해양공학과,,,True,True,True
목포대학교,공과대학,전기및제어공학과,,,True,True,True
경희사이버대학교,단과대구분없음,마케팅·지속경영리더십학과,,,True,True,True
경희사이버대학교,단과대구분없음,아동·보육전공,,,True,True,True
경희사이버대학교,단과대구분없음,노인복지전공,,,True,True,True
경희사이버대학교,단과대구분없음,사회복지전공,,,True,True,True
목포대학교,인문대학,고고인류문화학과,,,True,True,True
강원대학교,의생명과학대학,의생명융합학부,,,True,True,True
한림대학교,인문대학,사학전공,,,True,True,True
한림대학교,인문대학,철학전공,,,True,True,True
한림대학교,인문대학,국어국문학전공,,,True,True,True
한림대학교,인문대학,인문학부,,,True,True,True
예원예술대학교,단과대구분없음,연극영화학과,,,True,True,True
한국교통대학교,단과대구분없음,자유전공학부(의왕),,,True,True,True
대구가톨릭대학교,단과대구분없음,공직·공기업전공,,,True,True,True
서울기독대학교,단과대구분없음,신학과,,,True,True,True
서울기독대학교,단과대구분없음,사회복지학과,,,True,True,True
서울기독대학교,단과대구분없음,국제경영정보학과,,,True,True,True
서울기독대학교,단과대구분없음,음악학과,,,True,True,True
서울기독대학교,단과대구분없음,무용학과,,,True,True,True
대전대학교,H-LAC,국어국문창작학과,,,True,True,True
건양사이버대학교,단과대구분없음,교양학부,,,True,True,True
한밭대학교,인문사회대학,인문교양학부,,,True,True,True
한밭대학교,건설환경조형대학,산업디자인학과,,,True,True,True
호서대학교,공과대학,신소재공학과,,,True,True,True
호서대학교,사회과학대학,법경찰학전공,,,True,True,True
한국기술교육대학교,단과대구분없음,디자인ㆍ건축공학부,,,True,True,True
성균관대학교,공과대학,건설환경공학부,,,True,True,True
강원대학교,보건과학대학,방송영상학과,,,True,True,True
제주대학교,공과대학,기계메카에너지화학공학부,,,True,True,True
성균관대학교,소프트웨어대학,컴퓨터공학과,,,True,True,True
건국대학교,동물생명과학대학,줄기세포재생생물학과,,,True,True,True
부산외국어대학교,상경대학,경제데이터금융학부(데이터경영전공),,,True,True,True
부산외국어대학교,상경대학,경제데이터금융학부(경제학전공),,,True,True,True
부산외국어대학교,상경대학,국제무역유통학부(국제무역전공),,,True,True,True
제주국제대학교,단과대구분없음,언어치료학과,,,True,True,True
건국대학교,글로벌융합대학,글로벌통상·소비자전공,,,True,True,True
동아대학교,공과대학,기계·산업경영공학부 조선해양플랜트공학과,,,True,True,True
동아대학교,공과대학,기계·산업경영공학부 산업경영공학과,,,True,True,True
동아대학교,공과대학,기계·산업경영공학부 기계공학과,,,True,True,True
동아대학교,공과대학,인간환경융합공학부 에너지·자원공학과,,,True,True,True
동아대학교,공과대학,인간환경융합공학부 환경공학과,,,True,True,True
동아대학교,공과대학,인간환경융합공학부 토목공학과,,,True,True,True
동아대학교,공과대학,인간환경융합공학부 건축공학과,,,True,True,True
동아대학교,공과대학,기계·산업경영공학부,,,True,True,True
동아대학교,단과대구분없음,중국·일본학부 일본학전공,,,True,True,True
동아대학교,단과대구분없음,중국·일본학부 중국학전공,,,True,True,True
동아대학교,단과대구분없음,중국·일본학부,,,True,True,True
동아대학교,생명자원과학대학,생명자원산업학과,,,True,True,True
동아대학교,공과대학,전기·전자·컴퓨터공학부 전기공학과,,,True,True,True
동아대학교,생명자원과학대학,분자유전공학과,,,True,True,True
동아대학교,사회과학대학,미디어커뮤니케이션학과,,,True,True,True
동아대학교,인문과학대학,아동학과,,,True,True,True
동아대학교,공과대학,전기·전자·컴퓨터공학부 전자공학과,,,True,True,True
동아대학교,공과대학,전기·전자·컴퓨터공학부 컴퓨터공학과,,,True,True,True
동아대학교,공과대학,신소재화학공학부 화학공학과,,,True,True,True
동아대학교,공과대학,신소재화학공학부 신소재공학과,,,True,True,True
전남대학교,문화사회과학대학,국제학부,,,True,True,True
서강대학교,문과대학,일본문화연계전공,,,True,True,True
서강대학교,문과대학,유럽문화전공,,,True,True,True
건국대학교,글로벌융합대학,글로벌비즈니스학부,,,True,True,True
부산외국어대학교,글로컬창의융합대학,G2비즈니스융합학부,,,True,True,True
목포대학교,공과대학,건축토목공학과,,,True,True,True
목포대학교,공과대학,기계·신소재공학과,,,True,True,True
목포대학교,자연과학대학,친환경바이오융합학과,,,True,True,True
경남대학교,법정대학,경호보안학과,,,True,True,True
순천대학교,생명산업과학대학,산림자원.조경학부,,,True,True,True
동아대학교,예술체육대학,태권도학과,,,True,True,True
한국공학대학교,기업인재대학,창의경영학과,,,True,True,True
이화여자대학교,신산업융합대학,신산업융합대학,,,True,True,True
대전대학교,경영대학,경영학부,,,True,True,True
대전대학교,H-LAC,정치외교학과,,,True,True,True
대전대학교,경영대학,의료경영학과,,,True,True,True
대전대학교,공과대학,안전방재학부,,,True,True,True
대전대학교,공과대학,소방방재학과,,,True,True,True
경희사이버대학교,단과대구분없음,외식조리경영학과,,,True,True,True
대전대학교,공과대학,건설안전방재공학과,,,True,True,True
경희사이버대학교,단과대구분없음,상담심리학과,,,True,True,True
대전대학교,디자인ㆍ아트대학,커뮤니케이션디자인학과,,,True,True,True
대전대학교,디자인ㆍ아트대학,서예디자인학과,,,True,True,True
대전대학교,디자인ㆍ아트대학,영상애니메이션학과,,,True,True,True
대전대학교,경영대학,국제물류학과,,,True,True,True
대전대학교,H-LAC,통계학과,,,True,True,True
경희사이버대학교,단과대구분없음,컴퓨터정보통신공학전공,,,True,True,True
송원대학교,단과대구분없음,한국어교육과,,,True,True,True
세종사이버대학교,단과대구분없음,아동가족상담학과,,,True,True,True
가톨릭관동대학교,방송문화예술대학,방송제작학과,,,True,True,True
영남대학교,생명응용과학대학,식품경제외식학과,,,True,True,True
우송대학교,단과대구분없음,글로벌비즈니스학과,,,True,True,True
우송대학교,단과대구분없음,외식조리학부 외식산업경영전공,,,True,True,True
우송대학교,단과대구분없음,언어치료·청각재활학과,,,True,True,True
우송대학교,단과대구분없음,글로벌미디어영상학과,,,True,True,True
우송대학교,단과대구분없음,테크노미디어융합학부 영상콘텐츠전공,,,True,True,True
우송대학교,단과대구분없음,테크노미디어융합학부 미디어디자인전공,,,True,True,True
우송대학교,단과대구분없음,테크노미디어융합학부 게임멀티미디어전공,,,True,True,True
우송대학교,단과대구분없음,IT융합학부 스마트IT·보안전공,,,True,True,True
세한대학교,단과대구분없음,항공서비스학과,,,True,True,True
세한대학교,단과대구분없음,방재안전학과,,,True,True,True
세한대학교,단과대구분없음,글로벌비즈니스학과,,,True,True,True
세한대학교,단과대구분없음,복지경영학과,,,True,True,True
수원대학교,경상대학,경제학부,,,True,True,True
수원대학교,미술대학,패션,,,True,True,True
수원대학교,미술대학,커뮤니케이션,,,True,True,True
수원대학교,미술대학,조소,,,True,True,True
수원대학교,미술대학,서양화,,,True,True,True
수원대학교,경상대학,국제개발협력학,,,True,True,True
수원대학교,인문사회대학,중어중문학,,,True,True,True
수원대학교,경상대학,경제금융학,,,True,True,True
수원대학교,경상대학,응용통계학,,,True,True,True
수원대학교,미술대학,한국화,,,True,True,True
수원대학교,음악대학,영화영상,,,True,True,True
수원대학교,음악대학,연극,,,True,True,True
수원대학교,융합과학대학,수학,,,True,True,True
수원대학교,융합과학대학,물리학,,,True,True,True
수원대학교,융합과학대학,생명과학,,,True,True,True
수원대학교,융합과학대학,화학,,,True,True,True
수원대학교,융합과학대학,생명공학,,,True,True,True
수원대학교,융합과학대학,식품영양학,,,True,True,True
수원대학교,공과대학,도시부동산학,,,True,True,True
수원대학교,공과대학,기계공학,,,True,True,True
수원대학교,공과대학,산업공학,,,True,True,True
수원대학교,공과대학,전자재료공학,,,True,True,True
수원대학교,공과대학,신소재공학,,,True,True,True
수원대학교,공과대학,화학공학,,,True,True,True
수원대학교,IT대학,컴퓨터학,,,True,True,True
수원대학교,IT대학,정보미디어학,,,True,True,True
수원대학교,IT대학,정보통신공학,,,True,True,True
수원대학교,IT대학,정보보호학,,,True,True,True
수원대학교,음악대학,음악학부,,,True,True,True
수원대학교,음악대학,작곡,,,True,True,True
수원대학교,음악대학,성악,,,True,True,True
수원대학교,음악대학,피아노,,,True,True,True
수원대학교,음악대학,국악,,,True,True,True
수원대학교,음악대학,공연영상학부,,,True,True,True
수원대학교,체육의료복지대학,스포츠과학부,,,True,True,True
성균관대학교,공과대학,고분자시스템공학과,,,True,True,True
수원대학교,체육의료복지대학,아동가족복지학과,,,True,True,True
수원대학교,체육의료복지대학,간호학과,,,True,True,True
수원대학교,음악대학,관현악,,,True,True,True
수원대학교,미술대학,조형학부,,,True,True,True
수원대학교,공과대학,전자공학,,,True,True,True
수원대학교,공과대학,전기공학,,,True,True,True
수원대학교,융합과학대학,의류학,,,True,True,True
수원대학교,융합과학대학,기초과학부,,,True,True,True
수원대학교,경상대학,경영학,,,True,True,True
수원대학교,인문사회대학,행정학과,,,True,True,True
수원대학교,인문사회대학,언론정보학과,,,True,True,True
수원대학교,인문사회대학,법학과,,,True,True,True
수원대학교,인문사회대학,일어일문학,,,True,True,True
수원대학교,인문사회대학,프랑스어문학,,,True,True,True
수원대학교,인문사회대학,러시아어문학,,,True,True,True
수원대학교,인문사회대학,영어영문학,,,True,True,True
수원대학교,인문사회대학,사학,,,True,True,True
수원대학교,인문사회대학,국어국문학,,,True,True,True
경동대학교,간호보건대학,응급구조학과,,,True,True,True
경동대학교,간호보건대학,안경광학과,,,True,True,True
경동대학교,간호보건대학,물리치료학과,,,True,True,True
경동대학교,간호보건대학,작업치료학과,,,True,True,True
경동대학교,간호보건대학,치위생학과,,,True,True,True
경동대학교,간호보건대학,간호학과,,,True,True,True
한양사이버대학교,단과대구분없음,기계자동차공학부,,,True,True,True
서울여자대학교,미래산업융합대학,산업디자인학과,,,True,True,True
서울여자대학교,미래산업융합대학,소프트웨어융합학과,,,True,True,True
서울여자대학교,미래산업융합대학,정보보호학과,,,True,True,True
서울여자대학교,미래산업융합대학,디지털미디어학과,,,True,True,True
서울여자대학교,자연과학대학,식품영양학전공,,,True,True,True
서울여자대학교,자연과학대학,식품공학전공,,,True,True,True
서울여자대학교,자연과학대학,생명환경공학전공,,,True,True,True
서울여자대학교,자연과학대학,화학전공,,,True,True,True
서울여자대학교,사회과학대학,체육학과,,,True,True,True
서울여자대학교,아트앤디자인스쿨,시각디자인전공,,,True,True,True
서울여자대학교,아트앤디자인스쿨,공예전공,,,True,True,True
서울여자대학교,아트앤디자인스쿨,현대미술전공,,,True,True,True
서울여자대학교,미래산업융합대학,의류학과,,,True,True,True
서울여자대학교,미래산업융합대학,경영학과,,,True,True,True
경동대학교,간호보건대학,치기공학과,,,True,True,True
경동대학교,간호보건대학,임상병리학과,,,True,True,True
한신대학교,한중문화산업대학,중국문화콘텐츠학부,,,True,True,True
한신대학교,한중문화산업대학,중국문화정보학부,,,True,True,True
한신대학교,한중문화산업대학,중국어문화학부,,,True,True,True
한신대학교,한중문화산업대학,중어중문학전공,,,True,True,True
한신대학교,한중문화산업대학,디지털문화콘텐츠전공,,,True,True,True
한신대학교,글로벌협력대학,국제경제학과,,,True,True,True
남서울대학교,단과대구분없음,영유아보육학과,,,True,True,True
한국폴리텍 I 대학 서울강서캠퍼스,단과대구분없음,데이터분석과,,,True,True,True
한국교통대학교,단과대구분없음,자유전공학부(충주/증평),,,True,True,True
서울여자대학교,단과대구분없음,글로벌문화산업·MICE전공,,,True,True,True
서울여자대학교,단과대구분없음,도시환경예술디자인전공,,,True,True,True
서울여자대학교,단과대구분없음,스마트헬스케어전공,,,True,True,True
서울여자대학교,단과대구분없음,공공안전전공,,,True,True,True
서울여자대학교,단과대구분없음,휴먼서비스전공,,,True,True,True
서울여자대학교,사회과학대학,저널리즘전공,,,True,True,True
서울여자대학교,사회과학대학,디지털영상전공,,,True,True,True
서울여자대학교,사회과학대학,비즈니스커뮤니케이션전공,,,True,True,True
충북대학교,농업생명환경대학,식품생명·축산과학부,,,True,True,True
충북대학교,농업생명환경대학,응용생명공학부,,,True,True,True
충북대학교,농업생명환경대학,응용생명공학부 식물의학전공,,,True,True,True
충북대학교,농업생명환경대학,응용생명공학부 원예과학전공,,,True,True,True
충북대학교,농업생명환경대학,응용생명공학부 특용식물학전공,,,True,True,True
충북대학교,농업생명환경대학,식품생명·축산과학부 식품생명공학전공,,,True,True,True
충북대학교,농업생명환경대학,식품생명·축산과학부 축산학전공,,,True,True,True
충북대학교,농업생명환경대학,식물자원환경화학부 환경생명화학전공,,,True,True,True
충북대학교,농업생명환경대학,식물자원환경화학부 식물자원학전공,,,True,True,True
충북대학교,자연과학대학,생명과학부 생화학전공,,,True,True,True
충북대학교,자연과학대학,생명과학부 미생물학전공,,,True,True,True
충북대학교,자연과학대학,생명과학부 생물과학전공,,,True,True,True
충북대학교,자연과학대학,생명과학부,,,True,True,True
충북대학교,농업생명환경대학,식물자원환경화학부,,,True,True,True
동아대학교,공과대학,인간환경융합공학부,,,True,True,True
동아대학교,공과대학,신소재화학공학부,,,True,True,True
동아대학교,공과대학,신소재화학공학부 유기재료고분자공학과,,,True,True,True
동아대학교,공과대학,전기·전자·컴퓨터공학부,,,True,True,True
한밭대학교,공과대학,기초과학부,,,True,True,True
우송대학교,단과대구분없음,외식조리학부 외식조리전공,,,True,True,True
우송대학교,단과대구분없음,외식조리학부 글로벌한식조리전공,,,True,True,True
송원대학교,단과대구분없음,언어치료심리학과(인문),,,True,True,True
송원대학교,단과대구분없음,재활보건관리학과(인문),,,True,True,True
제주국제대학교,단과대구분없음,스포츠학부 마산업전공,,,True,True,True
경상국립대학교,공과대학,기계항공정보융합공학부,,,True,True,True
명지대학교,공과대학,기계산업경영공학부,,,True,True,True
한림대학교,산학협력특성화대학,산학협력특성화대학,,,True,True,True
청운대학교,호텔관광대학,항공서비스경영학과,,,True,True,True
전북대학교,단과대구분없음,지미카터국제학부,,,True,True,True
전북대학교,공과대학,융합기술공학과,,,True,True,True
강릉원주대학교,생명과학대학,해양분자생명과학과,,,True,True,True
수원대학교,공과대학,건축학,,,True,True,True
한림대학교,공과대학,에너지공학과,,,True,True,True
한림대학교,공과대학,융합신소재공학과,,,True,True,True
한림대학교,공과대학,전자공학과,,,True,True,True
한림대학교,공과대학,컴퓨터공학과,,,True,True,True
한림대학교,공과대학,융합소프트웨어학과,,,True,True,True
한림대학교,경영대학,경영학과,,,True,True,True
한림대학교,사회과학대학,디지털미디어콘텐츠전공,,,True,True,True
한림대학교,사회과학대학,언론방송융합미디어전공,,,True,True,True
한림대학교,사회과학대학,미디어커뮤니케이션학부,,,True,True,True
한림대학교,사회과학대학,법학과,,,True,True,True
수원대학교,IT대학,정보통신보안학부,,,True,True,True
수원대학교,IT대학,컴퓨터미디어학부,,,True,True,True
수원대학교,공과대학,화공신소재공학부,,,True,True,True
수원대학교,공과대학,전기전자공학부,,,True,True,True
수원대학교,공과대학,기계산업공학부,,,True,True,True
수원대학교,공과대학,건축도시학부,,,True,True,True
수원대학교,융합과학대학,바이오산업학부,,,True,True,True
수원대학교,경상대학,글로벌비즈니스학,,,True,True,True
수원대학교,인문사회대학,외국어학부,,,True,True,True
수원대학교,인문사회대학,인문학부,,,True,True,True
수원대학교,미술대학,공예,,,True,True,True
남서울대학교,단과대구분없음,아동복지융합학과,,,True,True,True
서울여자대학교,단과대구분없음,기업보안융합전공,,,True,True,True
경희사이버대학교,단과대구분없음,미래 IT 계열,,,True,True,True
한신대학교,단과대구분없음,기타모집단위,,,True,True,True
한성대학교,공과대학,CRM·디지털마케팅연계전공,,,True,True,True
서울여자대학교,단과대구분없음,디지털융합경영전공,,,True,True,True
세한대학교,단과대구분없음,융합보안학과,,,True,True,True
한성대학교,예술대학,인테리어디자인학과,,,True,True,True
상명대학교,ICT융합대학,게임학과,,,True,True,True
상명대학교,ICT융합대학,미디어소프트웨어학과,,,True,True,True
호서대학교,예체능대학,산업애니메이션학과,,,True,True,True
호서대학교,공과대학,컴퓨터소프트웨어학전공,,,True,True,True
호서대학교,공과대학,정보통신공학부,,,True,True,True
호서대학교,공과대학,전자디스플레이공학부,,,True,True,True
호서대학교,공과대학,자동차ICT공학과,,,True,True,True
강원대학교,농업생명과학대학,환경융합학부,,,True,True,True
강원대학교,농업생명과학대학,원예·시스템공학부,,,True,True,True
한동대학교,단과대구분없음,콘텐츠융합디자인학부,,,True,True,True
위덕대학교,단과대구분없음,건강스포츠학부,,,True,True,True
위덕대학교,단과대구분없음,신재생에너지공학전공,,,True,True,True
위덕대학교,단과대구분없음,전자정보통신공학전공,,,True,True,True
위덕대학교,단과대구분없음,원전ㆍ제어시스템공학전공,,,True,True,True
위덕대학교,단과대구분없음,전기공학전공,,,True,True,True
위덕대학교,단과대구분없음,철강IT융합전공,,,True,True,True
위덕대학교,단과대구분없음,철강IT공학부,,,True,True,True
위덕대학교,단과대구분없음,레저스포츠전공,,,True,True,True
위덕대학교,단과대구분없음,평생체육지도전공,,,True,True,True
위덕대학교,단과대구분없음,물리치료학과,,,True,True,True
위덕대학교,단과대구분없음,간호학과,,,True,True,True
위덕대학교,단과대구분없음,보건관리학과,,,True,True,True
위덕대학교,단과대구분없음,식품영양학전공,,,True,True,True
위덕대학교,단과대구분없음,제과제빵전공,,,True,True,True
위덕대학교,단과대구분없음,호텔조리전공,,,True,True,True
위덕대학교,단과대구분없음,외식산업학부,,,True,True,True
위덕대학교,단과대구분없음,중등특수교육전공,,,True,True,True
위덕대학교,단과대구분없음,초등특수교육전공,,,True,True,True
위덕대학교,단과대구분없음,특수교육학부,,,True,True,True
위덕대학교,단과대구분없음,유아교육과,,,True,True,True
위덕대학교,단과대구분없음,항공관광학과,,,True,True,True
위덕대학교,단과대구분없음,사회복지학과,,,True,True,True
위덕대학교,단과대구분없음,경영학과,,,True,True,True
위덕대학교,단과대구분없음,소방방재학과,,,True,True,True
위덕대학교,단과대구분없음,경찰행정학과,,,True,True,True
위덕대학교,단과대구분없음,일본언어문화학과,,,True,True,True
위덕대학교,단과대구분없음,자율전공학부,,,True,True,True
위덕대학교,단과대구분없음,불교문화학과,,,True,True,True
한밭대학교,공과대학,융합기술학과(편입),,,True,True,True
한밭대학교,공과대학,융합기술학과,,,True,True,True
경일대학교,단과대구분없음,자율전공학부,,,True,True,True
서울과학기술대학교,기술경영융합대학,경영학과(글로벌테크노경영전공),,,True,True,True
서울과학기술대학교,기술경영융합대학,경영학과(경영학전공),,,True,True,True
초당대학교,단과대구분없음,군사학과,,,True,True,True
한동대학교,단과대구분없음,창의융합교육원(인문사회),,,True,True,True
한국해양대학교,공과대학,제어자동화공학부,,,True,True,True
한국해양대학교,공과대학,전자통신공학전공,,,True,True,True
경기대학교,예술대학,서양화·미술경영학과,,,True,True,True
호서대학교,공과대학,디스플레이공학전공,,,True,True,True
한일장신대학교,단과대구분없음,음악학부 음악‧교회음악학전공,,,True,True,True
한일장신대학교,단과대구분없음,음악학부 실용음악학전공,,,True,True,True
호서대학교,예체능대학,문화콘텐츠전공,,,True,True,True
수원대학교,체육의료복지대학,체육학/레저스포츠,,,True,True,True
수원대학교,음악대학,무용,,,True,True,True
수원대학교,융합과학대학,생활과학부,,,True,True,True
호서대학교,사회과학대학,글로벌통상학과,,,True,True,True
위덕대학교,단과대구분없음,반도체전자공학전공,,,True,True,True
수원대학교,체육의료복지대학,스포츠건강관리학,,,True,True,True
호서대학교,예체능대학,문화미디어학부,,,True,True,True
호서대학교,예체능대학,융합예술학부,,,True,True,True
한양대학교,공과대학,응용시스템학과,,,True,True,True
중앙대학교,사회과학대학,사회과학대학,,,True,True,True
중앙대학교,창의ICT공과대학,컴퓨터공학부(컴퓨터공학전공),,,True,True,True
중앙대학교,창의ICT공과대학,컴퓨터공학부(소프트웨어전공),,,True,True,True
유원대학교,단과대구분없음,경찰·소방행정학과,,,True,True,True
유원대학교,단과대구분없음,의생명과학과,,,True,True,True
유원대학교,단과대구분없음,화장품피부미용학과,,,True,True,True
유원대학교,단과대구분없음,와인발효·식음료서비스학과,,,True,True,True
유원대학교,단과대구분없음,건설환경방재공학과,,,True,True,True
유원대학교,단과대구분없음,도시지적행정학과,,,True,True,True
유원대학교,단과대구분없음,재활학과,,,True,True,True
유원대학교,단과대구분없음,창의융합학부,,,True,True,True
서울여자대학교,자연과학대학,식품응용시스템학부,,,True,True,True
남서울대학교,보건의료복지대학,보건행정학과,,,True,True,True
유원대학교,단과대구분없음,의료보건행정학과,,,True,True,True
유원대학교,단과대구분없음,미디어컨텐츠학과,,,True,True,True
호원대학교,공과대학,사이버수사보안학부,,,True,True,True
한남대학교,법정대학,도시부동산학과,,,True,True,True
한남대학교,법정대학,사회복지학과,,,True,True,True
한남대학교,법정대학,법학전공,,,True,True,True
한남대학교,법정대학,정치·언론·국방학과,,,True,True,True
한남대학교,법정대학,법무법학전공,,,True,True,True
신한대학교,평생학습중심대학,미용학과,,,True,True,True
한남대학교,법정대학,행정·경찰학과,,,True,True,True
한남대학교,단과대구분없음,조형예술학부,,,True,True,True
한남대학교,공과대학,건축학과(5년제),,,True,True,True
한남대학교,단과대구분없음,의류학전공,,,True,True,True
한남대학교,단과대구분없음,디자인예술문화전공,,,True,True,True
전남대학교,문화사회과학대학,문화콘텐츠학부,,,True,True,True
경기대학교,관광대학,외식조리과학과,,,True,True,True
서경대학교,예술대학,헤어･메이크업 디자인 전공,,,True,True,True
서경대학교,예술대학,뷰티테라피 & 메이크업 전공,,,True,True,True
한남대학교,단과대구분없음,회화전공,,,True,True,True
공주대학교,산업과학대학,외식상품학전공,,,True,True,True
공주대학교,공과대학,전기전자공학과,,,True,True,True
호서대학교,공과대학,융합기술학과,,,True,True,True
한국국제대학교,의료보건대학,병원관리학과,,,True,True,True
호서대학교,생명보건과학대학,보건과학계열,,,True,True,True
전북대학교,생활과학대학,아동학과(인문사회),,,True,True,True
제주대학교,공과대학,산업공예전공,,,True,True,True
한국공학대학교,기업인재대학,환경안전경영학과,,,True,True,True
한국공학대학교,기업인재대학,광융합시스템공학과,,,True,True,True
신라대학교,단과대구분없음,에너지관리학과,,,True,True,True
신라대학교,단과대구분없음,뷰티비즈니스학과,,,True,True,True
신라대학교,단과대구분없음,기업경영학과,,,True,True,True
한세대학교,단과대구분없음,사회복지행정전공,,,True,True,True
위덕대학교,단과대구분없음,에너지전기공학부,,,True,True,True
중앙대학교,인문대학,유럽문화학부,,,True,True,True
단국대학교,간호대학,간호학과,,,True,True,True
카이스트(KAIST/한국과학기술원),경영대학,기술경영학부(IT경영학),,,True,True,True
카이스트(KAIST/한국과학기술원),경영대학,기술경영학부,,,True,True,True
금오공과대학교,단과대구분없음,전자컴퓨터공학과,,,True,True,True
대구한의대학교,기초교양대학,기초교양대학(예체능),,,True,True,True
대구한의대학교,기초교양대학,기초교양대학(공학),,,True,True,True
대구한의대학교,기초교양대학,기초교양대학(자연과학),,,True,True,True
대구한의대학교,기초교양대학,기초교양대학(인문사회),,,True,True,True
호서대학교,인문융합대학,한국어문화학부,,,True,True,True
호서대학교,인문융합대학,청소년문화.상담학과,,,True,True,True
호서대학교,인문융합대학,중어중국학과,,,True,True,True
호서대학교,인문융합대학,유아교육과,,,True,True,True
호서대학교,인문융합대학,영어영문학과,,,True,True,True
호서대학교,인문융합대학,신학전공,,,True,True,True
호서대학교,인문융합대학,사회복지학전공,,,True,True,True
호서대학교,인문융합대학,사회복지학부,,,True,True,True
호서대학교,인문융합대학,문화콘텐츠창작전공,,,True,True,True
호서대학교,인문융합대학,노인복지학전공,,,True,True,True
호서대학교,인문융합대학,기독교학부,,,True,True,True
호서대학교,인문융합대학,기독교연예학과,,,True,True,True
호서대학교,인문융합대학,기독교교육학전공,,,True,True,True
호서대학교,인문융합대학,국어국문학전공,,,True,True,True
호서대학교,인문융합대학,한국언어문화전공,,,True,True,True
호서대학교,인문융합대학,중어중국학전공,,,True,True,True
호서대학교,인문융합대학,영어영문학전공,,,True,True,True
호서대학교,인문융합대학,어문학부,,,True,True,True
호서대학교,인문융합대학,기독교학과,,,True,True,True
중앙대학교,예술대학,공연영상창작학부(문예창작전공),,,True,True,True
한국해양대학교,해사대학,해사수송과학부,,,True,True,True
군산대학교,공과대학,융복합기술공학과,,,True,True,True
연세대학교(미래),글로벌엘리트학부,글로벌엘리트학부,,,True,True,True
한국기술교육대학교,일학습병행대학,강소기업경영학과,,,True,True,True
한국기술교육대학교,일학습병행대학,기계설계공학과,,,True,True,True
한국기술교육대학교,일학습병행대학,기전융합공학과,,,True,True,True
대구대학교,정보통신대학,메카트로닉스공학과,,,True,True,True
동신대학교,공과대학,보석귀금속학과,,,True,True,True
영남대학교,생명응용과학대학,산림자원학과,,,True,True,True
영남대학교,생명응용과학대학,조경학과,,,True,True,True
한세대학교,단과대구분없음,IT융합지능로봇공학전공,,,True,True,True
한세대학교,단과대구분없음,IT융합전공,,,True,True,True
영산대학교,단과대구분없음,부동산자산관리전공,,,True,True,True
영산대학교,단과대구분없음,연계전공학부,,,True,True,True
대진대학교,창의미래인재대학,사회복지보육학과,,,True,True,True
한국폴리텍 I 대학 제주캠퍼스,단과대구분없음,융합디자인과,,,True,True,True
성결대학교,공과대학,미디어소프트웨어학부,,,True,True,True
동의대학교,동의지천교양대학,교양교육원,,,True,True,True
영남대학교,문과대학,중어중문학과,,,True,True,True
동신대학교,공과대학,보석귀금속학과(공학),,,True,True,True
한남대학교,공과대학,건축·토목공학과,,,True,True,True
한남대학교,법정대학,법학부,,,True,True,True
한남대학교,법정대학,아동복지학과,,,True,True,True
건양대학교,의료공과대학,IT학부,,,True,True,True
부산외국어대학교,이공대학,디지털미디어공학부(인터넷미디어전공),,,True,True,True
부산외국어대학교,인문사회대학,사회복지재활학과,,,True,True,True
부산외국어대학교,유럽미주대학,영어학부(영어통번역전공),,,True,True,True
부산외국어대학교,유럽미주대학,영어학부(영어전공),,,True,True,True
부산외국어대학교,상경대학,경영학부(경영전공),,,True,True,True
한성대학교,사회과학대학,벤처창업연계전공,,,True,True,True
한국폴리텍 V 대학 광주캠퍼스,단과대구분없음,전자과,,,True,True,True
한국해양대학교,국제대학,법무비즈니스학과,,,True,True,True
가톨릭관동대학교,VERUM교양대학,교양과,,,True,True,True
한국산업기술대학교(산업대),단과대구분없음,경영학부 (IT경영전공),,,True,True,True
순천향대학교,의료과학대학,의용메카트로닉스공학과,,,True,True,True
순천향대학교,SCH미디어랩스,공연영상학과,,,True,True,True
순천향대학교,SCH미디어랩스,에너지시스템학과,,,True,True,True
순천향대학교,SCH미디어랩스,스마트자동차학과,,,True,True,True
순천향대학교,SCH미디어랩스,건축학과(5),,,True,True,True
순천향대학교,SCH미디어랩스,미디어커뮤니케이션학과,,,True,True,True
순천향대학교,SCH미디어랩스,한국문화콘텐츠학과,,,True,True,True
순천향대학교,SCH미디어랩스,중국학과,,,True,True,True
순천향대학교,SCH미디어랩스,영미학과,,,True,True,True
가톨릭관동대학교,단과대구분없음,기타모집단위,,,True,True,True
신한대학교,단과대구분없음,기타모집단위,,,True,True,True
배재대학교,단과대구분없음,기타모집단위,,,True,True,True
호서대학교,단과대구분없음,기타모집단위,,,True,True,True
한국폴리텍 I 대학 성남캠퍼스,단과대구분없음,스마트전기과,,,True,True,True
한국폴리텍 I 대학 성남캠퍼스,단과대구분없음,전자정보통신과,,,True,True,True
대구교육대학교,단과대구분없음,초등교육과,,,True,True,True
순천향대학교,SCH미디어랩스,사물인터넷학과,,,True,True,True
한국외국어대학교,단과대구분없음,기타모집단위,,,True,True,True
세종사이버대학교,단과대구분없음,인문사회계열,,,True,True,True
글로벌사이버대학교,단과대구분없음,문화경영계열,,,True,True,True
글로벌사이버대학교,단과대구분없음,인문사회계열,,,True,True,True
고려사이버대학교,단과대구분없음,인문사회계열,,,True,True,True
고려사이버대학교,단과대구분없음,공학계열,,,True,True,True
디지털서울문화예술대학교,단과대구분없음,사회문화계열,,,True,True,True
디지털서울문화예술대학교,단과대구분없음,문화예술계열,,,True,True,True
가톨릭대학교,단과대구분없음,가톨릭대학교학부대학,,,True,True,True
금오공과대학교,단과대구분없음,기타모집단위,,,True,True,True
전북대학교,단과대구분없음,기타모집단위,,,True,True,True
성공회대학교,단과대구분없음,기타모집단위,,,True,True,True
순천향대학교,SCH미디어랩스,빅데이터공학과,,,True,True,True
순천향대학교,SCH미디어랩스,디지털애니메이션학과,,,True,True,True
경일대학교,후지오네칼리지,자율전공학부,,,True,True,True
건양대학교,PRIME창의융합대학,건설환경공학과,,,True,True,True
건양대학교,PRIME창의융합대학,건설시스템공학과,,,True,True,True
건양대학교,PRIME창의융합대학,해외건설플랜트학과,,,True,True,True
건양대학교,PRIME창의융합대학,나노바이오화학과,,,True,True,True
건양대학교,PRIME창의융합대학,정보보호학과,,,True,True,True
건양대학교,PRIME창의융합대학,의료뷰티학과,,,True,True,True
건양대학교,PRIME창의융합대학,기계공학과,,,True,True,True
건양대학교,PRIME창의융합대학,의약바이오학부,,,True,True,True
건양대학교,PRIME창의융합대학,융합디자인학부,,,True,True,True
건양대학교,PRIME창의융합대학,융합IT학부,,,True,True,True
건양대학교,PRIME창의융합대학,창의융합대학,,,True,True,True
건양대학교,PRIME창의융합대학,Global Frontier School,,,True,True,True
건양대학교,재활복지교육대학,스포츠의학과,,,True,True,True
건양대학교,재활복지교육대학,디지털콘텐츠디자인학부,,,True,True,True
건양대학교,재활복지교육대학,운동처방학과,,,True,True,True
건양대학교,재활복지교육대학,시각디자인학과,,,True,True,True
건양대학교,재활복지교육대학,공연미디어학과,,,True,True,True
건양대학교,재활복지교육대학,문학영상학과,,,True,True,True
건양대학교,재활복지교육대학,디지털콘텐츠학과,,,True,True,True
제주국제대학교,단과대구분없음,기타모집단위,,,True,True,True
부산외국어대학교,단과대구분없음,기타모집단위,,,True,True,True
군산대학교,해양과학대학,해양공학과,,,True,True,True
단국대학교,단과대구분없음,간호대학,,,True,True,True
카이스트(KAIST/한국과학기술원),단과대구분없음,새내기과정학부(자연계열),,,True,True,True
카이스트(KAIST/한국과학기술원),단과대구분없음,새내기과정학부(인문사회계열),,,True,True,True
카이스트(KAIST/한국과학기술원),단과대구분없음,새내기과정학부(공학계열),,,True,True,True
한국산업기술대학교(산업대),기업인재대학,메카트로닉스시스템공학과,,,True,True,True
광주과학기술원,단과대구분없음,지구환경공학전공,,,True,True,True
광주과학기술원,단과대구분없음,신소재공학전공,,,True,True,True
광주과학기술원,단과대구분없음,기계공학전공,,,True,True,True
목포대학교,공과대학,전자정보통신공학과 정보통신공학심화트랙,,,True,True,True
목포대학교,공과대학,전자정보통신공학과 정보전자공학심화트랙,,,True,True,True
광주과학기술원,단과대구분없음,전기전자컴퓨터전공,,,True,True,True
호남대학교,ICT융합대학,인터넷소프트웨어학과,,,True,True,True
호남대학교,ICT융합대학,토목환경공학과,,,True,True,True
호남대학교,ICT융합대학,컴퓨터공학과,,,True,True,True
호남대학교,ICT융합대학,조경학과,,,True,True,True
호남대학교,ICT융합대학,정보통신공학과,,,True,True,True
호남대학교,ICT융합대학,전자공학과,,,True,True,True
호남대학교,ICT융합대학,전기공학과,,,True,True,True
호남대학교,ICT융합대학,건축학과,,,True,True,True
한동대학교,단과대구분없음,ICT창업학부,,,True,True,True
한양대학교,단과대구분없음,간호학과(야간),,,True,True,True
한양대학교,단과대구분없음,간호학과,,,True,True,True
동국대학교,문과대학,문예창작학전공,,,True,True,True
숙명여자대학교,기초교양대학,융합학부,,,True,True,True
숙명여자대학교,기초교양대학,기초교양학부,,,True,True,True
차의과학대학교,융합과학대학,의료홍보미디어학과,,,True,True,True
건양대학교,글로벌경영대학,경영정보학과,,,True,True,True
한동대학교,단과대구분없음,창의융합교육원(자연과학계열),,,True,True,True
건양대학교,PRIME창의융합대학,공연의상학과,,,True,True,True
건양대학교,PRIME창의융합대학,패션디자인산업학과,,,True,True,True
한남대학교,단과대구분없음,기타모집단위,,,True,True,True
경동대학교,간호보건대학,기타모집단위,,,True,True,True
서울과학기술대학교,미래융합대학,융합기계공학과,,,True,True,True
서울과학기술대학교,미래융합대학,건설환경융합공학과,,,True,True,True
서울과학기술대학교,미래융합대학,벤처경영학과,,,True,True,True
강원대학교,공과대학,도시건축학부,,,True,True,True
한경국립대학교,공과대학,전기공학과,,,True,True,True
명지대학교,미래융합대학,법무정책학과,,,True,True,True
명지대학교,미래융합대학,부동산학과,,,True,True,True
명지대학교,미래융합대학,사회복지학과,,,True,True,True
명지대학교,미래융합대학,창의융합인재학부,,,True,True,True
순천향대학교,인문과학대학,영어영문학전공,,,True,True,True
목포대학교,공과대학,전자정보통신공학과(정보통신공학심화트랙),,,True,True,True
목포대학교,공과대학,전자정보통신공학과(정보전자공학심화트랙),,,True,True,True
목포대학교,공과대학,기계・신소재공학과(신소재공학트랙),,,True,True,True
목포대학교,공과대학,기계・신소재공학과(기계공학심화트랙),,,True,True,True
목포대학교,공과대학,건축토목공학과(토목공학트랙),,,True,True,True
목포대학교,공과대학,건축토목공학과(건축공학심화트랙),,,True,True,True
건국대학교(글로컬),교양대학,교양대학,,,True,True,True
추계예술대학교,단과대구분없음,기타모집단위,,,True,True,True
한국폴리텍 VII 대학 부산캠퍼스,단과대구분없음,IT융합제어과,,,True,True,True
한국폴리텍 VII 대학 부산캠퍼스,단과대구분없음,스마트전자과,,,True,True,True
경일대학교,후지오네칼리지,교양학부,,,True,True,True
순천향대학교,글로벌경영대학,글로벌문화산업학과,,,True,True,True
순천향대학교,인문사회과학대학,미디어콘텐츠학과,,,True,True,True
순천향대학교,인문사회과학대학,영화애니메이션학과,,,True,True,True
순천향대학교,인문사회과학대학,연극무용학과,,,True,True,True
순천향대학교,인문사회과학대학,국제문화학과,,,True,True,True
순천향대학교,인문사회과학대학,중어중문학과,,,True,True,True
순천향대학교,인문사회과학대학,영어영문학과,,,True,True,True
순천향대학교,인문사회과학대학,국어국문학과,,,True,True,True
순천향대학교,의과대학,의예과,,,True,True,True
순천향대학교,인문사회과학대학,사회복지학과,,,True,True,True
순천향대학교,인문사회과학대학,경찰행정학과,,,True,True,True
순천향대학교,인문사회과학대학,행정학과,,,True,True,True
순천향대학교,인문사회과학대학,법학과,,,True,True,True
순천향대학교,인문사회과학대학,유아교육과,,,True,True,True
순천향대학교,인문사회과학대학,신문방송학과,,,True,True,True
가톨릭관동대학교,의료융합대학,의료경영학과,,,True,True,True
가톨릭관동대학교,의료융합대학,의생명과학과,,,True,True,True
가톨릭관동대학교,의료융합대학,의료공학과,,,True,True,True
순천향대학교,인문사회과학대학,영어영문학전공,,,True,True,True
순천향대학교,SCH미디어랩스,건축학과,,,True,True,True
순천향대학교,인문사회과학대학,전자상거래학과,,,True,True,True
순천향대학교,인문사회과학대학,경찰행정학전공,,,True,True,True
순천향대학교,인문사회과학대학,행정학전공,,,True,True,True
순천향대학교,인문사회과학대학,법학전공,,,True,True,True
순천향대학교,인문사회과학대학,애니메이션전공,,,True,True,True
순천향대학교,인문사회과학대학,미디어콘텐츠전공,,,True,True,True
순천향대학교,인문사회과학대학,영화애니메이션전공,,,True,True,True
순천향대학교,인문사회과학대학,연극무용전공,,,True,True,True
순천향대학교,인문사회과학대학,독어독문학전공,,,True,True,True
순천향대학교,인문사회과학대학,국제어문학부,,,True,True,True
순천향대학교,인문사회과학대학,청소년교육 ・ 상담학과,,,True,True,True
순천향대학교,인문사회과학대학,특수교육과,,,True,True,True
가톨릭관동대학교,관광스포츠대학,관광경영학전공,,,True,True,True
동신대학교,한의과대학,제약공학과,,,True,True,True
동신대학교,공과대학,디지털콘텐츠학과,,,True,True,True
가톨릭관동대학교,관광스포츠대학,항공운항서비스학전공,,,True,True,True
가톨릭관동대학교,관광스포츠대학,항공경영학전공,,,True,True,True
가톨릭관동대학교,사회과학대학,광고홍보학과,,,True,True,True
가톨릭관동대학교,사회과학대학,공공행정학과,,,True,True,True
가톨릭관동대학교,사회과학대학,경영학과,,,True,True,True
가톨릭관동대학교,사회과학대학,사회복지학과,,,True,True,True
가톨릭관동대학교,사회과학대학,경찰행정학과,,,True,True,True
동신대학교,인문사회과학대학,한국어교원학전공,,,True,True,True
동신대학교,인문사회과학대학,아동영어교육학전공,,,True,True,True
동신대학교,인문사회과학대학,관광일본어학전공,,,True,True,True
동신대학교,인문사회과학대학,중국어학전공,,,True,True,True
나사렛대학교,단과대구분없음,국제금융부동산학과,,,True,True,True
나사렛대학교,단과대구분없음,재활자립학부,,,True,True,True
가톨릭관동대학교,관광스포츠대학,경기지도학과,,,True,True,True
가톨릭관동대학교,방송문화예술대학,뷰티디자인학과,,,True,True,True
가톨릭관동대학교,방송문화예술대학,미디어콘텐츠학전공,,,True,True,True
가톨릭관동대학교,공과대학,소프트웨어학과,,,True,True,True
가톨릭관동대학교,관광스포츠대학,항공운항학전공,,,True,True,True
가톨릭관동대학교,의료융합대학,의료IT학과,,,True,True,True
가톨릭관동대학교,의료융합대학,글로벌창업컨설팅학과,,,True,True,True
인제대학교,공과대학,실내건축학과,,,True,True,True
인제대학교,공과대학,미래에너지공학과,,,True,True,True
동신대학교,한의과대학,한약재산업학과,,,True,True,True
인제대학교,사회과학대학,경영학부,,,True,True,True
인제대학교,사회과학대학,국제경상학부,,,True,True,True
국민대학교,글로벌인문ㆍ지역대학,한국역사학과,,,True,True,True
국민대학교,과학기술대학,산림환경시스템학과,,,True,True,True
고려대학교(세종),글로벌비즈니스대학,한국학전공,,,True,True,True
가톨릭관동대학교,관광스포츠대학,호텔관광외식학부,,,True,True,True
가톨릭관동대학교,관광스포츠대학,항공학부,,,True,True,True
가톨릭관동대학교,방송문화예술대학,CG디자인학전공,,,True,True,True
국민대학교,글로벌인문ㆍ지역대학,한국어문학부,,,True,True,True
국민대학교,글로벌인문ㆍ지역대학,국어국문학전공,,,True,True,True
국민대학교,글로벌인문ㆍ지역대학,글로벌한국어전공,,,True,True,True
국민대학교,글로벌인문ㆍ지역대학,영어영문학부,,,True,True,True
국민대학교,글로벌인문ㆍ지역대학,글로벌커뮤니케이션영어전공,,,True,True,True
국민대학교,글로벌인문ㆍ지역대학,영미어문전공,,,True,True,True
국민대학교,사회과학대학,광고홍보학전공,,,True,True,True
국민대학교,사회과학대학,미디어전공,,,True,True,True
국민대학교,글로벌인문ㆍ지역대학,일본학과,,,True,True,True
국민대학교,글로벌인문ㆍ지역대학,유라시아학과,,,True,True,True
국민대학교,글로벌인문ㆍ지역대학,중국정경전공,,,True,True,True
국민대학교,사회과학대학,교육학과,,,True,True,True
국민대학교,창의공과대학,융합전자공학전공,,,True,True,True
국민대학교,창의공과대학,전자시스템공학전공,,,True,True,True
국민대학교,창의공과대학,에너지전자융합전공,,,True,True,True
국민대학교,창의공과대학,전자공학부,,,True,True,True
경북대학교,예술대학,디자인학과,,,True,True,True
고려대학교(세종),과학기술대학,컴퓨터융합소프트웨어학과,,,True,True,True
경북대학교,IT대학,"컴퓨터학부(플랫폼소프트웨어전공, 데이터과학전공, 인간중심소프트웨어전공)",,,True,True,True
경북대학교,IT대학,컴퓨터학부(글로벌소프트웨어융합전공),,,True,True,True
나사렛대학교,단과대구분없음,항공호텔관광경영학과,,,True,True,True
나사렛대학교,단과대구분없음,심리재활학전공,,,True,True,True
세명대학교,보건바이오대학,천연물의약바이오학과,,,True,True,True
세명대학교,보건바이오대학,작업치료학과,,,True,True,True
세명대학교,한의과대학,한의학과,,,True,True,True
세명대학교,한의과대학,한의예과,,,True,True,True
세명대학교,보건바이오대학,생활체육학과,,,True,True,True
세명대학교,인문예술대학,공연영상학과,,,True,True,True
세명대학교,교양대학,교양과정부,,,True,True,True
세명대학교,IT엔지니어링대학,토목공학과,,,True,True,True
세명대학교,IT엔지니어링대학,전자공학과,,,True,True,True
세명대학교,IT엔지니어링대학,전기공학과,,,True,True,True
세명대학교,보건바이오대학,화장품.뷰티생명공학부,,,True,True,True
세명대학교,보건바이오대학,바이오식품산업학부,,,True,True,True
세명대학교,인문예술대학,국제언어문화학부,,,True,True,True
세명대학교,IT엔지니어링대학,보건안전공학과,,,True,True,True
세명대학교,IT엔지니어링대학,바이오환경공학과,,,True,True,True
세명대학교,IT엔지니어링대학,건축공학과,,,True,True,True
세명대학교,보건바이오대학,간호학과,,,True,True,True
인제대학교,보건의료융합대학,물리치료학과,,,True,True,True
인제대학교,BNIT융합대학,바이오식품과학부,,,True,True,True
인제대학교,보건의료융합대학,작업치료학과,,,True,True,True
세명대학교,인문예술대학,융합디자인학부,,,True,True,True
세명대학교,인문예술대학,디지털콘텐츠창작학과,,,True,True,True
세명대학교,보건바이오대학,임상병리학과,,,True,True,True
인제대학교,보건의료융합대학,보건안전공학과,,,True,True,True
국민대학교,창의공과대학,신소재공학부,,,True,True,True
국민대학교,창의공과대학,건설시스템공학전공,,,True,True,True
국민대학교,창의공과대학,건설시스템공학부,,,True,True,True
국민대학교,창의공과대학,에너지기계공학전공,,,True,True,True
국민대학교,창의공과대학,융합기계공학전공,,,True,True,True
국민대학교,창의공과대학,기계공학부,,,True,True,True
국민대학교,과학기술대학,식품영양학과,,,True,True,True
국민대학교,과학기술대학,응용화학과,,,True,True,True
국민대학교,과학기술대학,나노전자물리학과,,,True,True,True
국민대학교,과학기술대학,정보보안암호수학과,,,True,True,True
고려대학교(세종),공공정책대학,경제정책학전공,,,True,True,True
고려대학교(세종),글로벌비즈니스대학,영미학전공,,,True,True,True
고려대학교(세종),공공정책대학,공공사회학전공,,,True,True,True
고려대학교(세종),공공정책대학,국가통계전공,,,True,True,True
고려대학교(세종),과학기술대학,데이터계산과학전공,,,True,True,True
고려대학교(세종),공공정책대학,정부행정학부,,,True,True,True
고려대학교(세종),공공정책대학,통일외교안보전공,,,True,True,True
고려대학교(세종),문화스포츠대학,국제스포츠학부,,,True,True,True
고려대학교(세종),문화스포츠대학,스포츠과학전공,,,True,True,True
고려대학교(세종),글로벌비즈니스대학,글로벌경영전공,,,True,True,True
고려대학교(세종),문화스포츠대학,문화유산융합학부,,,True,True,True
고려대학교(세종),문화스포츠대학,고고미술사학전공,,,True,True,True
고려대학교(세종),글로벌비즈니스대학,중국학전공,,,True,True,True
고려대학교(세종),글로벌비즈니스대학,디지털경영전공,,,True,True,True
고려대학교(세종),글로벌비즈니스대학,독일학전공,,,True,True,True
순천향대학교,단과대구분없음,웰니스융합학부,,,True,True,True
한양사이버대학교,단과대구분없음,디지털건축도시공학과,,,True,True,True
서울사이버대학교,단과대구분없음,인문사회계열,,,True,True,True
인제대학교,보건의료융합대학,임상병리학과,,,True,True,True
인제대학교,보건의료융합대학,산업안전보건학과,,,True,True,True
인제대학교,보건의료융합대학,보건관리학과,,,True,True,True
인제대학교,보건의료융합대학,의용공학부,,,True,True,True
고려대학교(세종),과학기술대학,반도체물리전공,,,True,True,True
경북대학교,IT대학,컴퓨터학부 인간중심소프트웨어전공,,,True,True,True
경북대학교,IT대학,컴퓨터학부 데이터과학전공,,,True,True,True
경북대학교,IT대학,컴퓨터학부 플랫폼소프트웨어전공,,,True,True,True
세명대학교,인문예술대학,미디어문화학부,,,True,True,True
고려대학교(세종),과학기술대학,자유공학부,,,True,True,True
국민대학교,과학기술대학,임산생명공학과,,,True,True,True
고려대학교(세종),과학기술대학,응용수리과학부,,,True,True,True
인제대학교,공과대학,멀티미디어학부,,,True,True,True
인제대학교,공과대학,디자인엔지니어링학과,,,True,True,True
인제대학교,BNIT융합대학,헬스케어IT학과,,,True,True,True
동신대학교,문화관광대학,뮤지컬ㆍ실용음악학과,,,True,True,True
가톨릭대학교,단과대구분없음,한국어교육융복합전공,,,True,True,True
가톨릭대학교,단과대구분없음,글로컬문화스토리텔링융복합전공,,,True,True,True
가톨릭대학교,단과대구분없음,글로벌인문경영융복합전공,,,True,True,True
고려대학교(세종),글로벌비즈니스대학,융합경영학부,,,True,True,True
숭실대학교,사회과학대학,행정학부 행정정보관리전공,,,True,True,True
국민대학교,창의공과대학,기계시스템공학전공,,,True,True,True
국민대학교,창의공과대학,기계금속재료전공,,,True,True,True
국민대학교,창의공과대학,전자화학재료전공,,,True,True,True
국민대학교,과학기술대학,바이오발효융합학과,,,True,True,True
국민대학교,소프트웨어융합대학,소프트웨어학부,,,True,True,True
동의대학교,ICT공과대학,영화영상ㆍ멀티미디어공학부,,,True,True,True
동의대학교,ICT공과대학,영화영상공학과,,,True,True,True
동의대학교,예술디자인체육대학,산업디자인학과,,,True,True,True
동의대학교,예술디자인체육대학,미술학과,,,True,True,True
동의대학교,예술디자인체육대학,음악학과,,,True,True,True
동의대학교,예술디자인체육대학,태권도학과,,,True,True,True
동의대학교,예술디자인체육대학,체육학과,,,True,True,True
동의대학교,예술디자인체육대학,레저스포츠학과,,,True,True,True
동의대학교,예술디자인체육대학,특수체육학과,,,True,True,True
동의대학교,예술디자인체육대학,운동처방재활학과,,,True,True,True
동의대학교,IT융합부품소재공과대학,메카트로닉스공학과,,,True,True,True
동의대학교,ICT공과대학,컴퓨터과학과,,,True,True,True
동의대학교,ICT공과대학,컴퓨터ㆍ소프트웨어공학부,,,True,True,True
동의대학교,ICT공과대학,전자ㆍ정보통신공학부,,,True,True,True
동의대학교,IT융합부품소재공과대학,신소재공학과,,,True,True,True
동의대학교,IT융합부품소재공과대학,융합부품공학과,,,True,True,True
동의대학교,IT융합부품소재공과대학,나노공학과,,,True,True,True
동의대학교,IT융합부품소재공과대학,나노공학부,,,True,True,True
동의대학교,IT융합부품소재공과대학,기계공학부,,,True,True,True
동의대학교,IT융합부품소재공과대학,산업경영공학과,,,True,True,True
동의대학교,IT융합부품소재공과대학,기계공학과,,,True,True,True
동의대학교,의료ㆍ보건ㆍ생활대학,물리치료학과,,,True,True,True
동의대학교,의료ㆍ보건ㆍ생활대학,방사선학과,,,True,True,True
동의대학교,의료ㆍ보건ㆍ생활대학,치위생학과,,,True,True,True
동의대학교,의료ㆍ보건ㆍ생활대학,임상병리학과,,,True,True,True
동의대학교,의료ㆍ보건ㆍ생활대학,간호학과,,,True,True,True
동의대학교,예술디자인체육대학,패션디자인학과,,,True,True,True
동의대학교,의료ㆍ보건ㆍ생활대학,식품영양학과,,,True,True,True
동의대학교,의료ㆍ보건ㆍ생활대학,보육・가정상담학과,,,True,True,True
동의대학교,IT융합부품소재공과대학,데이터정보학과,,,True,True,True
동의대학교,자연과학대학,생활과학학과군,,,True,True,True
동의대학교,인문사회과학대학,사회복지학과,,,True,True,True
동의대학교,인문사회과학대학,정치외교학과,,,True,True,True
동의대학교,인문사회과학대학,행정학과,,,True,True,True
동의대학교,인문사회과학대학,사회과학부,,,True,True,True
동의대학교,인문사회과학대학,경찰행정학과,,,True,True,True
동의대학교,인문사회과학대학,소방행정학전공,,,True,True,True
동의대학교,인문사회과학대학,경찰행정학전공,,,True,True,True
동의대학교,인문사회과학대학,경찰행정학부,,,True,True,True
동의대학교,인문사회과학대학,법학과,,,True,True,True
동의대학교,인문사회과학대학,법학전공,,,True,True,True
동의대학교,인문사회과학대학,법경찰학부,,,True,True,True
동의대학교,인문사회과학대학,광고홍보학과,,,True,True,True
동의대학교,인문사회과학대학,신문방송학과,,,True,True,True
동의대학교,인문사회과학대학,유아교육학과,,,True,True,True
동의대학교,인문사회과학대학,유아교육과,,,True,True,True
동의대학교,인문사회과학대학,평생교육·청소년상담학과,,,True,True,True
동의대학교,인문사회과학대학,평생교육학과,,,True,True,True
동의대학교,인문사회과학대학,철학상담・심리학과,,,True,True,True
동의대학교,인문사회과학대학,철학・윤리문화학과,,,True,True,True
동의대학교,인문사회과학대학,문헌정보학과,,,True,True,True
동의대학교,인문사회과학대학,사학과,,,True,True,True
동의대학교,인문사회과학대학,독어독문학과,,,True,True,True
동의대학교,인문사회과학대학,불어불문학과,,,True,True,True
동의대학교,인문사회과학대학,영어영문학과,,,True,True,True
동의대학교,인문사회과학대학,일어일문학과,,,True,True,True
동의대학교,인문사회과학대학,중어중문학과,,,True,True,True
동의대학교,인문사회과학대학,국어국문・문예창작학과,,,True,True,True
동의대학교,인문사회과학대학,문예창작학과,,,True,True,True
동의대학교,인문사회과학대학,국어국문학과,,,True,True,True
나사렛대학교,단과대구분없음,음악학과,,,True,True,True
나사렛대학교,단과대구분없음,글로벌비서경영학과,,,True,True,True
나사렛대학교,단과대구분없음,재활치료학부(언어치료학전공/심리재활학전공),,,True,True,True
연세대학교(미래),보건과학대학,바이오융합공학전공,,,True,True,True
나사렛대학교,단과대구분없음,수어통역문헌정보학과,,,True,True,True
안양대학교,사회과학대학,관광경영학과,,,True,True,True
연세대학교(미래),보건과학대학,의료시스템공학전공,,,True,True,True
세명대학교,IT엔지니어링대학,정보통신학부,,,True,True,True
나사렛대학교,단과대구분없음,언어치료학전공,,,True,True,True
고려대학교(세종),공공정책대학,경제통계학부,,,True,True,True
고려대학교(세종),문화스포츠대학,문화ICT융합전공,,,True,True,True
동신대학교,에너지융합대학,에너지기계설비전공,,,True,True,True
동신대학교,에너지융합대학,전기차제어전공,,,True,True,True
안양대학교,스마트창의융합대학,도시정보공학전공,,,True,True,True
동신대학교,에너지융합대학,에너지IoT전공,,,True,True,True
고려대학교(세종),과학기술대학,전자·기계융합공학과,,,True,True,True
동신대학교,에너지융합대학,신재생에너지전공,,,True,True,True
동신대학교,에너지융합대학,에너지시스템경영공학전공,,,True,True,True
동신대학교,에너지융합대학,융합정보보안전공,,,True,True,True
안양대학교,인문예술대학,국어국문학전공,,,True,True,True
동신대학교,에너지융합대학,전기공학전공,,,True,True,True
안양대학교,스마트창의융합대학,환경에너지공학전공,,,True,True,True
안양대학교,인문예술대학,중국언어문화전공,,,True,True,True
안양대학교,인문예술대학,영미언어문화전공,,,True,True,True
나사렛대학교,단과대구분없음,IT융합학부,,,True,True,True
부산대학교,생명자원과학대학,식품자원경제학과,,,True,True,True
동신대학교,에너지융합대학,신소재에너지전공,,,True,True,True
고려대학교(세종),과학기술대학,사이버보안전공,,,True,True,True
고려대학교(세종),과학기술대학,디스플레이·반도체물리학부,,,True,True,True
고려대학교(세종),공공정책대학,빅데이터전공,,,True,True,True
강릉원주대학교,보건복지대학,사회복지학과,,,True,True,True
안양대학교,스마트창의융합대학,식품영양학과,,,True,True,True
안양대학교,인문예술대학,유아교육과,,,True,True,True
안양대학교,인문예술대학,러시아언어문화전공,,,True,True,True
안양대학교,사회과학대학,관광학과,,,True,True,True
안양대학교,스마트창의융합대학,융합소프트웨어전공,,,True,True,True
안양대학교,스마트창의융합대학,컴퓨터공학전공,,,True,True,True
안양대학교,스마트창의융합대학,소프트웨어전공,,,True,True,True
건양사이버대학교,단과대구분없음,경영학과,,,True,True,True
고려대학교(세종),문화스포츠대학,문화콘텐츠전공,,,True,True,True
고려대학교(세종),글로벌비즈니스대학,글로벌학부,,,True,True,True
고려대학교(세종),공공정책대학,공공사회·통일외교학부,,,True,True,True
한신대학교,글로벌협력대학,IT경영학과,,,True,True,True
건양사이버대학교,단과대구분없음,휴먼학부,,,True,True,True
건양사이버대학교,단과대구분없음,실용학부,,,True,True,True
국민대학교,글로벌인문ㆍ지역대학,중국어문전공,,,True,True,True
고려대학교(세종),과학기술대학,디스플레이융합전공,,,True,True,True
목원대학교,음악대학,피아노과,,,True,True,True
목원대학교,음악대학,성악・뮤지컬학과,,,True,True,True
목원대학교,테크노과학대학,지식재산학과,,,True,True,True
인천대학교,글로벌법정경대학,법학부,,,True,True,True
세명대학교,사회과학대학,항공서비스학과,,,True,True,True
세명대학교,단과대구분없음,기타모집단위,,,True,True,True
세명대학교,IT엔지니어링대학,전자상거래학과,,,True,True,True
세명대학교,IT엔지니어링대학,데이터과학과,,,True,True,True
세명대학교,사회과학대학,공공안전행정학과,,,True,True,True
세명대학교,인문예술대학,e-Book디자인제작학과,,,True,True,True
인제대학교,공과대학,금형신소재공학과,,,True,True,True
경주대학교,보건복지대학,태권도・생활체육학과,,,True,True,True
경주대학교,산업기술대학,원자력방재학과,,,True,True,True
안양대학교,인문예술대학,공연예술전공,,,True,True,True
안양대학교,사회과학대학,글로벌경영학과,,,True,True,True
안양대학교,인문예술대학,음악전공,,,True,True,True
우석대학교,과학기술대학,건설시스템공학과,,,True,True,True
우석대학교,과학기술대학,조경학과,,,True,True,True
우석대학교,과학기술대학,에너지전기공학과,,,True,True,True
우석대학교,과학기술대학,건축학과,,,True,True,True
우석대학교,과학기술대학,정보기술학과,,,True,True,True
우석대학교,문화사회대학,항공서비스학과,,,True,True,True
가톨릭관동대학교,방송문화예술대학,콘텐츠제작학부,,,True,True,True
나사렛대학교,단과대구분없음,방송·영상콘텐츠학과,,,True,True,True
이화여자대학교,사회과학대학,경제학과,,,True,True,True
이화여자대학교,사회과학대학,행정학과,,,True,True,True
이화여자대학교,사회과학대학,정치외교학과,,,True,True,True
이화여자대학교,인문과학대학,영어영문학부,,,True,True,True
이화여자대학교,인문과학대학,기독교학과,,,True,True,True
이화여자대학교,인문과학대학,철학과,,,True,True,True
이화여자대학교,인문과학대학,사학과,,,True,True,True
이화여자대학교,인문과학대학,독어독문학과,,,True,True,True
이화여자대학교,인문과학대학,불어불문학과,,,True,True,True
이화여자대학교,인문과학대학,중어중문학과,,,True,True,True
이화여자대학교,인문과학대학,국어국문학과,,,True,True,True
이화여자대학교,자연과학대학,물리학과,,,True,True,True
이화여자대학교,자연과학대학,통계학과,,,True,True,True
이화여자대학교,자연과학대학,수학과,,,True,True,True
이화여자대학교,사회과학대학,소비자학과,,,True,True,True
이화여자대학교,사회과학대학,심리학과,,,True,True,True
이화여자대학교,사회과학대학,사회복지학과,,,True,True,True
이화여자대학교,사회과학대학,문헌정보학과,,,True,True,True
목포해양대학교,해사대학,해군사관학부,,,True,True,True
이화여자대학교,사회과학대학,사회과학대학,,,True,True,True
이화여자대학교,자연과학대학,자연과학대학,,,True,True,True
이화여자대학교,사회과학대학,사회학과,,,True,True,True
나사렛대학교,단과대구분없음,재활치료학부(특수체육학전공),,,True,True,True
국민대학교,글로벌인문ㆍ지역대학,중국학부,,,True,True,True
이화여자대학교,음악대학,음악대학,,,True,True,True
계명대학교,Keimyung Adams College,Department of International Relations,,,True,True,True
계명대학교,Keimyung Adams College,Department of International Business,,,True,True,True
계명대학교,미술대학,패션디자인과,,,True,True,True
계명대학교,미술대학,패션마케팅학과,,,True,True,True
계명대학교,미술대학,텍스타일디자인과,,,True,True,True
계명대학교,미술대학,회화과,,,True,True,True
계명대학교,공과대학,기계자동차공학전공,,,True,True,True
계명대학교,Tabula Rasa College,자연계열,,,True,True,True
계명대학교,Tabula Rasa College,인문사회계열,,,True,True,True
계명대학교,Artech College,문예창작학과,,,True,True,True
계명대학교,Artech College,뮤직프로덕션과,,,True,True,True
계명대학교,Artech College,영상애니메이션과,,,True,True,True
계명대학교,Artech College,시각디자인과,,,True,True,True
계명대학교,Artech College,사진미디어과,,,True,True,True
용인대학교,문화예술대학,실용음악과,,,True,True,True
안양대학교,스마트창의융합대학,디지털미디어디자인전공,,,True,True,True
안양대학교,스마트창의융합대학,화장품발명디자인전공,,,True,True,True
서원대학교,BIT융합대학,바이오코스메틱학과,,,True,True,True
이화여자대학교,엘텍공과대학,미래사회공학부,,,True,True,True
이화여자대학교,엘텍공과대학,화학신소재공학전공,,,True,True,True
한라대학교,공과대학,정보통신방송공학과,,,True,True,True
한라대학교,경영사회대학,관광경영학과,,,True,True,True
동국대학교,경찰사법대학,경찰행정학부,,,True,True,True
이화여자대학교,엘텍공과대학,건축학전공(5년),,,True,True,True
이화여자대학교,엘텍공과대학,건축도시시스템공학전공,,,True,True,True
이화여자대학교,엘텍공과대학,환경공학전공,,,True,True,True
이화여자대학교,엘텍공과대학,전자전기공학전공,,,True,True,True
이화여자대학교,엘텍공과대학,차세대기술공학부,,,True,True,True
이화여자대학교,엘텍공과대학,컴퓨터공학전공,,,True,True,True
이화여자대학교,엘텍공과대학,휴먼기계바이오공학부,,,True,True,True
연세대학교,학부대학,상경계열,,,True,True,True
연세대학교,학부대학,사회과학계열,,,True,True,True
서울과학기술대학교,에너지바이오대학,환경공학과(환경정책전공),,,True,True,True
서울과학기술대학교,에너지바이오대학,환경공학과(환경공학전공),,,True,True,True
서울과학기술대학교,조형대학,도예학과,,,True,True,True
우석대학교,과학기술대학,국방기술학과,,,True,True,True
우석대학교,문화사회대학,패션스타일링학과,,,True,True,True
한라대학교,경영사회대학,뷰티케어디자인학과,,,True,True,True
원광대학교,창의공과대학,전기전자정보계열,,,True,True,True
한서대학교,단과대구분없음,피부미용향장화학과,,,True,True,True
연세대학교,경영대학,경영학과,,,True,True,True
서원대학교,휴먼서비스대학,패션의류학과,,,True,True,True
이화여자대학교,엘텍공과대학,소프트웨어학부,,,True,True,True
송원대학교,단과대구분없음,국방경찰학과,,,True,True,True
송원대학교,단과대구분없음,철도운전시스템학과,,,True,True,True
한서대학교,Hans 국제항공대학,항공환경전공,,,True,True,True
한서대학교,Hans 국제항공대학,공항홍보전공,,,True,True,True
한서대학교,Hans 국제항공대학,공항행정전공,,,True,True,True
연세대학교,생명시스템대학,생화학과,,,True,True,True
연세대학교,생명시스템대학,생명공학과,,,True,True,True
한라대학교,공과대학,메카트로닉스공학과,,,True,True,True
한서대학교,Hans 국제항공대학,항공조종전공,,,True,True,True
한라대학교,경영사회대학,광고영상미디어학과,,,True,True,True
한서대학교,Hans 국제항공대학,항공신소재전공,,,True,True,True
한서대학교,Hans 국제항공대학,일본전공,,,True,True,True
한서대학교,Hans 국제항공대학,공항건축전공,,,True,True,True
한서대학교,Hans 국제항공대학,항공전기전공,,,True,True,True
한서대학교,Hans 국제항공대학,항공정비전공,,,True,True,True
한서대학교,Hans 국제항공대학,영어전공,,,True,True,True
한서대학교,Hans 국제항공대학,항공컴퓨터전공,,,True,True,True
한서대학교,단과대구분없음,영화영상학과,,,True,True,True
한서대학교,단과대구분없음,융합교양학부,,,True,True,True
한서대학교,Hans 국제항공대학,드론응용전공,,,True,True,True
한서대학교,Hans 국제항공대학,항공보안시스템전공,,,True,True,True
사이버한국외국어대학교,단과대구분없음,베트남・인도네시아학부,,,True,True,True
사이버한국외국어대학교,단과대구분없음,지방 행정・의회 학부,,,True,True,True
대구가톨릭대학교,기업인재융합대학,자율전공학부,,,True,True,True
금오공과대학교,단과대구분없음,[화학소재]소재디자인공학전공,,,True,True,True
금오공과대학교,단과대구분없음,[화학소재]화학공학전공,,,True,True,True
충북대학교,인문대학,러시아언어문화학과,,,True,True,True
충북대학교,인문대학,프랑스언어문화학과,,,True,True,True
충북대학교,인문대학,독일언어문화학과,,,True,True,True
극동대학교,의료보건과학대학,임상병리학과,,,True,True,True
극동대학교,의료보건과학대학,방사선학과,,,True,True,True
극동대학교,의료보건과학대학,작업치료학과,,,True,True,True
극동대학교,의료보건과학대학,간호학과,,,True,True,True
극동대학교,항공대학,항공운항서비스학과,,,True,True,True
극동대학교,과학기술대학,반도체장비공학과,,,True,True,True
충북대학교,자연과학대학,수학・정보통계학부 정보통계학전공,,,True,True,True
충북대학교,자연과학대학,수학・정보통계학부 수학전공,,,True,True,True
충북대학교,자연과학대학,수학ㆍ정보통계학부,,,True,True,True
동국대학교(WISE),단과대구분없음,기타모집단위,,,True,True,True
광주대학교,경영대학,호텔관광경영학부,,,True,True,True
동의대학교,인문사회과학대학,미디어·광고학부,,,True,True,True
인천대학교,자연과학대학,패션산업학과,,,True,True,True
동의대학교,인문사회과학대학,공공인재학부,,,True,True,True
동의대학교,상경대학,경영학부,,,True,True,True
동의대학교,상경대학,정보경영학부,,,True,True,True
동의대학교,상경대학,무역・유통학부,,,True,True,True
동의대학교,상경대학,호텔관광외식경영학부,,,True,True,True
동의대학교,IT융합부품소재공과대학,디자인공학부,,,True,True,True
동의대학교,IT융합부품소재공과대학,기계자동차로봇부품공학부,,,True,True,True
동의대학교,공과대학,건설공학부,,,True,True,True
동의대학교,공과대학,바이오응용공학부,,,True,True,True
동의대학교,공과대학,화학환경공학부,,,True,True,True
동의대학교,ICT공과대학,창의소프트웨어공학부,,,True,True,True
동의대학교,ICT공과대학,전기전자통신공학부,,,True,True,True
동의대학교,ICT공과대학,디지털콘텐츠게임애니메이션공학부,,,True,True,True
동의대학교,예술디자인체육대학,태권도학전공,,,True,True,True
동의대학교,예술디자인체육대학,레저스포츠학전공,,,True,True,True
동의대학교,예술디자인체육대학,레저스포츠태권도학부,,,True,True,True
동의대학교,예술디자인체육대학,디자인조형학과,,,True,True,True
동의대학교,ICT공과대학,게임애니메이션공학전공,,,True,True,True
동의대학교,ICT공과대학,디지털콘텐츠학전공,,,True,True,True
동의대학교,ICT공과대학,정보통신공학전공,,,True,True,True
동의대학교,ICT공과대학,전자공학전공,,,True,True,True
동의대학교,ICT공과대학,전기공학전공,,,True,True,True
동의대학교,ICT공과대학,응용소프트웨어공학전공,,,True,True,True
동의대학교,공과대학,응용화학전공,,,True,True,True
동의대학교,공과대학,환경공학전공,,,True,True,True
동의대학교,공과대학,화학공학전공,,,True,True,True
동의대학교,공과대학,바이오의약공학전공,,,True,True,True
동의대학교,공과대학,의생명공학전공,,,True,True,True
동의대학교,공과대학,도시공학전공,,,True,True,True
동의대학교,공과대학,토목공학전공,,,True,True,True
동의대학교,공과대학,건축공학전공,,,True,True,True
동의대학교,공과대학,건축학전공,,,True,True,True
동의대학교,IT융합부품소재공과대학,자동차공학전공,,,True,True,True
동의대학교,IT융합부품소재공과대학,로봇·자동화공학전공,,,True,True,True
동의대학교,IT융합부품소재공과대학,기계공학전공,,,True,True,True
동의대학교,IT융합부품소재공과대학,인간・시스템디자인공학전공,,,True,True,True
동의대학교,IT융합부품소재공과대학,제품디자인공학전공,,,True,True,True
동의대학교,상경대학,외식산업경영학전공,,,True,True,True
동의대학교,상경대학,국제관광경영학전공,,,True,True,True
동의대학교,상경대학,호텔ㆍ컨벤션경영학전공,,,True,True,True
동의대학교,상경대학,재무부동산학전공,,,True,True,True
동의대학교,상경대학,경제학전공,,,True,True,True
동의대학교,상경대학,유통물류학전공,,,True,True,True
동의대학교,상경대학,무역학전공,,,True,True,True
동의대학교,상경대학,e비즈니스학전공,,,True,True,True
동의대학교,상경대학,경영정보학전공,,,True,True,True
동의대학교,인문사회과학대학,행정정책학전공,,,True,True,True
동의대학교,인문사회과학대학,사회복지학전공,,,True,True,True
동의대학교,인문사회과학대학,소방방재행정학과,,,True,True,True
동의대학교,인문사회과학대학,신문방송학전공,,,True,True,True
동의대학교,인문사회과학대학,광고홍보학전공,,,True,True,True
동의대학교,인문사회과학대학,영어학과,,,True,True,True
동의대학교,인문사회과학대학,일본어학과,,,True,True,True
동의대학교,인문사회과학대학,중국어학과,,,True,True,True
동의대학교,인문사회과학대학,한국어문학과,,,True,True,True
전주대학교,공과대학,기계시스템공학과,,,True,True,True
전주대학교,공과대학,산업공학과,,,True,True,True
전주대학교,공과대학,탄소나노신소재공학과,,,True,True,True
대전대학교,보건의료과학대학,건강운동관리학과,,,True,True,True
대전대학교,보건의료과학대학,생활체육학과,,,True,True,True
대전대학교,경영대학,영미언어문화전공,,,True,True,True
대전대학교,경영대학,러시아언어문화전공,,,True,True,True
동의대학교,IT융합부품소재공과대학,생산정보기술공학전공,,,True,True,True
동의대학교,IT융합부품소재공과대학,산업ICT기술공학전공,,,True,True,True
동의대학교,IT융합부품소재공과대학,전기전자소재공학전공,,,True,True,True
동의대학교,IT융합부품소재공과대학,금속소재공학전공,,,True,True,True
극동대학교,항공대학,항공운항학과,,,True,True,True
원광대학교,사회과학대학,소방행정학과,,,True,True,True
원광대학교,사회과학대학,군사학과,,,True,True,True
원광대학교,사회과학대학,경찰행정학과,,,True,True,True
극동대학교,미디어예술대학,미디어영상제작학과,,,True,True,True
원광대학교,농식품융합대학,원예산업학과,,,True,True,True
원광대학교,농식품융합대학,식품영양학과,,,True,True,True
극동대학교,미디어예술대학,광고컨텐츠디자인학과,,,True,True,True
원광대학교,창의공과대학,컴퓨터・소프트웨어공학과,,,True,True,True
극동대학교,미디어예술대학,연극연기학과,,,True,True,True
극동대학교,미디어예술대학,사회체육학과,,,True,True,True
극동대학교,항공대학,항공정비학과,,,True,True,True
극동대학교,항공대학,중국항공운항서비스학과,,,True,True,True
극동대학교,의료보건과학대학,안경광학과,,,True,True,True
한신대학교,아노덴인재대학,e-경영학전공,,,True,True,True
광주대학교,공과대학,IT자동차학과,,,True,True,True
한신대학교,아노덴인재대학,상담심리학전공,,,True,True,True
연세대학교,공과대학,산업공학과,,,True,True,True
연세대학교,교육과학대학,스포츠응용산업학과,,,True,True,True
광주대학교,보건복지교육대학,아동학과,,,True,True,True
광주대학교,공과대학,전기공학부,,,True,True,True
광주대학교,공과대학,융합소프트웨어학과,,,True,True,True
광주대학교,공과대학,식품생명공학과,,,True,True,True
한국국제대학교,공과대학,무인항공기학과,,,True,True,True
동의대학교,IT융합부품소재공과대학,산업융합시스템공학부,,,True,True,True
목원대학교,공과대학,도시・환경・화학공학과,,,True,True,True
경북대학교,인문대학,고고인류학과,,,True,True,True
가톨릭관동대학교,관광스포츠대학,조리외식경영학전공,,,True,True,True
금오공과대학교,단과대구분없음,화학소재융합공학부,,,True,True,True
원광대학교,조형예술디자인대학,미술과,,,True,True,True
원광대학교,조형예술디자인대학,귀금속보석공예과,,,True,True,True
원광대학교,창의공과대학,토목환경공학과,,,True,True,True
원광대학교,창의공과대학,정보통신공학과,,,True,True,True
원광대학교,창의공과대학,전자융합공학과,,,True,True,True
원광대학교,창의공과대학,전자공학과,,,True,True,True
원광대학교,창의공과대학,전기공학과,,,True,True,True
원광대학교,창의공과대학,건축학과,,,True,True,True
원광대학교,창의공과대학,건축공학과,,,True,True,True
원광대학교,농식품융합대학,산림조경학과,,,True,True,True
원광대학교,인문대학,역사문화학부,,,True,True,True
원광대학교,조형예술디자인대학,디자인학부,,,True,True,True
원광대학교,창의공과대학,화학융합공학과,,,True,True,True
원광대학교,창의공과대학,화학생명공학계열,,,True,True,True
원광대학교,창의공과대학,디지털콘텐츠공학과,,,True,True,True
원광대학교,창의공과대학,도시공학부,,,True,True,True
원광대학교,창의공과대학,건설환경계열,,,True,True,True
원광대학교,창의공과대학,기계설계공학과,,,True,True,True
원광대학교,창의공과대학,기계자동차계열,,,True,True,True
극동대학교,미디어예술대학,디자인학과,,,True,True,True
동국대학교(WISE),상경대학,경영학부,,,True,True,True
동국대학교(WISE),상경대학,호텔관광경영학부,,,True,True,True
동국대학교(WISE),상경대학,글로벌경제통상학부,,,True,True,True
한국폴리텍 IV 대학 대전캠퍼스,단과대구분없음,전기전자제어과,,,True,True,True
동국대학교(WISE),사회대학,행정경찰공공학과,,,True,True,True
동국대학교(WISE),인문대학,중어중문학과,,,True,True,True
동국대학교(WISE),인문대학,스포츠과학과,,,True,True,True
상지대학교,국제대학,FTA국제학부,,,True,True,True
동국대학교(WISE),인문대학,미술학과,,,True,True,True
극동대학교,과학기술대학,항공IT융합학과,,,True,True,True
동국대학교(WISE),인문대학,일어일문학과,,,True,True,True
동국대학교(WISE),인문대학,영어영문학과,,,True,True,True
동국대학교(WISE),인문대학,고고미술사학과,,,True,True,True
동국대학교(WISE),인문대학,국사학과,,,True,True,True
동국대학교(WISE),인문대학,국어국문학과,,,True,True,True
상지대학교,생명과학대학,산림과학과,,,True,True,True
상지대학교,생명과학대학,친환경식물학부,,,True,True,True
상지대학교,생명과학대학,동물자원학과,,,True,True,True
상지대학교,인문사회과학대학,행정학과,,,True,True,True
상지대학교,이공과대학,컴퓨터공학과,,,True,True,True
상지대학교,이공과대학,정보통신공학과,,,True,True,True
상지대학교,경상대학,관광학부 호텔관광경영학전공,,,True,True,True
상지대학교,국제대학,한국어문학과,,,True,True,True
상지대학교,예술체육대학,체육학부 합기도학전공,,,True,True,True
극동대학교,교양대학,교직학과,,,True,True,True
순천향대학교,산학평생대학,화학공학과,,,True,True,True
세종사이버대학교,단과대구분없음,실용음악학과,,,True,True,True
세종사이버대학교,단과대구분없음,소방행정학과,,,True,True,True
세종사이버대학교,단과대구분없음,소방방재학과,,,True,True,True
대전대학교,경영대학,일본언어문화전공,,,True,True,True
대전대학교,경영대학,중국언어문화전공,,,True,True,True
제주대학교,자연과학대학,패션의류학과,,,True,True,True
국민대학교,소프트웨어융합대학,소프트웨어전공,,,True,True,True
건양사이버대학교,단과대구분없음,복지학부,,,True,True,True
홍익대학교,단과대구분없음,세종캠퍼스 자율전공,,,True,True,True
홍익대학교,과학기술대학,건축공학부 건축공학전공,,,True,True,True
홍익대학교,과학기술대학,재료공학부,,,True,True,True
홍익대학교,조형대학,광고커뮤니케이션디자인전공,,,True,True,True
홍익대학교,단과대구분없음,광고홍보학부,,,True,True,True
홍익대학교,과학기술대학,건축공학과,,,True,True,True
홍익대학교,과학기술대학,전자전기공학전공,,,True,True,True
홍익대학교,과학기술대학,전자전기컴퓨터공학부,,,True,True,True
홍익대학교,과학기술대학,조선해양공학과,,,True,True,True
홍익대학교,과학기술대학,자율전공(과기대),,,True,True,True
홍익대학교,상경대학,국제경영학과,,,True,True,True
홍익대학교,상경대학,경영정보학전공,,,True,True,True
홍익대학교,조형대학,광고멀티미디어디자인전공,,,True,True,True
홍익대학교,과학기술대학,컴퓨터소프트웨어ㆍ정보통신전공,,,True,True,True
홍익대학교,과학기술대학,컴퓨터정보통신공학과,,,True,True,True
홍익대학교,단과대구분없음,산업스포츠학과,,,True,True,True
홍익대학교,과학기술대학,화학시스템공학과,,,True,True,True
홍익대학교,과학기술대학,컴퓨터정보통신전공,,,True,True,True
홍익대학교,단과대구분없음,기술상경융합학부,,,True,True,True
홍익대학교,조형대학,디자인·영상학부 프로덕트디자인전공,,,True,True,True
홍익대학교,조형대학,디자인·영상학부 커뮤니케이션디자인전공,,,True,True,True
홍익대학교,조형대학,디자인·영상학부 영상·영화전공,,,True,True,True
홍익대학교,조형대학,디자인·영상학부 애니메이션전공,,,True,True,True
홍익대학교,조형대학,디자인·영상학부 디지털미디어디자인전공,,,True,True,True
홍익대학교,상경대학,상경학부 국제경영(중국·일본)전공,,,True,True,True
홍익대학교,상경대학,상경학부 E-마케팅전공,,,True,True,True
홍익대학교,단과대구분없음,게임학부 게임소프트웨어전공(공학계),,,True,True,True
홍익대학교,단과대구분없음,게임학부 게임그래픽디자인전공(미술계),,,True,True,True
홍익대학교,과학기술대학,재료공학부 세라믹공학전공,,,True,True,True
홍익대학교,과학기술대학,재료공학부 금속공학전공,,,True,True,True
홍익대학교,과학기술대학,건축공학부 건축학전공(5년제),,,True,True,True
홍익대학교,상경대학,상경학부 글로벌경영전공,,,True,True,True
홍익대학교,조형대학,디자인·영상학부 영상·애니메이션전공,,,True,True,True
한국폴리텍 IV 대학 대전캠퍼스,단과대구분없음,스마트소프트웨어과,,,True,True,True
한국폴리텍 IV 대학 대전캠퍼스,단과대구분없음,영상디자인과,,,True,True,True
을지대학교,바이오융합대학,중독재활복지학과,,,True,True,True
을지대학교,바이오융합대학,유아교육학과,,,True,True,True
을지대학교,바이오융합대학,장례지도학과,,,True,True,True
을지대학교,바이오융합대학,스포츠아웃도어학과,,,True,True,True
을지대학교,바이오융합대학,의료홍보디자인학과,,,True,True,True
을지대학교,바이오융합대학,의료경영학과,,,True,True,True
을지대학교,바이오융합대학,미용화장품과학과,,,True,True,True
을지대학교,바이오융합대학,식품산업외식학과,,,True,True,True
을지대학교,바이오융합대학,식품영양학과,,,True,True,True
한신대학교,아노덴인재대학,아노덴인재학부,,,True,True,True
안양대학교,스마트창의융합대학,정보전기전자공학전공,,,True,True,True
경상국립대학교,본부대학,기계융합공학과,,,True,True,True
동국대학교,미래융합대학,케어복지학과,,,True,True,True
한국교통대학교,융합기술대학,기계자동차항공공학부,,,True,True,True
한국교통대학교,공과대학,신소재공학전공,,,True,True,True
한국교통대학교,공과대학,소프트웨어학전공,,,True,True,True
한국교통대학교,인문사회대학,융합경영전공,,,True,True,True
한국교통대학교,공과대학,건축학부,,,True,True,True
한국교통대학교,인문사회대학,경영・통상・복지학부,,,True,True,True
한국교통대학교,철도대학,철도공학부,,,True,True,True
한국교통대학교,보건생명대학,IT응용융합학과,,,True,True,True
한국교통대학교,철도대학,철도차량시스템전공,,,True,True,True
한국교통대학교,철도대학,철도전기전자전공,,,True,True,True
한국교통대학교,철도대학,철도운전시스템전공,,,True,True,True
한국교통대학교,철도대학,철도인프라시스템공학전공,,,True,True,True
한국교통대학교,철도대학,컴퓨터정보공학전공,,,True,True,True
한국교통대학교,철도대학,철도경영・물류학전공,,,True,True,True
한국교통대학교,보건생명대학,식품영양학전공,,,True,True,True
한국교통대학교,철도대학,철도경영·물류·컴퓨터학부,,,True,True,True
한국교통대학교,보건생명대학,식품생명학부,,,True,True,True
한국교통대학교,보건생명대학,유아특수교육학과,,,True,True,True
한국교통대학교,보건생명대학,생명공학전공,,,True,True,True
한국교통대학교,보건생명대학,식품공학전공,,,True,True,True
한서대학교,Hans 국제항공대학,항공기계학과,,,True,True,True
한국교통대학교,인문사회대학,유아교육학과,,,True,True,True
한서대학교,Hans 국제항공대학,항공소프트웨어공학과,,,True,True,True
한서대학교,Hans 국제항공대학,항공전자공학과,,,True,True,True
한국교통대학교,인문사회대학,항공서비스학과,,,True,True,True
한서대학교,Hans 국제항공대학,항공관광학과,,,True,True,True
한서대학교,Hans 국제항공대학,항공레저산업학과,,,True,True,True
한서대학교,Hans 국제항공대학,무인항공기학과,,,True,True,True
한서대학교,Hans 국제항공대학,헬리콥터조종학과,,,True,True,True
한국교통대학교,인문사회대학,스포츠건강관리학전공,,,True,True,True
한국교통대학교,인문사회대학,스포츠산업학전공,,,True,True,True
한국교통대학교,인문사회대학,스포츠학부,,,True,True,True
한국교통대학교,인문사회대학,음악학과,,,True,True,True
한국교통대학교,인문사회대학,사회복지학전공,,,True,True,True
한국교통대학교,인문사회대학,국제통상전공,,,True,True,True
한국교통대학교,공과대학,의료IT공학전공,,,True,True,True
한국교통대학교,공과대학,컴퓨터공학전공,,,True,True,True
한국교통대학교,공과대학,컴퓨터정보기술공학부,,,True,True,True
한국교통대학교,공과대학,커뮤니케이션디자인전공,,,True,True,True
한국교통대학교,공과대학,산업디자인전공,,,True,True,True
한국교통대학교,공과대학,디자인학부,,,True,True,True
한국교통대학교,공과대학,건축학전공,,,True,True,True
한국교통대학교,인문사회대학,경영학전공,,,True,True,True
한국교통대학교,공과대학,건축공학전공,,,True,True,True
한국교통대학교,공과대학,산업경영공학전공,,,True,True,True
한국교통대학교,공과대학,안전공학전공,,,True,True,True
한국교통대학교,공과대학,산업경영·안전공학부,,,True,True,True
한국교통대학교,공과대학,나노고분자공학전공,,,True,True,True
한국교통대학교,공과대학,화공생물공학전공,,,True,True,True
한국교통대학교,공과대학,화공신소재고분자공학부,,,True,True,True
한국교통대학교,공과대학,도시・교통공학전공,,,True,True,True
한국교통대학교,인문사회대학,행정정보학전공,,,True,True,True
한국교통대학교,공과대학,토목공학전공,,,True,True,True
한국교통대학교,공과대학,건설환경도시교통공학부,,,True,True,True
한국교통대학교,융합기술대학,전기공학전공,,,True,True,True
한국교통대학교,인문사회대학,행정학전공,,,True,True,True
한국교통대학교,인문사회대학,행정학부,,,True,True,True
한국교통대학교,인문사회대학,한국어문학전공,,,True,True,True
한국교통대학교,인문사회대학,중국어전공,,,True,True,True
한국교통대학교,인문사회대학,글로벌어문학부,,,True,True,True
한국교통대학교,인문사회대학,비즈니스영어전공,,,True,True,True
한국교통대학교,융합기술대학,기계공학전공,,,True,True,True
한국교통대학교,인문사회대학,영어영문학전공,,,True,True,True
한국교통대학교,융합기술대학,항공・기계설계전공,,,True,True,True
강릉원주대학교,과학기술대학,소프트웨어학과,,,True,True,True
극동대학교,교양대학,교양과,,,True,True,True
대구대학교,사회과학대학,미디어커뮤니케이션학과,,,True,True,True
대구대학교,인문대학,한국어문학과,,,True,True,True
충남대학교,경상대학,아시아비즈니스국제학과,,,True,True,True
원광디지털대학교,단과대구분없음,웰니스문화관광학과,,,True,True,True
상명대학교,예술ㆍ문화산업대학,서양화전공,,,True,True,True
상명대학교,예술ㆍ문화산업대학,성악과,,,True,True,True
상명대학교,미래융합공학대학,컴퓨터과학전공,,,True,True,True
상명대학교,경영대학,경제금융학부,,,True,True,True
상명대학교,예술ㆍ문화산업대학,스포츠・무용학부 무용예술학과,,,True,True,True
상명대학교,예술ㆍ문화산업대학,스포츠・무용학부 스포츠건강관리학과,,,True,True,True
상명대학교,예술ㆍ문화산업대학,외식영양・의류학부 의류학과,,,True,True,True
상명대학교,예술ㆍ문화산업대학,외식영양・의류학부 외식영양학과,,,True,True,True
상명대학교,미래융합공학대학,전기전자컴퓨터학부 전기공학과,,,True,True,True
상명대학교,인문사회과학대학,인문콘텐츠학부 한일문화콘텐츠학과,,,True,True,True
상명대학교,인문사회과학대학,인문콘텐츠학부 문헌정보학과,,,True,True,True
상명대학교,인문사회과학대학,인문콘텐츠학부 역사콘텐츠학과,,,True,True,True
상명대학교,인문사회과학대학,국가안보학과,,,True,True,True
상명대학교,인문사회과학대학,공공인재학부,,,True,True,True
상명대학교,인문사회과학대학,인문콘텐츠학부 지적재산권학과,,,True,True,True
군산대학교,산학융합공과대학,소프트웨어융합공학과,,,True,True,True
을지대학교,바이오융합대학,의료공학과,,,True,True,True
대전대학교,공과대학,국가안전융합학부,,,True,True,True
동국대학교,미래융합대학,치안과학융합학과,,,True,True,True
극동대학교,미디어예술대학,만화・애니메이션학과,,,True,True,True
세종대학교,소프트웨어융합대학,소프트웨어학과,,,True,True,True
세종대학교,소프트웨어융합대학,정보보호학과,,,True,True,True
세종대학교,소프트웨어융합대학,컴퓨터공학과,,,True,True,True
세종대학교,생명과학대학,식품생명공학전공/생명시스템학부,,,True,True,True
세종대학교,단과대구분없음,법학부 법학전공,,,True,True,True
세종대학교,단과대구분없음,법학부,,,True,True,True
호남대학교,경영대학,무역학전공,,,True,True,True
호남대학교,경영대학,경영학전공,,,True,True,True
광주대학교,문화예술대학,패션・주얼리학부,,,True,True,True
군산대학교,산학융합공과대학,기계융합시스템공학부(기계에너지공학전공),,,True,True,True
군산대학교,산학융합공과대학,기계융합시스템공학부(기계공학전공),,,True,True,True
군산대학교,산학융합공과대학,기계융합시스템공학부(미래형자동차공학전공),,,True,True,True
군산대학교,산학융합공과대학,기계융합시스템공학부,,,True,True,True
군산대학교,해양과학대학,해양산업・운송과학기술학부,,,True,True,True
광주대학교,공과대학,기계・금형공학부,,,True,True,True
영산대학교,창조융합소프트웨어대학,빅데이터광고마케팅학과,,,True,True,True
덕성여자대학교,약학대학,약학과(2+4학제),,,True,True,True
강서대학교,단과대구분없음,G2국제어학과,,,True,True,True
강서대학교,단과대구분없음,빅데이터경영학과,,,True,True,True
강서대학교,단과대구분없음,경영학과,,,True,True,True
강서대학교,단과대구분없음,상담심리학과,,,True,True,True
영산대학교,공과대학,사이버보안학과,,,True,True,True
영산대학교,창조융합소프트웨어대학,시각영상디자인학과,,,True,True,True
영산대학교,창조융합소프트웨어대학,실내환경디자인학과,,,True,True,True
영산대학교,공과대학,드론교통공학과,,,True,True,True
영산대학교,공과대학,스마트자동차학과,,,True,True,True
성균관대학교,단과대구분없음,글로벌바이오메디컬공학과,,,True,True,True
인제대학교,BNIT융합대학,바이오테크놀로지학부,,,True,True,True
군산대학교,공과대학,조선해양공학과,,,True,True,True
영산대학교,공과대학,품질경영공학과,,,True,True,True
영산대학교,창조인재대학,해운항만물류학과,,,True,True,True
영산대학교,호텔관광대학,중국어전공,,,True,True,True
영산대학교,호텔관광대학,일어전공,,,True,True,True
영산대학교,호텔관광대학,영어전공,,,True,True,True
영산대학교,창조인재대학,법학과,,,True,True,True
강서대학교,단과대구분없음,음악콘텐츠학과,,,True,True,True
단국대학교,보건과학대학,심리치료학과,,,True,True,True
인제대학교,BNIT융합대학,나노융합공학부,,,True,True,True
강서대학교,단과대구분없음,신학과,,,True,True,True
강서대학교,단과대구분없음,식품영양학과,,,True,True,True
송원대학교,단과대구분없음,철도경영학과,,,True,True,True
강서대학교,단과대구분없음,간호학과,,,True,True,True
강서대학교,단과대구분없음,자율전공학부,,,True,True,True
동덕여자대학교,자연과학대학,화장품학전공,,,True,True,True
동덕여자대학교,자연과학대학,토탈뷰티케어학과,,,True,True,True
군산대학교,산학융합공과대학,공간디자인융합기술학과,,,True,True,True
위덕대학교,단과대구분없음,자율전공,,,True,True,True
위덕대학교,단과대구분없음,한국어전공,,,True,True,True
경남대학교,교양융합대학,MSC교육부,,,True,True,True
경남대학교,교양융합대학,의사소통교육부,,,True,True,True
경남대학교,교양융합대학,교양영어교육부,,,True,True,True
경희사이버대학교,단과대구분없음,실용음악학과,,,True,True,True
경희사이버대학교,단과대구분없음,시각미디어디자인전공,,,True,True,True
공주교육대학교,사범대학,컴퓨터교육과(심화과정),,,True,True,True
공주교육대학교,사범대학,음악교육과(심화과정),,,True,True,True
공주교육대학교,사범대학,윤리교육과(심화과정),,,True,True,True
공주교육대학교,사범대학,체육교육과(심화과정),,,True,True,True
공주교육대학교,사범대학,영어교육과(심화과정),,,True,True,True
공주교육대학교,사범대학,실과교육과(심화과정),,,True,True,True
공주교육대학교,사범대학,수학교육과(심화과정),,,True,True,True
공주교육대학교,사범대학,사회과교육과(심화과정),,,True,True,True
공주교육대학교,사범대학,미술교육과(심화과정),,,True,True,True
공주교육대학교,사범대학,국어교육과(심화과정),,,True,True,True
공주교육대학교,사범대학,교육학과(심화과정),,,True,True,True
공주교육대학교,사범대학,과학교육과(심화과정),,,True,True,True
단국대학교,국제대학,국제자유전공학부,,,True,True,True
단국대학교,국제대학,모바일시스템공학과,,,True,True,True
한서대학교,Hans 국제항공대학,공항토목전공,,,True,True,True
한서대학교,Hans 국제항공대학,중국전공,,,True,True,True
한서대학교,Hans 국제항공대학,항공화공전공,,,True,True,True
한서대학교,Hans 국제항공대학,항공식품전공,,,True,True,True
세종사이버대학교,단과대구분없음,공학・예술계열,,,True,True,True
경희사이버대학교,단과대구분없음,호텔・레스토랑경영학과,,,True,True,True
경희사이버대학교,단과대구분없음,미국문화영어학과,,,True,True,True
인천대학교,글로벌법정경대학,글로벌물류학과,,,True,True,True
인천대학교,경영대학,바이오경영학과,,,True,True,True
동명대학교,보건복지교육대학,복지건강학부,,,True,True,True
경남대학교,공과대학,조선해양시스템공학과,,,True,True,True
경남대학교,법정대학,미디어커뮤니케이션학과,,,True,True,True
경남대학교,법정대학,국제관계학과,,,True,True,True
경남대학교,건강과학대학,의류산업학과,,,True,True,True
동명대학교,공과대학,디지털미디어공학부,,,True,True,True
이화여자대학교,엘텍공과대학,식품공학전공,,,True,True,True
동명대학교,공과대학,디지털콘텐츠전공,,,True,True,True
동명대학교,공과대학,융합미디어전공,,,True,True,True
동명대학교,공과대학,조선해양시스템전공,,,True,True,True
동명대학교,공과대학,조선해양플랜트설계전공,,,True,True,True
동명대학교,공과대학,의용공학전공,,,True,True,True
동명대학교,공과대학,전자공학전공,,,True,True,True
동명대학교,공과대학,기계설계전공,,,True,True,True
동명대학교,공과대학,기계공학전공,,,True,True,True
동명대학교,공과대학,자율융합공학부,,,True,True,True
숭실대학교,IT대학,스마트시스템소프트웨어학과,,,True,True,True
신라대학교,공과대학,금속공학전공,,,True,True,True
신라대학교,MICT융합공과대학,기계설계공학전공,,,True,True,True
신라대학교,MICT융합공과대학,지능형기계공학전공,,,True,True,True
신라대학교,MICT융합공과대학,스마트그리드전공,,,True,True,True
신라대학교,MICT융합공과대학,전자공학전공,,,True,True,True
신라대학교,MICT융합공과대학,전기공학전공,,,True,True,True
신라대학교,MICT융합공과대학,스마트전기전자공학부,,,True,True,True
신라대학교,MICT융합공과대학,정보보안전공,,,True,True,True
신라대학교,MICT융합공과대학,자동차디자인전공,,,True,True,True
신라대학교,MICT융합공과대학,자동차IT융합전공,,,True,True,True
한서대학교,Hans 국제항공대학,국제협력전공,,,True,True,True
동국대학교(WISE),과학기술대학,의생명공학과,,,True,True,True
동국대학교(WISE),과학기술대학,응용통계학과,,,True,True,True
동국대학교(WISE),과학기술대학,원자력공학과,,,True,True,True
동국대학교(WISE),과학기술대학,바이오제약공학과,,,True,True,True
동국대학교(WISE),과학기술대학,기계시스템공학과,,,True,True,True
동국대학교(WISE),과학기술대학,원자력ㆍ에너지시스템공학과,,,True,True,True
동국대학교(WISE),과학기술대학,전자·정보통신공학과,,,True,True,True
동국대학교(WISE),과학기술대학,컴퓨터공학과,,,True,True,True
신라대학교,단과대구분없음,창조공연예술학부 음악전공,,,True,True,True
신라대학교,단과대구분없음,창조공연예술학부 무용전공,,,True,True,True
한국폴리텍 VII 대학 창원캠퍼스,단과대구분없음,스마트팩토리과,,,True,True,True
한국폴리텍 VII 대학 창원캠퍼스,단과대구분없음,기계시스템과,,,True,True,True
상명대학교,예술ㆍ문화산업대학,관현악과,,,True,True,True
동명대학교,학부교양대학,학부교양대학,,,True,True,True
상명대학교,예술ㆍ문화산업대학,가구조형전공,,,True,True,True
신라대학교,공과대학,건축학전공(5년제),,,True,True,True
신라대학교,MICT융합공과대학,자동차공학전공,,,True,True,True
신라대학교,MICT융합공과대학,융합기계공학부,,,True,True,True
신라대학교,MICT융합공과대학,지능형자동차공학부,,,True,True,True
신라대학교,디자인대학,패션디자인전공,,,True,True,True
신라대학교,디자인대학,산업디자인전공,,,True,True,True
신라대학교,디자인대학,창업예술학부,,,True,True,True
신라대학교,디자인대학,조형미술전공,,,True,True,True
신라대학교,디자인대학,주얼리디자인전공,,,True,True,True
신라대학교,글로벌비즈니스대학,금융부동산전공,,,True,True,True
상명대학교,미래융합공학대학,생명화학공학부 화공신소재학과,,,True,True,True
신라대학교,인문사회과학대학,공공인재학부,,,True,True,True
신라대학교,인문사회과학대학,역사문화학과,,,True,True,True
신라대학교,글로벌비즈니스대학,영어영미지역학전공,,,True,True,True
이화여자대학교,엘텍공과대학,사이버보안전공,,,True,True,True
경일대학교,ICT융합대학,문헌정보학과,,,True,True,True
경일대학교,ICT융합대학,부동산지적학과,,,True,True,True
경일대학교,ICT융합대학,사이버보안학과,,,True,True,True
경일대학교,ICT융합대학,컴퓨터공학과,,,True,True,True
경일대학교,공과대학,식품산업융합학부,,,True,True,True
경일대학교,자동차융합대학,신재생에너지학과,,,True,True,True
경일대학교,자동차융합대학,화학공학과,,,True,True,True
경일대학교,자동차융합대학,전기공학부,,,True,True,True
경일대학교,공과대학,철도학과,,,True,True,True
경일대학교,자동차융합대학,전자공학과,,,True,True,True
경일대학교,자동차융합대학,기계자동차학부,,,True,True,True
경일대학교,자동차융합대학,로봇공학과,,,True,True,True
단국대학교,단과대구분없음,국제대학,,,True,True,True
단국대학교,공공인재대학,경영학과,,,True,True,True
단국대학교,국제대학,국제경영학과,,,True,True,True
금강대학교,단과대구분없음,"글로벌지역통상학(미국,중국,일본)전공",,,True,True,True
삼육대학교,문화예술대학,아트앤디자인학과,,,True,True,True
영산대학교,창조융합소프트웨어대학,가상현실콘텐츠학과,,,True,True,True
영산대학교,창조인재대학,아세안지역전공,,,True,True,True
영산대학교,창조인재대학,한국비즈니스전공,,,True,True,True
영산대학교,창조인재대학,인도지역전공,,,True,True,True
영산대학교,평생교육대학,웰빙조리창업전공,,,True,True,True
영산대학교,평생교육대학,실버건강복지전공,,,True,True,True
영산대학교,평생교육대학,연계전공학부,,,True,True,True
광운대학교,소프트웨어융합대학,정보융합학부,,,True,True,True
영산대학교,평생교육대학,사회복지학과,,,True,True,True
광운대학교,소프트웨어융합대학,소프트웨어학부,,,True,True,True
대구예술대학교,단과대구분없음,사진영상미디어전공,,,True,True,True
삼육대학교,과학기술대학,화학생명과학과,,,True,True,True
원광대학교,창의공과대학,기계공학과,,,True,True,True
원광대학교,창의공과대학,스마트자동차공학과,,,True,True,True
원광대학교,조형예술디자인대학,패션디자인산업학과,,,True,True,True
원광대학교,사회과학대학,가정아동복지학과,,,True,True,True
영산대학교,창조융합소프트웨어대학,게임영상콘텐츠학과,,,True,True,True
신라대학교,MICT융합공과대학,컴퓨터소프트웨어공학부,,,True,True,True
인제대학교,BNIT융합대학,제약공학과,,,True,True,True
원광대학교,자연과학대학,뷰티디자인학부,,,True,True,True
원광대학교,창의공과대학,탄소융합공학과,,,True,True,True
원광대학교,창의공과대학,컴퓨터・소프트웨어계열,,,True,True,True
동명대학교,보건복지교육대학,스포츠건강관리학전공,,,True,True,True
용인대학교,체육과학대학,뷰티헬스케어학과,,,True,True,True
인하대학교,사회과학대학,사회복지학과,,,True,True,True
인하대학교,단과대구분없음,연극영화학과,,,True,True,True
인하대학교,단과대구분없음,스포츠과학과,,,True,True,True
인하대학교,단과대구분없음,조형예술학과,,,True,True,True
인하대학교,단과대구분없음,의류디자인학과,,,True,True,True
인하대학교,자연과학대학,식품영양학과,,,True,True,True
인하대학교,사회과학대학,아동심리학과,,,True,True,True
인하대학교,사회과학대학,소비자학과,,,True,True,True
인하대학교,문과대학,중국학과,,,True,True,True
인하대학교,경영대학,국제통상학과,,,True,True,True
인하대학교,사회과학대학,경제학과,,,True,True,True
인하대학교,공과대학,컴퓨터공학과,,,True,True,True
인하대학교,공과대학,정보통신공학과,,,True,True,True
인하대학교,공과대학,전자공학과,,,True,True,True
인하대학교,공과대학,전기공학과,,,True,True,True
신라대학교,공과대학,화학공학전공,,,True,True,True
경일대학교,아트&휴먼사이언스대학,스포츠학과,,,True,True,True
경일대학교,아트&휴먼사이언스대학,뷰티학과,,,True,True,True
경일대학교,아트&휴먼사이언스대학,디자인학부,,,True,True,True
경일대학교,보건안전대학,사회복지학과,,,True,True,True
경일대학교,보건안전대학,심리치료학과(인문계열),,,True,True,True
경일대학교,보건안전대학,응급구조학과,,,True,True,True
경일대학교,보건안전대학,간호학과,,,True,True,True
경일대학교,보건안전대학,경찰행정학부,,,True,True,True
경일대학교,ICT융합대학,글로벌통상학과,,,True,True,True
경일대학교,ICT융합대학,테크노경영학과,,,True,True,True
경동대학교,평생교육대학,작업치료학과,,,True,True,True
신한대학교,평생학습중심대학,복지행정학과,,,True,True,True
신라대학교,공과대학,신소재공학부,,,True,True,True
신라대학교,글로벌비즈니스대학,국제지역학부,,,True,True,True
신라대학교,공과대학,에너지소재공학전공,,,True,True,True
한림대학교,자연과학대학,체육학과,,,True,True,True
한밭대학교,미래산업융합대학,스마트제조응용공학과,,,True,True,True
한림대학교,자연과학대학,응용광물리학과,,,True,True,True
한밭대학교,미래산업융합대학,농어촌수자원관리학과,,,True,True,True
한밭대학교,미래산업융합대학,스포츠건강과학과,,,True,True,True
광운대학교,소프트웨어융합대학,컴퓨터정보공학부,,,True,True,True
세종대학교,소프트웨어융합대학,데이터사이언스학과,,,True,True,True
을지대학교,단과대구분없음,교양학부,,,True,True,True
성공회대학교,단과대구분없음,디지털컨텐츠학과,,,True,True,True
대구사이버대학교,단과대구분없음,재활상담학과,,,True,True,True
세종대학교,호텔관광대학,글로벌조리학과,,,True,True,True
대구가톨릭대학교,바이오메디대학,식품생명제약공학부,,,True,True,True
신라대학교,공과대학,에너지화학공학부,,,True,True,True
신라대학교,디자인대학,융합디자인학부,,,True,True,True
경동대학교,단과대구분없음,국제경영학과,,,True,True,True
상명대학교,인문사회과학대학,공간환경학부,,,True,True,True
영남대학교,정치행정대학,군사학과,,,True,True,True
영남대학교,기초교육대학,정책과학전공,,,True,True,True
영남대학교,기계IT대학,정보통신공학과,,,True,True,True
건국대학교(글로컬),과학기술대학,나노전자기계공학전공,,,True,True,True
영남대학교,기계IT대학,컴퓨터공학과,,,True,True,True
영남대학교,기계IT대학,전자공학과,,,True,True,True
영남대학교,기계IT대학,전기공학과,,,True,True,True
영남대학교,공과대학,에너지화공전공,,,True,True,True
영남대학교,공과대학,융합화학공학전공,,,True,True,True
영남대학교,기계IT대학,로봇기계공학과,,,True,True,True
영남대학교,자연과학대학,화학전공,,,True,True,True
영남대학교,자연과학대학,생화학전공,,,True,True,True
영남대학교,자연과학대학,화학생화학부,,,True,True,True
영남대학교,자연과학대학,생명과학과,,,True,True,True
영남대학교,자연과학대학,통계학과,,,True,True,True
영남대학교,상경대학,무역학부,,,True,True,True
영남대학교,상경대학,무역학전공,,,True,True,True
영남대학교,자연과학대학,수학과,,,True,True,True
영남대학교,공과대학,파이버시스템공학과,,,True,True,True
영남대학교,자연과학대학,화학과,,,True,True,True
영남대학교,기계IT대학,첨단기계전공,,,True,True,True
영남대학교,기계IT대학,기계시스템전공,,,True,True,True
영남대학교,기계IT대학,기계설계전공,,,True,True,True
영남대학교,기계IT대학,기계공학부,,,True,True,True
영남대학교,기계IT대학,자동차기계공학과,,,True,True,True
영남대학교,자연과학대학,물리학과,,,True,True,True
한국외국어대학교,아시아언어문화대학,터키・아제르바이잔어과,,,True,True,True
한국외국어대학교,아시아언어문화대학,태국어과,,,True,True,True
한국외국어대학교,아시아언어문화대학,인도어과,,,True,True,True
한국외국어대학교,아시아언어문화대학,이란어과,,,True,True,True
한국외국어대학교,아시아언어문화대학,아랍어과,,,True,True,True
한국외국어대학교,아시아언어문화대학,베트남어과,,,True,True,True
한국외국어대학교,아시아언어문화대학,몽골어과,,,True,True,True
한국외국어대학교,아시아언어문화대학,말레이인도네시아어과,,,True,True,True
건국대학교(글로컬),미디어커뮤니케이션대학,신문방송학전공,,,True,True,True
남서울대학교,단과대구분없음,임상간호학과,,,True,True,True
경기대학교,경상대학,응용통계학과,,,True,True,True
한밭대학교,미래산업융합대학,통합물관리학과,,,True,True,True
한밭대학교,미래산업융합대학,생산경영공학과,,,True,True,True
한밭대학교,미래산업융합대학,융합기술학과(편입),,,True,True,True
경기대학교,자연과학대학,융합보안학과,,,True,True,True
한밭대학교,미래산업융합대학,융합기술학과,,,True,True,True
한밭대학교,미래산업융합대학,에너지ICT공학과,,,True,True,True
인제대학교,사회과학대학,공공인재학부,,,True,True,True
인제대학교,문리과대학,인문문화융합학부,,,True,True,True
인제대학교,문리과대학,국제어문학부,,,True,True,True
영산대학교,공과대학,지능로봇공학과,,,True,True,True
영산대학교,평생교육대학,아동학전공,,,True,True,True
영산대학교,창조인재대학,글로벌학부,,,True,True,True
건국대학교,소프트웨어융합학부,컴퓨터공학과,,,True,True,True
건국대학교,KU융합과학기술원,융합생명공학과,,,True,True,True
건국대학교,KU융합과학기술원,시스템생명공학과,,,True,True,True
건국대학교,KU융합과학기술원,스마트운행체공학과,,,True,True,True
건국대학교,KU융합과학기술원,스마트ICT융합공학과,,,True,True,True
건국대학교,KU융합과학기술원,미래에너지공학과,,,True,True,True
건국대학교,KU융합과학기술원,의생명공학과,,,True,True,True
건국대학교,상허생명과학대학,생명과학특성학과,,,True,True,True
건국대학교,상허생명과학대학,동물자원과학과,,,True,True,True
건국대학교,상허생명과학대학,산림조경학과,,,True,True,True
건국대학교,상허생명과학대학,식량자원과학과,,,True,True,True
건국대학교,상허생명과학대학,식품유통공학과,,,True,True,True
호원대학교,평생학습대학,아동복지학과,,,True,True,True
건국대학교,경영대학,부동산학과,,,True,True,True
건국대학교,공과대학,사회환경플랜트공학과,,,True,True,True
건국대학교,공과대학,전자공학과,,,True,True,True
건국대학교,KU융합과학기술원,줄기세포재생공학과,,,True,True,True
건국대학교,상허생명과학대학,축산식품생명공학과,,,True,True,True
호원대학교,인문사회대학,한국어학부,,,True,True,True
호원대학교,보건의료대학,작업치료학과,,,True,True,True
호원대학교,보건의료대학,응급구조학과,,,True,True,True
호원대학교,평생학습대학,스포츠경호학부,,,True,True,True
호원대학교,인문사회대학,유아교육과,,,True,True,True
호원대학교,인문사회대학,사회복지학과,,,True,True,True
호원대학교,보건의료대학,물리치료학과,,,True,True,True
호원대학교,문화산업대학,실용음악학부,,,True,True,True
호원대학교,평생학습대학,경영학부,,,True,True,True
호원대학교,인문사회대학,법경찰행정학부,,,True,True,True
호원대학교,문화산업대학,스포츠경호학부,,,True,True,True
호원대학교,문화산업대학,외식조리학부,,,True,True,True
호원대학교,공과대학,미디어컨텐츠디자인학과,,,True,True,True
성결대학교,예술대학,공연음악예술학부,,,True,True,True
성결대학교,사회과학대학,관광개발학부,,,True,True,True
호원대학교,공과대학,소방안전학과,,,True,True,True
성결대학교,공과대학,도시디자인정보공학과,,,True,True,True
호원대학교,공과대학,사이버보안학과,,,True,True,True
호원대학교,공과대학,국방과학기술학부,,,True,True,True
공주대학교,인문사회과학대학,융합경영학과,,,True,True,True
한밭대학교,미래산업융합대학,창업지식재산학과,,,True,True,True
송원대학교,단과대구분없음,재활보건관리학과(자연),,,True,True,True
이화여자대학교,엘텍공과대학,기후·에너지시스템공학전공,,,True,True,True
건국대학교(글로컬),미디어커뮤니케이션대학,다이나믹미디어전공,,,True,True,True
경동대학교,단과대구분없음,국제호텔경영학과,,,True,True,True
서울시립대학교,자유융합대학,조경학-경영학 전공,,,True,True,True
서울시립대학교,자유융합대학,도시공학-도시부동산기획경영학 전공,,,True,True,True
서울시립대학교,자유융합대학,생명과학-통계학 전공,,,True,True,True
서울시립대학교,자유융합대학,도시공학-국제도시개발학 전공,,,True,True,True
서울시립대학교,자유융합대학,도시사회학-국제도시개발학 전공,,,True,True,True
서울시립대학교,자유융합대학,물리학-전자물리학 전공,,,True,True,True
서울시립대학교,자유융합대학,국사학-도시역사경관학 전공,,,True,True,True
서울시립대학교,자유융합대학,철학-동아시아문화학 전공,,,True,True,True
서울시립대학교,자유융합대학,국제관계학-빅데이터분석학 전공,,,True,True,True
서울시립대학교,자유융합대학,자유전공학부,,,True,True,True
세종대학교,소프트웨어융합대학,창의소프트학부(만화애니메이션텍전공),,,True,True,True
세종대학교,소프트웨어융합대학,창의소프트학부(디자인이노베이션전공),,,True,True,True
경동대학교,간호보건대학,사회복지학과,,,True,True,True
경일대학교,아트&휴먼사이언스대학,사진영상학부,,,True,True,True
건국대학교(글로컬),의료생명대학,의생명화학전공,,,True,True,True
건국대학교(글로컬),디자인대학,회화전공,,,True,True,True
건국대학교(글로컬),과학기술대학,컴퓨터공학전공,,,True,True,True
건국대학교(글로컬),디자인대학,실내디자인전공,,,True,True,True
고려대학교(세종),문화스포츠대학,문화창의학부,,,True,True,True
건국대학교(글로컬),의료생명대학,식품생명과학전공,,,True,True,True
건국대학교(글로컬),미디어커뮤니케이션대학,동화미디어콘텐츠전공,,,True,True,True
서울디지털대학교,단과대구분없음,소프트웨어공학과,,,True,True,True
숭실대학교,단과대구분없음,융합특성화자유전공학부,,,True,True,True
강남대학교,경영관리대학,융합자유전공학부,,,True,True,True
강남대학교,경영관리대학,글로벌경영학부,,,True,True,True
강남대학교,경영관리대학,공공인재학과,,,True,True,True
강남대학교,복지융합대학,실버산업학과,,,True,True,True
강남대학교,복지융합대학,사회복지학부,,,True,True,True
강남대학교,글로벌인재대학,글로벌학부,,,True,True,True
강남대학교,글로벌인재대학,기독교학과,,,True,True,True
강남대학교,글로벌인재대학,한영문화콘텐츠학과,,,True,True,True
동의대학교,IT융합부품소재공과대학,신소재공학부,,,True,True,True
건국대학교(글로컬),미디어커뮤니케이션대학,한국어문콘텐츠전공,,,True,True,True
건국대학교(글로컬),의료생명대학,생명공학전공,,,True,True,True
공주대학교,공과대학,생산기술공학과,,,True,True,True
을지대학교,바이오융합대학,스포츠경영학과,,,True,True,True
제주국제대학교,단과대구분없음,호텔관광학과,,,True,True,True
제주국제대학교,단과대구분없음,심리상담학과,,,True,True,True
총신대학교,단과대구분없음,청소년상담학전공(연),,,True,True,True
부산대학교,공과대학,화공생명.환경공학부 환경공학전공,,,True,True,True
가톨릭관동대학교,방송문화예술대학,방송제작학전공,,,True,True,True
인하대학교,단과대구분없음,프런티어학부대학,,,True,True,True
남서울대학교,단과대구분없음,뷰티향장학과,,,True,True,True
한양대학교,공과대학,컴퓨터소프트웨어학부,,,True,True,True
우송대학교,단과대구분없음,글로벌외식창업학과,,,True,True,True
제주대학교,사범대학,체육교육과,,,True,True,True
수원대학교,경상대학,글로벌비즈니스,,,True,True,True
수원대학교,경상대학,경영,,,True,True,True
수원대학교,경상대학,국제개발협력,,,True,True,True
수원대학교,경상대학,경제금융,,,True,True,True
수원대학교,미술대학,공예디자인,,,True,True,True
수원대학교,미술대학,패션디자인,,,True,True,True
수원대학교,미술대학,커뮤니케이션디자인,,,True,True,True
수원대학교,미술대학,회화,,,True,True,True
수원대학교,융합문화예술대학,무용,,,True,True,True
수원대학교,건강과학대학,운동건강관리,,,True,True,True
수원대학교,건강과학대학,체육학,,,True,True,True
수원대학교,건강과학대학,레저스포츠,,,True,True,True
수원대학교,건강과학대학,스포츠과학부,,,True,True,True
수원대학교,건강과학대학,식품영양학과,,,True,True,True
수원대학교,건강과학대학,의류학과,,,True,True,True
수원대학교,건강과학대학,아동가족복지학과,,,True,True,True
수원대학교,IT대학,정보보호,,,True,True,True
수원대학교,IT대학,정보통신,,,True,True,True
수원대학교,IT대학,정보통신학부,,,True,True,True
수원대학교,IT대학,미디어SW,,,True,True,True
수원대학교,IT대학,컴퓨터SW,,,True,True,True
수원대학교,공과대학,화학공학·신소재공학부,,,True,True,True
수원대학교,공과대학,건축도시부동산학부,,,True,True,True
수원대학교,공과대학,환경에너지공학,,,True,True,True
수원대학교,공과대학,건설환경공학,,,True,True,True
수원대학교,공과대학,건설환경에너지공학부,,,True,True,True
수원대학교,건강과학대학,간호학과,,,True,True,True
수원대학교,경상대학,응용통계학과,,,True,True,True
수원대학교,공과대학,융합화학산업,,,True,True,True
수원대학교,공과대학,바이오공학및마케팅,,,True,True,True
수원대학교,공과대학,바이오싸이언스,,,True,True,True
수원대학교,IT대학,수학과,,,True,True,True
수원대학교,인문사회대학,미디어커뮤니케이션학과,,,True,True,True
수원대학교,인문사회대학,행정학,,,True,True,True
수원대학교,인문사회대학,법학,,,True,True,True
수원대학교,인문사회대학,법·행정학부,,,True,True,True
수원대학교,융합문화예술대학,연극,,,True,True,True
수원대학교,융합문화예술대학,영화영상,,,True,True,True
수원대학교,융합문화예술대학,문화예술학부,,,True,True,True
안양대학교,스마트창의융합대학,통계데이터과학전공,,,True,True,True
동양대학교,단과대구분없음,기계시스템공학과,,,True,True,True
동양대학교,단과대구분없음,컴퓨터학과,,,True,True,True
한국교통대학교,인문사회대학,항공운항학과,,,True,True,True
동서대학교,단과대구분없음,메카트로닉스 융합공학부,,,True,True,True
동서대학교,민석교양대학,민석교양대학,,,True,True,True
동서대학교,디자인대학,디자인학전공,,,True,True,True
동양대학교,단과대구분없음,문화관광경영학부,,,True,True,True
숙명여자대학교,공과대학,IT공학전공,,,True,True,True
숙명여자대학교,공과대학,기초공학부,,,True,True,True
숙명여자대학교,공과대학,소프트웨어학부,,,True,True,True
숙명여자대학교,공과대학,전자공학전공,,,True,True,True
전북대학교,인문대학,프랑스·아프리카학과,,,True,True,True
전북대학교,인문대학,일본학과,,,True,True,True
전북대학교,인문대학,독일학과,,,True,True,True
가야대학교(김해),단과대구분없음,외식조리영양학과,,,True,True,True
대구대학교,정보통신대학,컴퓨터정보공학부(컴퓨터공학전공),,,True,True,True
대구대학교,평생교육대학,정보기술응용학과,,,True,True,True
대구대학교,평생교육대학,실버복지·상담학과,,,True,True,True
대구대학교,평생교육대학,도시농업학과,,,True,True,True
대구대학교,평생교육대학,사회적기업·창업학과,,,True,True,True
한세대학교,단과대구분없음,기독교교육•상담학과,,,True,True,True
한세대학교,단과대구분없음,간호복지학부,,,True,True,True
한세대학교,단과대구분없음,사회과학부,,,True,True,True
한세대학교,단과대구분없음,사회복지행정학과,,,True,True,True
한세대학교,단과대구분없음,IT융합지능로봇공학과,,,True,True,True
한세대학교,단과대구분없음,섬유패션디자인학과,,,True,True,True
한세대학교,단과대구분없음,실내건축디자인학과,,,True,True,True
한세대학교,단과대구분없음,시각정보디자인학과,,,True,True,True
한세대학교,단과대구분없음,사회복지학과,,,True,True,True
한세대학교,단과대구분없음,ICT디바이스학과,,,True,True,True
한세대학교,단과대구분없음,전자소프트웨어학과,,,True,True,True
한세대학교,단과대구분없음,중국어학과,,,True,True,True
한세대학교,단과대구분없음,국제관광학과,,,True,True,True
한세대학교,단과대구분없음,영어통상통역학과,,,True,True,True
한세대학교,단과대구분없음,경찰행정학과,,,True,True,True
한세대학교,단과대구분없음,신학과,,,True,True,True
경운대학교,사회안전대학,멀티미디어학과,,,True,True,True
경운대학교,사회안전대학,군사학과,,,True,True,True
경운대학교,간호보건대학,아동복지학전공,,,True,True,True
경운대학교,항공서비스대학,관광호텔외식경영전공,,,True,True,True
대구대학교,평생교육대학,지역평생교육학과,,,True,True,True
대구대학교,정보통신대학,컴퓨터정보공학부(컴퓨터소프트웨어전공),,,True,True,True
대구대학교,정보통신대학,컴퓨터정보공학부,,,True,True,True
대구대학교,공과대학,기계공학부(기계설계공학전공),,,True,True,True
대구대학교,공과대학,건설시스템공학과,,,True,True,True
경운대학교,벽강교양대학,기초교육학부,,,True,True,True
경운대학교,사회안전대학,경찰행정학과,,,True,True,True
경운대학교,간호보건대학,상담복지학과,,,True,True,True
전북대학교,농업생명과학대학,농경제유통학부(농업경제학),,,True,True,True
전북대학교,농업생명과학대학,농경제유통학부(식품유통학),,,True,True,True
경운대학교,항공공과대학,항공정보통신공학과,,,True,True,True
경운대학교,항공공과대학,항공전자공학과,,,True,True,True
경운대학교,항공서비스대학,항공승무원서비스전공,,,True,True,True
경운대학교,항공서비스대학,항공관광학부,,,True,True,True
경운대학교,간호보건대학,사회복지학전공,,,True,True,True
경운대학교,간호보건대학,사회복지학부,,,True,True,True
경운대학교,사회안전대학,경찰행정학전공,,,True,True,True
경운대학교,사회안전대학,경찰행정학부,,,True,True,True
경운대학교,사회안전대학,경찰법학전공,,,True,True,True
경운대학교,간호보건대학,치위생학과,,,True,True,True
경운대학교,간호보건대학,작업치료학과,,,True,True,True
경운대학교,간호보건대학,임상병리학과,,,True,True,True
경운대학교,간호보건대학,의료경영학과,,,True,True,True
경운대학교,간호보건대학,안경광학과,,,True,True,True
경운대학교,간호보건대학,물리치료학과,,,True,True,True
경운대학교,사회안전대학,사회체육학전공,,,True,True,True
경운대학교,사회안전대학,사회체육학과,,,True,True,True
경운대학교,사회안전대학,무도지도학전공,,,True,True,True
경운대학교,사회안전대학,경호학부,,,True,True,True
경운대학교,사회안전대학,경호보안학전공,,,True,True,True
경운대학교,간호보건대학,간호학과,,,True,True,True
경운대학교,항공공과대학,신소재에너지학과,,,True,True,True
경운대학교,사회안전대학,사진영상학과,,,True,True,True
경운대학교,항공공과대학,모바일공학과,,,True,True,True
경운대학교,사회안전대학,멀티미디어전공,,,True,True,True
경운대학교,사회안전대학,디지털영상전공,,,True,True,True
경운대학교,항공서비스대학,건축학과,,,True,True,True
경운대학교,항공서비스대학,안전방재공학과,,,True,True,True
경운대학교,항공서비스대학,항공관광학과,,,True,True,True
경운대학교,항공공과대학,항공소프트웨어공학과,,,True,True,True
경운대학교,항공공과대학,항공신소재공학과,,,True,True,True
경운대학교,항공공과대학,항공기계공학과,,,True,True,True
서경대학교,미용예술대학,뷰티테라피 & 메이크업학과,,,True,True,True
서경대학교,미용예술대학,헤어･메이크업 디자인학과,,,True,True,True
서경대학교,인성교양대학,인성교양대학,,,True,True,True
전남대학교,문화사회과학대학,물류통상학부,,,True,True,True
공주대학교,공과대학,신소재시스템공학전공,,,True,True,True
호원대학교,문화산업대학,공연미디어학부,,,True,True,True
청운대학교,글로벌커뮤니케이션대학,영어과,,,True,True,True
청운대학교,호텔관광대학,호텔경영학과,,,True,True,True
청운대학교,공연영상예술대학,연기예술학과,,,True,True,True
청운대학교,공연영상예술대학,뮤지컬학과,,,True,True,True
청운대학교,공연영상예술대학,방송영화영상학과,,,True,True,True
청운대학교,공연영상예술대학,미디어커뮤니케이션학과,,,True,True,True
청운대학교,글로벌커뮤니케이션대학,베트남학과,,,True,True,True
청운대학교,글로벌커뮤니케이션대학,중국학과,,,True,True,True
화신사이버대학교,단과대구분없음,글로벌교육문화학부,,,True,True,True
화신사이버대학교,단과대구분없음,상담복지학부,,,True,True,True
남부대학교,단과대구분없음,자동차기계공학전공,,,True,True,True
남부대학교,단과대구분없음,자동차공학부,,,True,True,True
초당대학교,단과대구분없음,호텔조리학과,,,True,True,True
초당대학교,단과대구분없음,외식조리창업학과,,,True,True,True
초당대학교,단과대구분없음,건축학과,,,True,True,True
초당대학교,단과대구분없음,드론학과,,,True,True,True
초당대학교,단과대구분없음,사회복지상담학과,,,True,True,True
초당대학교,단과대구분없음,국제학과,,,True,True,True
대구한의대학교,단과대구분없음,평생교육융합학과,,,True,True,True
대구한의대학교,단과대구분없음,응용시스템학과,,,True,True,True
대구한의대학교,단과대구분없음,산림비즈니스학과,,,True,True,True
대구한의대학교,단과대구분없음,동양문화학과,,,True,True,True
대구한의대학교,웰니스융합대학,실버복지스포츠학부,,,True,True,True
대구한의대학교,바이오산업대학,산업품질공학전공,,,True,True,True
대구한의대학교,바이오산업대학,산업디자인공학전공,,,True,True,True
대구한의대학교,바이오산업대학,화장품·제약자율전공,,,True,True,True
대구한의대학교,단과대구분없음,다문화복지한국어학과,,,True,True,True
대구한의대학교,바이오산업대학,화장품공학부,,,True,True,True
대구한의대학교,의과학대학,보건관리전공,,,True,True,True
대구한의대학교,웰니스융합대학,방재안전관리전공,,,True,True,True
대구한의대학교,웰니스융합대학,소방방재환경전공,,,True,True,True
대구한의대학교,웰니스융합대학,호텔관광학전공,,,True,True,True
대구한의대학교,웰니스융합대학,항공서비스학전공,,,True,True,True
대구한의대학교,웰니스융합대학,노인복지학전공,,,True,True,True
대구한의대학교,의과학대학,산업안전보건전공,,,True,True,True
대구한의대학교,웰니스융합대학,글로벌비즈니스전공,,,True,True,True
대구한의대학교,웰니스융합대학,글로벌관광학부,,,True,True,True
대구한의대학교,웰니스융합대학,실내디자인전공,,,True,True,True
대구한의대학교,웰니스융합대학,건축학전공,,,True,True,True
대구한의대학교,웰니스융합대학,경찰행정학과,,,True,True,True
대구한의대학교,웰니스융합대학,상담심리학과,,,True,True,True
대구한의대학교,웰니스융합대학,실버스포츠학전공,,,True,True,True
대구한의대학교,웰니스융합대학,아동복지학과,,,True,True,True
대구한의대학교,웰니스융합대학,청소년교육상담학과,,,True,True,True
대구한의대학교,웰니스융합대학,향산업전공,,,True,True,True
대구한의대학교,웰니스융합대학,천연물자원전공,,,True,True,True
대구한의대학교,바이오산업대학,식품생명공학전공,,,True,True,True
대구한의대학교,바이오산업대학,바이오산업융합학부,,,True,True,True
대구한의대학교,바이오산업대학,제약공학과,,,True,True,True
대구한의대학교,의과학대학,뷰티케어산업학과,,,True,True,True
대구한의대학교,의과학대학,중등특수교육과,,,True,True,True
대구한의대학교,의과학대학,식품조리학전공,,,True,True,True
대구한의대학교,의과학대학,식품영양학전공,,,True,True,True
대구한의대학교,의과학대학,한방식품조리영양학부,,,True,True,True
울산대학교,공과대학,IT융합학부,,,True,True,True
한세대학교,단과대구분없음,IT융합학과,,,True,True,True
건국대학교(글로컬),미디어커뮤니케이션대학,영어문화학전공,,,True,True,True
건국대학교(글로컬),디자인대학,조형예술학부,,,True,True,True
건국대학교(글로컬),디자인대학,디자인학부,,,True,True,True
호남대학교,ICT융합대학,미래자동차공학부,,,True,True,True
호남대학교,ICT융합대학,자동차전자제어전공,,,True,True,True
호남대학교,ICT융합대학,자동차소프트웨어전공,,,True,True,True
건양대학교,PRIME창의융합대학,임상의약학과,,,True,True,True
건양대학교,의료공과대학,의료신소재학과,,,True,True,True
대진대학교,인문예술대학,현대조형학부,,,True,True,True
대진대학교,인문예술대학,영어영문학과,,,True,True,True
대진대학교,인문예술대학,연극영화학부,,,True,True,True
대진대학교,휴먼IT공과대학,휴먼・로봇융합전공,,,True,True,True
대진대학교,휴먼IT공과대학,의료IT융합전공,,,True,True,True
대진대학교,휴먼IT공과대학,휴먼IT융합학부,,,True,True,True
대진대학교,휴먼IT공과대학,전자공학전공,,,True,True,True
대진대학교,휴먼IT공과대학,전기공학전공,,,True,True,True
대진대학교,과학기술대학,화학전공,,,True,True,True
대진대학교,과학기술대학,생명과학전공,,,True,True,True
대진대학교,글로벌산업통상대학,중국학전공,,,True,True,True
대진대학교,글로벌산업통상대학,일본학전공,,,True,True,True
대진대학교,글로벌산업통상대학,미국학전공,,,True,True,True
대진대학교,휴먼IT공과대학,에너지환경공학부,,,True,True,True
건양대학교,PRIME창의융합대학,글로벌프론티어학과,,,True,True,True
건양대학교,PRIME창의융합대학,융합디자인학과,,,True,True,True
건양대학교,PRIME창의융합대학,의약바이오학과,,,True,True,True
건양대학교,PRIME창의융합대학,융합IT학과,,,True,True,True
건양대학교,PRIME창의융합대학,글로벌의료뷰티학과,,,True,True,True
건양대학교,PRIME창의융합대학,융합기계공학과,,,True,True,True
건양대학교,PRIME창의융합대학,사이버보안공학과,,,True,True,True
건양대학교,PRIME창의융합대학,재난안전소방학과,,,True,True,True
건양대학교,PRIME창의융합대학,기업소프트웨어학부,,,True,True,True
대진대학교,인문예술대학,영화전공,,,True,True,True
대진대학교,인문예술대학,연극전공,,,True,True,True
대진대학교,인문예술대학,제품환경디자인전공,,,True,True,True
대진대학교,인문예술대학,시각정보디자인전공,,,True,True,True
대진대학교,인문예술대학,디자인학부,,,True,True,True
대진대학교,인문예술대학,도시공간조형전공,,,True,True,True
대진대학교,인문예술대학,회화전공,,,True,True,True
대진대학교,인문예술대학,한국화전공,,,True,True,True
대진대학교,휴먼IT공과대학,산업공학과,,,True,True,True
대진대학교,휴먼IT공과대학,신소재공학과,,,True,True,True
대진대학교,휴먼IT공과대학,컴퓨터응용기계공학과,,,True,True,True
대진대학교,휴먼IT공과대학,환경에너지공학전공,,,True,True,True
대진대학교,휴먼IT공과대학,화학에너지공학전공,,,True,True,True
대진대학교,과학기술대학,휴먼건축공학부,,,True,True,True
대진대학교,휴먼IT공과대학,컴퓨터소프트웨어융합전공,,,True,True,True
대진대학교,휴먼IT공과대학,전기전자공학부,,,True,True,True
대진대학교,과학기술대학,간호학과,,,True,True,True
대진대학교,과학기술대학,스포츠과학과,,,True,True,True
대진대학교,과학기술대학,식품영양학과,,,True,True,True
대진대학교,과학기술대학,생명화학부,,,True,True,True
대진대학교,과학기술대학,수학과,,,True,True,True
대진대학교,글로벌산업통상대학,국제지역학부,,,True,True,True
대진대학교,글로벌산업통상대학,국제통상학과,,,True,True,True
대진대학교,글로벌산업통상대학,경영학과,,,True,True,True
대진대학교,글로벌산업통상대학,글로벌경제학과,,,True,True,True
대진대학교,공공인재대학,미디어커뮤니케이션학과,,,True,True,True
대진대학교,공공인재대학,사회복지학과,,,True,True,True
대진대학교,공공인재대학,행정학과,,,True,True,True
대진대학교,공공인재대학,공공인재법학과,,,True,True,True
대진대학교,공공인재대학,아동학과,,,True,True,True
대진대학교,공공인재대학,문헌정보학과,,,True,True,True
대진대학교,인문예술대학,역사·문화콘텐츠학과,,,True,True,True
대진대학교,인문예술대학,종교문화학과,,,True,True,True
대진대학교,대순종학대학,대순종학과,,,True,True,True
대진대학교,인문예술대학,문예창작학과,,,True,True,True
대진대학교,인문예술대학,한국어문학과,,,True,True,True
한성대학교,디자인대학,뷰티디자인매니지먼트학과,,,True,True,True
한성대학교,디자인대학,ICT디자인학부,,,True,True,True
한성대학교,크리에이티브인문예술대학,현대무용전공,,,True,True,True
한성대학교,디자인대학,글로벌패션산업학부,,,True,True,True
한성대학교,크리에이티브인문예술대학,한국무용전공,,,True,True,True
한성대학교,크리에이티브인문예술대학,서양화전공,,,True,True,True
한성대학교,크리에이티브인문예술대학,발레전공,,,True,True,True
한성대학교,크리에이티브인문예술대학,동양화전공,,,True,True,True
한성대학교,IT공과대학,컴퓨터공학부,,,True,True,True
대진대학교,단과대구분없음,기타모집단위,,,True,True,True
한성대학교,미래융합사회과학대학,사회과학부,,,True,True,True
한성대학교,크리에이티브인문예술대학,크리에이티브인문학부,,,True,True,True
한성대학교,크리에이티브인문예술대학,예술학부,,,True,True,True
한성대학교,IT공과대학,스마트경영공학부,,,True,True,True
한성대학교,IT공과대학,기계전자공학부,,,True,True,True
한성대학교,IT공과대학,IT융합공학부,,,True,True,True
한성대학교,IT공과대학,IT공과대학,,,True,True,True
건국대학교(글로컬),의료생명대학,바이오융합과학부,,,True,True,True
숙명여자대학교,공과대학,기계시스템학부,,,True,True,True
숙명여자대학교,공과대학,응용물리전공,,,True,True,True
숙명여자대학교,공과대학,ICT융합공학부,,,True,True,True
세한대학교,단과대구분없음,피아노학과,,,True,True,True
초당대학교,단과대구분없음,항공서비스학과,,,True,True,True
한세대학교,단과대구분없음,국제경영학과,,,True,True,True
한세대학교,단과대구분없음,미디어광고학과,,,True,True,True
한양대학교(ERICA),예체능대학,스포츠문화전공,,,True,True,True
한양대학교(ERICA),예체능대학,스포츠코칭전공,,,True,True,True
한양대학교(ERICA),예체능대학,스포츠과학부,,,True,True,True
연세대학교,언더우드국제대학,융합과학공학부,,,True,True,True
한양대학교(ERICA),과학기술융합대학,분자생명과학과,,,True,True,True
한양대학교(ERICA),과학기술융합대학,응용물리학과,,,True,True,True
한양대학교(ERICA),과학기술융합대학,응용수학과,,,True,True,True
한양대학교(ERICA),과학기술융합대학,나노광전자학과,,,True,True,True
한양대학교(ERICA),과학기술융합대학,화학분자공학과,,,True,True,True
한양대학교(ERICA),소프트웨어융합대학,디자인테크놀로지전공,,,True,True,True
한양대학교(ERICA),소프트웨어융합대학,컬처테크놀로지전공,,,True,True,True
한양대학교(ERICA),소프트웨어융합대학,미디어테크놀로지전공,,,True,True,True
한양대학교(ERICA),소프트웨어융합대학,ICT융합학부,,,True,True,True
한양대학교(ERICA),소프트웨어융합대학,소프트웨어전공,,,True,True,True
한양대학교(ERICA),소프트웨어융합대학,컴퓨터전공,,,True,True,True
한양대학교(ERICA),소프트웨어융합대학,소프트웨어학부,,,True,True,True
숭실사이버대학교,단과대구분없음,외식조리경영학과,,,True,True,True
한양대학교(ERICA),국제문화대학,프랑스학과,,,True,True,True
한양대학교(ERICA),국제문화대학,일본학과,,,True,True,True
숭실사이버대학교,단과대구분없음,연예예술경영학과,,,True,True,True
숭실사이버대학교,단과대구분없음,평생교육상담학과,,,True,True,True
군산대학교,산학융합공과대학,융합기술창업학과,,,True,True,True
숭실사이버대학교,단과대구분없음,ICT공학부,,,True,True,True
우송대학교,단과대구분없음,물류시스템학과,,,True,True,True
수원대학교,공과대학,산업및기계공학부,,,True,True,True
수원대학교,공과대학,바이오화학산업학부,,,True,True,True
수원대학교,IT대학,컴퓨터학부,,,True,True,True
제주국제대학교,단과대구분없음,스마트미디어학과,,,True,True,True
원광대학교,농식품융합대학,생물환경화학과,,,True,True,True
원광대학교,농식품융합대학,식품생명공학과,,,True,True,True
가천대학교,사회과학대학,미디어커뮤니케이션학과,,,True,True,True
유원대학교,단과대구분없음,글로벌명품조리학과,,,True,True,True
유원대학교,단과대구분없음,글로벌창업학과,,,True,True,True
유원대학교,단과대구분없음,뷰티케어학과,,,True,True,True
유원대학교,단과대구분없음,반도체디스플레이학과,,,True,True,True
유원대학교,단과대구분없음,재난안전시스템학과,,,True,True,True
유원대학교,단과대구분없음,뷰티코스메틱학과,,,True,True,True
유원대학교,단과대구분없음,방송연예학과,,,True,True,True
유원대학교,단과대구분없음,경찰·소방행정학부,,,True,True,True
유원대학교,단과대구분없음,의약바이오학과,,,True,True,True
청주대학교,예술대학,체육학과,,,True,True,True
청주대학교,예술대학,음악학과,,,True,True,True
청주대학교,단과대구분없음,항공운항학과,,,True,True,True
청주대학교,보건의료대학,스포츠의학과,,,True,True,True
청주대학교,이공대학,환경조경학과,,,True,True,True
대구한의대학교,웰니스융합대학,소방방재안전학부,,,True,True,True
대구한의대학교,웰니스융합대학,건축디자인학부,,,True,True,True
대구한의대학교,웰니스융합대학,통상경제학부,,,True,True,True
대구한의대학교,웰니스융합대학,힐링산업학부,,,True,True,True
세한대학교,단과대구분없음,경영학부,,,True,True,True
영남대학교,문과대학,문화인류학과,,,True,True,True
세한대학교,단과대구분없음,항공정비학과,,,True,True,True
세한대학교,단과대구분없음,항공운항학과,,,True,True,True
서울한영대학교,인문대학,재활복지학과,,,True,True,True
협성대학교,글로벌경영대학,호텔관광・유통경영학과,,,True,True,True
협성대학교,인문사회과학대학,도시개발・행정학과,,,True,True,True
협성대학교,글로벌경영대학,중국통상・문화학과,,,True,True,True
협성대학교,예술대학,시각조형디자인학과,,,True,True,True
협성대학교,예술대학,산업디자인학과,,,True,True,True
협성대학교,예술대학,생활공간디자인학과,,,True,True,True
협성대학교,글로벌경영대학,미주통상・문화학과,,,True,True,True
대구한의대학교,바이오산업대학,화장품공학전공,,,True,True,True
서울한영대학교,인문대학,재활상담심리학과,,,True,True,True
서울한영대학교,인문대학,유아특수재활학과,,,True,True,True
협성대학교,이공대학,생명과학과,,,True,True,True
협성대학교,이공대학,스마트시스템소프트웨어공학과,,,True,True,True
협성대학교,예술대학,기악과,,,True,True,True
협성대학교,글로벌경영대학,경영학과,,,True,True,True
협성대학교,인문사회과학대학,미디어영상광고학과,,,True,True,True
경운대학교,항공서비스대학,한방자원학전공,,,True,True,True
경운대학교,항공서비스대학,보건바이오학과,,,True,True,True
경운대학교,항공서비스대학,보건환경학전공,,,True,True,True
대구한의대학교,바이오산업대학,화장품소재공학전공,,,True,True,True
대구한의대학교,바이오산업대학,화장품약리학전공,,,True,True,True
상명대학교,공과대학,건설시스템공학과,,,True,True,True
상명대학교,공과대학,정보통신공학과,,,True,True,True
상명대학교,공과대학,컴퓨터시스템공학과,,,True,True,True
상명대학교,공과대학,컴퓨터소프트웨어공학과,,,True,True,True
상명대학교,공과대학,경영공학과,,,True,True,True
상명대학교,공과대학,환경공학과,,,True,True,True
상명대학교,디자인대학,산업디자인학과,,,True,True,True
상명대학교,예술대학,사진영상미디어전공,,,True,True,True
상명대학교,예술대학,무대미술전공,,,True,True,True
상명대학교,디자인대학,세라믹디자인학과,,,True,True,True
상명대학교,디자인대학,의상디자인전공,,,True,True,True
상명대학교,디자인대학,시각디자인학과,,,True,True,True
상명대학교,융복합특성화대학,애니메이션전공,,,True,True,True
상명대학교,예술대학,연극학과,,,True,True,True
상명대학교,융복합특성화대학,만화전공,,,True,True,True
상명대학교,디자인대학,섬유디자인전공,,,True,True,True
상명대학교,디자인대학,실내디자인전공,,,True,True,True
상명대학교,예술대학,문화예술경영학과,,,True,True,True
상명대학교,예술대학,무대디자인전공,,,True,True,True
상명대학교,디자인대학,패션디자인학과,,,True,True,True
상명대학교,디자인대학,산업디자인전공,,,True,True,True
상명대학교,디자인대학,시각디자인전공,,,True,True,True
상명대학교,디자인대학,실내디자인학과,,,True,True,True
상명대학교,예술대학,애니메이션전공,,,True,True,True
상명대학교,예술대학,출판만화전공,,,True,True,True
상명대학교,어문대학,일본어문학과,,,True,True,True
상명대학교,어문대학,중국어문학과,,,True,True,True
상명대학교,어문대학,영어영문학전공,,,True,True,True
상명대학교,어문대학,프랑스어문학과,,,True,True,True
상명대학교,어문대학,한국어문학과,,,True,True,True
상명대학교,어문대학,러시아어문학과,,,True,True,True
상명대학교,어문대학,독일어문학과,,,True,True,True
상명대학교,어문대학,통・번역학전공,,,True,True,True
상명대학교,예술대학,무대조명・음향전공,,,True,True,True
상명대학교,예술대학,만화학과,,,True,True,True
상명대학교,예술대학,사진영상미디어학과,,,True,True,True
상명대학교,예술대학,애니메이션학과,,,True,True,True
상명대학교,예술대학,영화영상학과,,,True,True,True
상명대학교,디자인대학,텍스타일디자인학과,,,True,True,True
상명대학교,예술대학,문화예술경영학과(예체능),,,True,True,True
상명대학교,예술대학,디지털콘텐츠학과(예체능),,,True,True,True
상명대학교,예술대학,무대의상ㆍ분장전공(예체능),,,True,True,True
상명대학교,예술대학,디지털콘텐츠학과,,,True,True,True
상명대학교,공과대학,의생명공학과,,,True,True,True
상명대학교,단과대구분없음,기타모집단위,,,True,True,True
상명대학교,예술대학,만화・애니메이션학과,,,True,True,True
상명대학교,공과대학,산업공학과,,,True,True,True
상명대학교,공과대학,컴퓨터공학과,,,True,True,True
상명대학교,공과대학,산업경영학과,,,True,True,True
상명대학교,융합기술대학,간호학과,,,True,True,True
상명대학교,글로벌인문학부대학,한국언어문화학과,,,True,True,True
상명대학교,융합기술대학,융합경영학과,,,True,True,True
상명대학교,공과대학,그린화학공학과,,,True,True,True
상명대학교,융합기술대학,환경조경학과,,,True,True,True
상명대학교,예술대학,사진영상콘텐츠학과,,,True,True,True
상명대학교,예술대학,문화예술경영전공,,,True,True,True
상명대학교,예술대학,연극전공,,,True,True,True
상명대학교,예술대학,영화영상전공,,,True,True,True
상명대학교,디자인대학,패션디자인전공,,,True,True,True
상명대학교,디자인대학,세라믹디자인전공,,,True,True,True
상명대학교,융합기술대학,식물식품공학과,,,True,True,True
상명대학교,융합기술대학,사회체육학과,,,True,True,True
상명대학교,공과대학,정보보안공학과,,,True,True,True
상명대학교,공과대학,휴먼지능로봇공학과,,,True,True,True
상명대학교,공과대학,전자공학과,,,True,True,True
상명대학교,공과대학,소프트웨어학과,,,True,True,True
상명대학교,디자인대학,디자인학부,,,True,True,True
상명대학교,공과대학,스마트정보통신공학과,,,True,True,True
상명대학교,융합기술대학,스포츠산업학과,,,True,True,True
상명대학교,공과대학,시스템반도체공학과,,,True,True,True
상명대학교,글로벌인문학부대학,글로벌지역학부,,,True,True,True
상명대학교,예술대학,공연영상문화예술학부,,,True,True,True
서울여자대학교,미래산업융합대학,패션산업학과,,,True,True,True
건국대학교,소프트웨어융합학부,소프트웨어학과,,,True,True,True
건국대학교,KU융합과학기술원,화장품공학과,,,True,True,True
순천대학교,공과대학,전기전자공학부(전자공학전공),,,True,True,True
순천대학교,공과대학,전기전자공학부(전기공학전공),,,True,True,True
홍익대학교,과학기술대학,바이오화학공학과,,,True,True,True
홍익대학교,단과대구분없음,융합전공 환경조경디자인전공,,,True,True,True
홍익대학교,단과대구분없음,게임학부,,,True,True,True
홍익대학교,조형대학,디자인ㆍ영상학부,,,True,True,True
홍익대학교,상경대학,상경학부,,,True,True,True
홍익대학교,과학기술대학,전자·전기공학과,,,True,True,True
홍익대학교,과학기술대학,기계정보공학과,,,True,True,True
홍익대학교,과학기술대학,건축공학부,,,True,True,True
홍익대학교,공과대학,정보·컴퓨터공학부,,,True,True,True
홍익대학교,공과대학,건설·도시공학부,,,True,True,True
홍익대학교,단과대구분없음,융합전공 자동차부품・디자인전공,,,True,True,True
홍익대학교,단과대구분없음,융합전공 건축공간예술전공,,,True,True,True
금강대학교,단과대구분없음,글로벌융합학부,,,True,True,True
금강대학교,단과대구분없음,IT경영학전공,,,True,True,True
인하대학교,단과대구분없음,국제학부,,,True,True,True
경동대학교,간호보건대학,보건관리학과,,,True,True,True
고려대학교(세종),문화스포츠대학,스포츠비즈니스전공,,,True,True,True
건국대학교(글로컬),미디어커뮤니케이션대학,문화콘텐츠학부,,,True,True,True
건국대학교(글로컬),과학기술대학,ICT융합공학부,,,True,True,True
청운대학교,교양대학,교양대학,,,True,True,True
동의대학교,IT융합부품소재공과대학,고분자소재공학전공,,,True,True,True
유원대학교,단과대구분없음,공간정보공학과,,,True,True,True
계명대학교,공과대학,메카트로닉스전공,,,True,True,True
송원대학교,단과대구분없음,심리치료학과,,,True,True,True
초당대학교,단과대구분없음,뷰티디자인학과,,,True,True,True
세한대학교,단과대구분없음,경영학전공,,,True,True,True
세한대학교,단과대구분없음,경영한국어전공,,,True,True,True
세한대학교,단과대구분없음,보컬전공,,,True,True,True
세한대학교,단과대구분없음,기악(연주)전공,,,True,True,True
세한대학교,단과대구분없음,작곡전공,,,True,True,True
세한대학교,단과대구분없음,뮤지컬(방송연기)전공,,,True,True,True
한성대학교,미래융합사회과학대학,벤처창업연계전공,,,True,True,True
한성대학교,IT공과대학,지식서비스&컨설팅 연계전공,,,True,True,True
한성대학교,IT공과대학,CRM·디지털마케팅연계전공,,,True,True,True
건국대학교(글로컬),과학기술대학,의학공학전공,,,True,True,True
한성대학교,디자인대학,인터랙티브 엔터테인먼트 연계전공,,,True,True,True
부산외국어대학교,영일중대학,영어학부,,,True,True,True
창원대학교,미래융합대학,메카융합공학과(야),,,True,True,True
창원대학교,미래융합대학,신산업융합학과(야),,,True,True,True
창원대학교,미래융합대학,창업융합학과,,,True,True,True
부산외국어대학교,글로컬창의융합대학,국제학부,,,True,True,True
부산외국어대학교,글로컬창의융합대학,경찰정보보호학부(사이버경찰전공),,,True,True,True
부산외국어대학교,글로컬창의융합대학,스포츠산업융합학부,,,True,True,True
부산외국어대학교,글로벌인문융합대학,러시아・터키중앙아시아학부(러시아언어통상전공),,,True,True,True
부산외국어대학교,글로벌인문융합대학,러시아・터키중앙아시아학부(터키・중앙아시아어전공),,,True,True,True
부산외국어대학교,글로벌인문융합대학,인도학부(인도언어문화전공),,,True,True,True
부산외국어대학교,글로벌비즈니스대학,국제무역·마케팅학부,,,True,True,True
부산외국어대학교,글로벌비즈니스대학,국제무역・마케팅학부(국제마케팅전공),,,True,True,True
부산외국어대학교,글로컬창의융합대학,영상콘텐츠융합학과,,,True,True,True
부산외국어대학교,글로벌비즈니스대학,글로벌비즈니스학과,,,True,True,True
부산외국어대학교,글로벌인문융합대학,역사관광・외교통상학부(외교통상전공),,,True,True,True
부산외국어대학교,글로벌인문융합대학,역사관광・외교통상학부(역사관광전공),,,True,True,True
부산외국어대학교,글로벌인문융합대학,유럽학부(프랑스언어문화전공),,,True,True,True
부산외국어대학교,글로벌인문융합대학,유럽학부(이탈리아언어문화전공),,,True,True,True
부산외국어대학교,글로벌인문융합대학,유럽학부(독일언어문화전공),,,True,True,True
부산외국어대학교,글로벌비즈니스대학,경영학부(경영전공),,,True,True,True
부산외국어대학교,글로벌인문융합대학,파이데이아창의인재학과,,,True,True,True
부산외국어대학교,글로벌IT대학,지능형IT융합학부,,,True,True,True
부산외국어대학교,글로벌IT대학,컴퓨터소프트웨어융합학부,,,True,True,True
부산외국어대학교,글로벌비즈니스대학,국제비서・경제금융학부(경제금융전공),,,True,True,True
부산외국어대학교,글로벌인문융합대학,중동·지중해지역학부,,,True,True,True
부산외국어대학교,영일중대학,G2(영·중)융합학부,,,True,True,True
부산외국어대학교,글로벌비즈니스대학,국제무역・마케팅학부(국제무역전공),,,True,True,True
부산외국어대학교,글로컬창의융합대학,경찰정보보호학부(정보보호전공),,,True,True,True
부산외국어대학교,글로컬창의융합대학,경찰정보보호학부(경찰행정전공),,,True,True,True
부산외국어대학교,글로벌인문융합대학,인도학부(인도지역통상전공),,,True,True,True
부산외국어대학교,영일중대학,중국학부(중국어전공),,,True,True,True
부산외국어대학교,글로벌인문융합대학,유럽학부(EU지역통상전공),,,True,True,True
부산외국어대학교,글로벌인문융합대학,동남아창의융합학부,,,True,True,True
부산외국어대학교,글로벌인문융합대학,한국어문화학부,,,True,True,True
부산외국어대학교,글로벌인문융합대학,중남미학부(포르투갈어전공),,,True,True,True
부산외국어대학교,글로벌인문융합대학,중남미학부(스페인어전공),,,True,True,True
부산외국어대학교,영일중대학,일본어창의융합학부,,,True,True,True
부산외국어대학교,글로벌인문융합대학,인도학부,,,True,True,True
부산외국어대학교,영일중대학,중국학부(중국지역통상전공),,,True,True,True
부산외국어대학교,영일중대학,중국학부,,,True,True,True
부산외국어대학교,글로벌인문융합대학,러시아·터키중앙아시아학부,,,True,True,True
창원대학교,미래융합대학,산업비즈니스학과,,,True,True,True
가천대학교,의과대학,의학과,,,True,True,True
성신여자대학교,Health & Wellness College,운동재활복지학과,,,True,True,True
성신여자대학교,Health & Wellness College,스포츠레저학과,,,True,True,True
성신여자대학교,Health & Wellness College,사회복지학과,,,True,True,True
성신여자대학교,Health & Wellness College,식품영양학과,,,True,True,True
성신여자대학교,Health & Wellness College,글로벌의과학과,,,True,True,True
성신여자대학교,뷰티생활산업국제대학,소비자생활문화산업학과,,,True,True,True
성신여자대학교,뷰티생활산업국제대학,의류산업학과,,,True,True,True
성신여자대학교,법과대학,지식산업법학과,,,True,True,True
성신여자대학교,인문과학대학,중국어문·문화학과,,,True,True,True
성신여자대학교,인문과학대학,일본어문·문화학과,,,True,True,True
성신여자대학교,인문과학대학,독일어문·문화학과,,,True,True,True
성신여자대학교,뷰티생활산업국제대학,글로벌비즈니스학과,,,True,True,True
성신여자대학교,지식서비스공과대학,바이오생명공학과,,,True,True,True
성신여자대학교,지식서비스공과대학,융합보안공학과,,,True,True,True
성신여자대학교,지식서비스공과대학,정보시스템공학과,,,True,True,True
성신여자대학교,지식서비스공과대학,컴퓨터공학과,,,True,True,True
상명대학교,미래융합공학대학,미디어소프트웨어학과,,,True,True,True
상명대학교,미래융합공학대학,게임학과,,,True,True,True
선문대학교,글로벌비즈니스대학,글로벌행정학과,,,True,True,True
선문대학교,건강보건대학,스포츠・무도학부,,,True,True,True
선문대학교,건강보건대학,식품・수산학부,,,True,True,True
선문대학교,글로벌비즈니스대학,글로벌자율전공학부,,,True,True,True
선문대학교,글로벌비즈니스대학,국제관계・행정학부,,,True,True,True
선문대학교,글로벌비즈니스대학,국제경제통상학과,,,True,True,True
선문대학교,글로벌비즈니스대학,IT경영학과,,,True,True,True
선문대학교,글로벌비즈니스대학,국제레저관광학과,,,True,True,True
선문대학교,인문사회대학,법・경찰학과,,,True,True,True
선문대학교,글로벌비즈니스대학,글로벌경영학과,,,True,True,True
을지대학교,바이오융합대학,의료IT학과,,,True,True,True
남서울대학교,보건의료복지대학,뷰티보건학과,,,True,True,True
목포대학교,자연과학대학,친환경바이오융합학과(한약자원트랙),,,True,True,True
목포대학교,자연과학대학,친환경바이오융합학과(식품영양트랙),,,True,True,True
목포대학교,자연과학대학,친환경바이오융합학과(해양수산자원트랙),,,True,True,True
목포대학교,자연과학대학,친환경바이오융합학과(원예생명과학트랙),,,True,True,True
목포대학교,공과대학,건축・토목공학과(토목공학트랙),,,True,True,True
목포대학교,공과대학,건축・토목공학과(건축공학심화트랙),,,True,True,True
목포대학교,공과대학,건축·토목공학과,,,True,True,True
목포대학교,공과대학,전자정보통신공학과,,,True,True,True
목포대학교,공과대학,식품공학과,,,True,True,True
목포대학교,공과대학,융합소프트웨어학과,,,True,True,True
목포대학교,인문대학,고고문화인류학과,,,True,True,True
목포대학교,인문대학,중국언어와문화학과,,,True,True,True
한림대학교,단과대구분없음,융합인재학부,,,True,True,True
대구한의대학교,의과학대학,보건학부,,,True,True,True
한국폴리텍 VII 대학 창원캠퍼스,단과대구분없음,기계시스템과(ICT기계가공),,,True,True,True
경희대학교,전자정보대학,전자공학과,,,True,True,True
선문대학교,글로벌비즈니스대학,스페인어중남미학과,,,True,True,True
선문대학교,글로벌비즈니스대학,러시아어학과,,,True,True,True
선문대학교,글로벌비즈니스대학,중어중국학과,,,True,True,True
선문대학교,글로벌비즈니스대학,일어일본학과,,,True,True,True
선문대학교,글로벌비즈니스대학,영어학과,,,True,True,True
경희대학교,전자정보대학,소프트웨어융합학과,,,True,True,True
한서대학교,단과대구분없음,보건복지학과,,,True,True,True
한서대학교,Hans 국제항공대학,항공교통물류학부,,,True,True,True
순복음총회신학교,단과대구분없음,사회학부 청소년스포츠상담복지학전공,,,True,True,True
순복음총회신학교,단과대구분없음,음악학부,,,True,True,True
순복음총회신학교,단과대구분없음,신학부 신학전공,,,True,True,True
순복음총회신학교,단과대구분없음,사회학부 스포츠복지학전공,,,True,True,True
순복음총회신학교,단과대구분없음,사회학부 상담심리학전공,,,True,True,True
순복음총회신학교,단과대구분없음,사회학부 사회복지학전공,,,True,True,True
백석대학교,단과대구분없음,경찰학부,,,True,True,True
성신여자대학교,지식서비스공과대학,서비스・디자인공학과,,,True,True,True
한국폴리텍 특성화대학 반도체융합캠퍼스,단과대구분없음,전기과,,,True,True,True
백석대학교,단과대구분없음,문화예술학부 연기예술전공,,,True,True,True
수원대학교,융합문화예술대학,문화컨텐츠테크놀러지,,,True,True,True
백석대학교,단과대구분없음,문화예술학부 뮤지컬전공,,,True,True,True
백석대학교,단과대구분없음,스포츠과학부 태권도전공,,,True,True,True
목포대학교,공과대학,조선해양공학과(조선해양설계트랙),,,True,True,True
목포대학교,공과대학,조선해양공학과(조선해양생산트랙),,,True,True,True
한국기술교육대학교,단과대구분없음,HRD학과,,,True,True,True
총신대학교,단과대구분없음,교직과,,,True,True,True
총신대학교,단과대구분없음,호크마교양교육원,,,True,True,True
한일장신대학교,단과대구분없음,아동복지학과,,,True,True,True
한일장신대학교,단과대구분없음,심리상담학부,,,True,True,True
경희사이버대학교,단과대구분없음,한국어학과,,,True,True,True
대구한의대학교,의과학대학,IT의료데이터과학전공,,,True,True,True
성신여자대학교,뷰티생활산업국제대학,뷰티산업학과,,,True,True,True
신라대학교,MICT융합공과대학,IoT융합전공,,,True,True,True
선문대학교,글로벌비즈니스대학,노어러시아학과,,,True,True,True
선문대학교,글로벌비즈니스대학,국제관계학과,,,True,True,True
선문대학교,글로벌비즈니스대학,국제경제통상학부,,,True,True,True
선문대학교,스마트기술공과대학,컴퓨터공학과,,,True,True,True
선문대학교,스마트기술공과대학,정보통신공학부,,,True,True,True
선문대학교,스마트기술공과대학,정보통신공학과,,,True,True,True
선문대학교,스마트기술공과대학,생명화학공학과,,,True,True,True
선문대학교,스마트기술공과대학,기초과학부,,,True,True,True
선문대학교,스마트기술공과대학,기계공학과,,,True,True,True
선문대학교,글로벌비즈니스대학,행정학과,,,True,True,True
선문대학교,글로벌비즈니스대학,경영학부,,,True,True,True
선문대학교,글로벌비즈니스대학,경영학과,,,True,True,True
서울여자대학교,단과대구분없음,바이오인포매틱스전공,,,True,True,True
서울여자대학교,단과대구분없음,바이오화장품공학전공,,,True,True,True
부경대학교,평생교육단과대학,전기전자소프트웨어공학과,,,True,True,True
부경대학교,평생교육단과대학,수산식품냉동공학과,,,True,True,True
부경대학교,인문사회과학대학,영어영문학전공,,,True,True,True
부경대학교,인문사회과학대학,미국학전공,,,True,True,True
부경대학교,평생교육단과대학,자동차응용공학과,,,True,True,True
부경대학교,인문사회과학대학,중국학과,,,True,True,True
부경대학교,평생교육단과대학,평생교육·상담학과,,,True,True,True
부경대학교,평생교육단과대학,기계조선융합공학과,,,True,True,True
평택대학교,문화예술대학,음악학과,,,True,True,True
평택대학교,문화예술대학,실용음악학과,,,True,True,True
평택대학교,문화예술대학,공연영상콘텐츠학과,,,True,True,True
평택대학교,문화예술대학,패션디자인및브랜딩학과,,,True,True,True
평택대학교,문화예술대학,커뮤니케이션디자인학과,,,True,True,True
평택대학교,사회서비스대학,재활상담학과,,,True,True,True
평택대학교,국제물류대학,중국학전공,,,True,True,True
평택대학교,국제물류대학,일본학전공,,,True,True,True
평택대학교,국제물류대학,미국학전공,,,True,True,True
평택대학교,국제물류대학,국제도시부동산학과,,,True,True,True
평택대학교,국제물류대학,국제물류학과,,,True,True,True
평택대학교,IT공과대학,ICT환경융합전공,,,True,True,True
평택대학교,IT공과대학,스마트자동차학과,,,True,True,True
평택대학교,IT공과대학,정보통신학과,,,True,True,True
평택대학교,IT공과대학,융합소프트웨어학과,,,True,True,True
평택대학교,사회서비스대학,아동・청소년복지학과,,,True,True,True
평택대학교,사회서비스대학,신학과,,,True,True,True
평택대학교,사회서비스대학,사회복지학과,,,True,True,True
평택대학교,IT공과대학,데이터정보학과,,,True,True,True
평택대학교,사회서비스대학,광고홍보학과,,,True,True,True
평택대학교,국제물류대학,경영학과,,,True,True,True
평택대학교,사회서비스대학,간호학과,,,True,True,True
한경국립대학교,자연과학대학,융합레포츠학과,,,True,True,True
글로벌사이버대학교,단과대구분없음,생활스포츠건강학전공,,,True,True,True
글로벌사이버대학교,단과대구분없음,사회복지학과,,,True,True,True
글로벌사이버대학교,단과대구분없음,실용영어학과,,,True,True,True
글로벌사이버대학교,단과대구분없음,상담심리학과,,,True,True,True
글로벌사이버대학교,단과대구분없음,방송연예학과,,,True,True,True
글로벌사이버대학교,단과대구분없음,인문사회융합계열,,,True,True,True
글로벌사이버대학교,단과대구분없음,마케팅학과,,,True,True,True
글로벌사이버대학교,단과대구분없음,동양학과,,,True,True,True
한남대학교,문과대학,철학상담학전공,,,True,True,True
한남대학교,문과대학,사학전공,,,True,True,True
한남대학교,문과대학,프랑스어문학전공,,,True,True,True
한남대학교,문과대학,일어일문학전공,,,True,True,True
한남대학교,법정대학,경찰학전공,,,True,True,True
한남대학교,공과대학,토목・환경공학전공,,,True,True,True
한남대학교,자유전공학부,자유전공학부,,,True,True,True
한남대학교,단과대구분없음,융합디자인전공,,,True,True,True
한남대학교,법정대학,행정학전공,,,True,True,True
한남대학교,경상대학,중국경제통상학전공,,,True,True,True
한남대학교,경상대학,경제학전공,,,True,True,True
한남대학교,공과대학,토목・건축공학부,,,True,True,True
한남대학교,법정대학,행정・경찰학부,,,True,True,True
한남대학교,경상대학,경제학부,,,True,True,True
한남대학교,문과대학,외국어문학부,,,True,True,True
한남대학교,문과대학,인문학부,,,True,True,True
한국교통대학교,융합기술대학,자동차공학전공,,,True,True,True
평택대학교,국제물류대학,국제지역학부,,,True,True,True
평택대학교,국제물류대학,국제무역행정학과,,,True,True,True
한양대학교(ERICA),과학기술융합대학,해양융합공학과,,,True,True,True
대구한의대학교,의과학대학,의료경영학과,,,True,True,True
세한대학교,단과대구분없음,항공교통물류학과,,,True,True,True
수원대학교,공과대학,나노재료,,,True,True,True
수원대학교,공과대학,전자재료공학부,,,True,True,True
평택대학교,IT공과대학,스마트콘텐츠전공,,,True,True,True
부산대학교,생활환경대학,실내환경디자인학과,,,True,True,True
평택대학교,IT공과대학,ICT융합학부,,,True,True,True
평택대학교,IT공과대학,미디어디자인전공,,,True,True,True
호서대학교,과학기술융합대학,컴퓨터정보공학부,,,True,True,True
호서대학교,과학기술융합대학,실내디자인전공,,,True,True,True
호서대학교,과학기술융합대학,과학기술융합학부,,,True,True,True
호서대학교,생명보건대학,물리치료학과,,,True,True,True
호서대학교,생명보건대학,바이오산업학부,,,True,True,True
호서대학교,생명보건대학,생명공학전공,,,True,True,True
호서대학교,생명보건대학,식품공학전공,,,True,True,True
호서대학교,생명보건대학,식품영양학과,,,True,True,True
호서대학교,생명보건대학,임상병리학과,,,True,True,True
호서대학교,생명보건대학,제약공학전공,,,True,True,True
호서대학교,생명보건대학,간호학과,,,True,True,True
호서대학교,과학기술융합대학,전자재료공학전공,,,True,True,True
호서대학교,공과대학,ICT공학부,,,True,True,True
호서대학교,공과대학,로봇자동화공학과,,,True,True,True
호서대학교,공과대학,화학공학부,,,True,True,True
호서대학교,공과대학,디지털제어공학전공,,,True,True,True
호서대학교,공과대학,전기공학전공,,,True,True,True
호서대학교,생명보건대학,화장품과학전공,,,True,True,True
호서대학교,인문융합대학,인문융합학부,,,True,True,True
호서대학교,과학기술융합대학,전자디스플레이공학부,,,True,True,True
호서대학교,사회과학대학,법경찰행정학부,,,True,True,True
창원대학교,미래융합대학,항노화헬스케어학과,,,True,True,True
건국대학교,상허생명과학대학,환경보건과학과,,,True,True,True
동의대학교,인문사회과학대학,법・경찰행정학부,,,True,True,True
성신여자대학교,인문과학대학,프랑스어문·문화학과,,,True,True,True
선문대학교,이니티움교양대학,교양학부,,,True,True,True
선문대학교,이니티움교양대학,글로벌어학부,,,True,True,True
호서대학교,과학기술융합대학,첨단미디어전공,,,True,True,True
호서대학교,공과대학,첨단기계소재공학과,,,True,True,True
호서대학교,과학기술융합대학,조형융합학부,,,True,True,True
호서대학교,인문융합대학,창의교양학부,,,True,True,True
호서대학교,과학기술융합대학,글로벌경영공학부,,,True,True,True
호서대학교,공과대학,안전소방학부,,,True,True,True
호서대학교,공과대학,전기공학부,,,True,True,True
명지대학교,미래융합대학,물류유통경영학과,,,True,True,True
서강대학교,커뮤니케이션대학,커뮤니케이션학전공,,,True,True,True
상명대학교,글로벌인문학부대학,한국어문학과,,,True,True,True
상명대학교,글로벌인문학부대학,프랑스어문학과,,,True,True,True
상명대학교,글로벌인문학부대학,통・번역학전공,,,True,True,True
상명대학교,글로벌인문학부대학,중국어문학과,,,True,True,True
상명대학교,글로벌인문학부대학,일본어문학과,,,True,True,True
상명대학교,글로벌인문학부대학,영어영문학전공,,,True,True,True
상명대학교,글로벌인문학부대학,영어영문학과,,,True,True,True
상명대학교,글로벌인문학부대학,러시아어문학과,,,True,True,True
상명대학교,글로벌인문학부대학,독일어문학과,,,True,True,True
성신여자대학교,지식서비스공과대학,바이오식품공학과,,,True,True,True
부경대학교,인문사회과학대학,국제학전공,,,True,True,True
고려대학교,정보대학,컴퓨터학과,,,True,True,True
동신대학교,에너지융합대학,정보보안학과,,,True,True,True
동신대학교,에너지융합대학,전기공학과,,,True,True,True
동신대학교,에너지융합대학,수소에너지학과,,,True,True,True
수원대학교,경상대학,호텔경영,,,True,True,True
수원대학교,경상대학,외식경영,,,True,True,True
수원대학교,경상대학,관광경영,,,True,True,True
한성대학교,단과대구분없음,상상력인재학부,,,True,True,True
호원대학교,문화산업대학,패션.미용학부,,,True,True,True
호원대학교,문화산업대학,호텔관광.항공학부,,,True,True,True
호원대학교,공과대학,컴퓨터.게임학과,,,True,True,True
울산과학기술원,단과대구분없음,기계항공 및 원자력공학부,,,True,True,True
대구대학교,평생교육대학,재활특수교육학과,,,True,True,True
한국교통대학교,보건생명대학,IT응용융합학과(4년제),,,True,True,True
한국교통대학교,인문사회대학,융합경영학과,,,True,True,True
서울한영대학교,예능대학,음악과,,,True,True,True
한국폴리텍 V 대학 익산캠퍼스,단과대구분없음,컴퓨터응용기계과,,,True,True,True
순천대학교,사회과학대학,경제회계학부(경제학전공),,,True,True,True
순천대학교,사회과학대학,공공인재학부(행정학전공),,,True,True,True
순천대학교,사회과학대학,공공인재학부(법학전공),,,True,True,True
순천대학교,사회과학대학,경상학부(무역학전공),,,True,True,True
순천대학교,사회과학대학,경상학부(경영학전공),,,True,True,True
순천대학교,생명산업과학대학,산림자원・조경학부(조경전공),,,True,True,True
순천대학교,생명산업과학대학,산림자원・조경학부(산림자원전공),,,True,True,True
한국폴리텍 VI 대학 대구캠퍼스,단과대구분없음,금형디자인과(정밀금형),,,True,True,True
호서대학교,예체능대학,스포츠과학부(골프스포츠산업트랙),,,True,True,True
호서대학교,예체능대학,스포츠과학부(사회체육트랙),,,True,True,True
한국교통대학교,인문사회대학,사회복지학과,,,True,True,True
한국교통대학교,인문사회대학,행정정보학과,,,True,True,True
한국교통대학교,공과대학,건축학과,,,True,True,True
한국교통대학교,공과대학,건축공학과,,,True,True,True
한국교통대학교,융합기술대학,전자공학과,,,True,True,True
한국교통대학교,공과대학,소프트웨어전공,,,True,True,True
서울기독대학교,단과대구분없음,상담심리학과,,,True,True,True
서울기독대학교,단과대구분없음,공연음악학과,,,True,True,True
서울기독대학교,단과대구분없음,기초교육학과,,,True,True,True
한남대학교,탈메이지교양교육대학,문화관광학전공,,,True,True,True
아주대학교,공과대학,융합시스템공학과,,,True,True,True
한국항공대학교,단과대구분없음,인문자연학부,,,True,True,True
강서대학교,단과대구분없음,식품영양학부(식품영양학전공),,,True,True,True
한국폴리텍 II 대학 인천캠퍼스,단과대구분없음,정보통신과,,,True,True,True
세종대학교,소프트웨어융합대학,창의소프트학부,,,True,True,True
인제대학교,공과대학,산업시스템공학과,,,True,True,True
중앙대학교,다빈치교양대학,다빈치교양대학,,,True,True,True
호서대학교,생명보건대학,수학전공,,,True,True,True
호서대학교,생명보건대학,생명과학과,,,True,True,True
호서대학교,생명보건대학,한방화장품과학전공,,,True,True,True
원광대학교,농식품융합대학,원예ㆍ애완동식물학부,,,True,True,True
원광대학교,농식품융합대학,애완동식물학과,,,True,True,True
원광대학교,농식품융합대학,식품·환경학부,,,True,True,True
원광대학교,농식품융합대학,생명환경학부,,,True,True,True
원광대학교,조형예술디자인대학,서예문화예술학과,,,True,True,True
원광대학교,조형예술디자인대학,공간환경・산업디자인학과,,,True,True,True
원광대학교,조형예술디자인대학,시각정보디자인과,,,True,True,True
원광대학교,창의공과대학,도시공학과,,,True,True,True
원광대학교,창의공과대학,기계자동차공학부,,,True,True,True
원광대학교,창의공과대학,컴퓨터공학과,,,True,True,True
원광대학교,창의공과대학,전자및제어공학부,,,True,True,True
원광대학교,창의공과대학,전기ㆍ정보통신공학부,,,True,True,True
원광대학교,창의공과대학,토목환경・도시공학부,,,True,True,True
원광대학교,창의공과대학,건축학부,,,True,True,True
인제대학교,보건의료융합대학,생명과학부,,,True,True,True
인제대학교,BNIT융합대학,식품생명과학부,,,True,True,True
인제대학교,보건의료융합대학,의용공학과,,,True,True,True
인제대학교,사회과학대학,경영통상학과,,,True,True,True
인제대학교,BNIT융합대학,나노공학부,,,True,True,True
한남대학교,법정대학,정치언론・국제학과,,,True,True,True
한남대학교,법정대학,경찰행정학과,,,True,True,True
한남대학교,법정대학,행정학과,,,True,True,True
한남대학교,법정대학,특허법학전공,,,True,True,True
호서대학교,생명보건대학,자연과학부,,,True,True,True
호서대학교,생명보건대학,식품생물공학과,,,True,True,True
인하대학교,미래융합대학,헬스디자인학과,,,True,True,True
상명대학교,공과대학,정보보호공학과,,,True,True,True
제주대학교,미래융합대학,실버케어복지학과,,,True,True,True
제주대학교,미래융합대학,부동산관리학과,,,True,True,True
제주대학교,미래융합대학,관광융복합학과,,,True,True,True
제주대학교,미래융합대학,건강뷰티향장학과,,,True,True,True
강남대학교,복지융합대학,복지융합인재학부 미술문화복지전공,,,True,True,True
강남대학교,복지융합대학,복지융합인재학부 스포츠복지전공,,,True,True,True
강남대학교,복지융합대학,복지융합인재학부 유니버설비주얼디자인전공,,,True,True,True
한국폴리텍 V 대학 광주캠퍼스,단과대구분없음,컴퓨터응용기계설계과(ICT기계가공),,,True,True,True
한국폴리텍 V 대학 광주캠퍼스,단과대구분없음,금형디자인과(정밀금형),,,True,True,True
한국폴리텍 V 대학 순천캠퍼스,단과대구분없음,산업설비(스마트설비),,,True,True,True
숙명여자대학교,공과대학,소프트웨어융합전공,,,True,True,True
숙명여자대학교,공과대학,컴퓨터과학전공,,,True,True,True
연세대학교,단과대구분없음,기타모집단위,,,True,True,True
공주교육대학교,사범대학,초등교육과,,,True,True,True
세명대학교,교양대학,교양대학,,,True,True,True
동아대학교,단과대구분없음,기타모집단위,,,True,True,True
가톨릭대학교,단과대구분없음,영어영문학부,,,True,True,True
순천향대학교,인문사회과학대학,국제문화전공,,,True,True,True
순천향대학교,인문사회과학대학,중어중문학전공,,,True,True,True
광신대학교,단과대구분없음,기타모집단위,,,True,True,True
진주교육대학교,단과대구분없음,초등교육과,,,True,True,True
부산교육대학교,단과대구분없음,초등교육과,,,True,True,True
가톨릭대학교,단과대구분없음,빅데이터인문경영융복합전공,,,True,True,True
가톨릭대학교,단과대구분없음,창업대학,,,True,True,True
전주대학교,단과대구분없음,수퍼스타칼리지,,,True,True,True
대구대학교,미래융합대학,지역평생교육학과,,,True,True,True
대구대학교,미래융합대학,정보기술응용학과,,,True,True,True
대구대학교,미래융합대학,재활특수교육학과,,,True,True,True
대구대학교,미래융합대학,실버복지·상담학과,,,True,True,True
대구대학교,미래융합대학,사회적기업·창업학과,,,True,True,True
대구대학교,미래융합대학,도시농업학과,,,True,True,True
세명대학교,보건바이오대학,바이오산업품질관리학과,,,True,True,True
세명대학교,보건바이오대학,CRO임상시험학과,,,True,True,True
세명대학교,사회과학대학,벤처창업학과,,,True,True,True
단국대학교,국제대학,국제자유전공학부 한국학전공,,,True,True,True
단국대학교,국제대학,국제자유전공학부 영상연기&제작전공,,,True,True,True
단국대학교,국제대학,국제자유전공학부 소프트웨어학전공,,,True,True,True
인하대학교,단과대구분없음,정보통신공학과(IUT),,,True,True,True
인하대학교,단과대구분없음,컴퓨터공학과(IUT),,,True,True,True
건양대학교,의료공과대학,전산・게임학과,,,True,True,True
성결대학교,융합대학,융합학부,,,True,True,True
대전대학교,경영대학,러시아어통번역학과,,,True,True,True
조선대학교,IT융합대학,정보통신공학과,,,True,True,True
조선대학교,IT융합대학,전자공학과,,,True,True,True
조선대학교,IT융합대학,컴퓨터공학과,,,True,True,True
부경대학교,미래융합대학,기계조선융합공학과,,,True,True,True
부경대학교,미래융합대학,평생교육·상담학과,,,True,True,True
부경대학교,미래융합대학,전기전자소프트웨어공학과,,,True,True,True
부경대학교,미래융합대학,자동차응용공학과,,,True,True,True
부경대학교,미래융합대학,수산식품냉동공학과,,,True,True,True
군산대학교,산학융합공과대학,건축・해양건설융합공학부,,,True,True,True
금강대학교,단과대구분없음,글로벌교양학부,,,True,True,True
한동대학교,단과대구분없음,창의융합교육원(공학),,,True,True,True
강원대학교,간호대학,간호학과,,,True,True,True
대진대학교,휴먼IT공과대학,기술경영공학과,,,True,True,True
창원대학교,미래융합대학,에너지융합공학과,,,True,True,True
세명대학교,IT엔지니어링대학,IoT융합시스템학과,,,True,True,True
한림대학교,산학협력특성화대학,건강돌봄디자인전공,,,True,True,True
한림대학교,산학협력특성화대학,6차산업비즈니스전공,,,True,True,True
한림대학교,산학협력특성화대학,지능형IoT전공,,,True,True,True
한양대학교,단과대구분없음,정보융합전공,,,True,True,True
한양대학교,단과대구분없음,응용시스템전공,,,True,True,True
한양대학교,단과대구분없음,산업융합학부,,,True,True,True
한양대학교,단과대구분없음,창의융합교육원(공학),,,True,True,True
한양대학교,단과대구분없음,창의융합교육원(인문사회),,,True,True,True
한양대학교,단과대구분없음,창의융합교육원(자연과학),,,True,True,True
한양대학교,단과대구분없음,창의융합교육원(예체능),,,True,True,True
세종대학교,대양휴머니티칼리지,대양휴머니티칼리지,,,True,True,True
호서대학교,더:함교양대학,창의교양학부,,,True,True,True
강남대학교,복지융합대학,회화ㆍ디자인학부,,,True,True,True
강남대학교,경영관리대학,행정학과,,,True,True,True
강남대학교,글로벌인재대학,철학과,,,True,True,True
강남대학교,글로벌인재대학,중국어문화학과,,,True,True,True
강남대학교,글로벌인재대학,중국실용지역학과,,,True,True,True
강남대학교,글로벌인재대학,영문학과,,,True,True,True
강남대학교,복지융합대학,실버산업학부,,,True,True,True
강남대학교,글로벌인재대학,신학과,,,True,True,True
강남대학교,복지융합대학,사회체육학과,,,True,True,True
강남대학교,경영관리대학,법학과,,,True,True,True
강남대학교,경영관리대학,국제통상학과,,,True,True,True
강남대학교,글로벌인재대학,국제지역학부,,,True,True,True
강남대학교,글로벌인재대학,국어국문학과,,,True,True,True
강남대학교,경영관리대학,경제학과,,,True,True,True
강남대학교,경영관리대학,경영학부,,,True,True,True
서울과학기술대학교,공과대학,철도시스템학과,,,True,True,True
서울과학기술대학교,공과대학,건축환경설비공학과,,,True,True,True
우석대학교,교양대학,교양대학,,,True,True,True
조선대학교,IT융합대학,제어계측로봇공학과,,,True,True,True
창원대학교,메카트로닉스대학,에너지융합공학과,,,True,True,True
조선대학교,미래사회융합대학,휴먼융합서비스학부,,,True,True,True
조선대학교,미래사회융합대학,ICT융합학부,,,True,True,True
대전대학교,사회과학대학,군사학과,,,True,True,True
한국폴리텍 III 대학 춘천캠퍼스,단과대구분없음,스마트 제품디자인과,,,True,True,True
한국폴리텍 특성화대학 반도체융합캠퍼스,단과대구분없음,기계시스템설계과,,,True,True,True
한국폴리텍 IV 대학 홍성캠퍼스,단과대구분없음,스마트자동화시스템과,,,True,True,True
우석대학교,과학기술대학,IT전자융합공학과,,,True,True,True
우석대학교,문화사회대학,광고홍보이벤트학과,,,True,True,True
우석대학교,과학기술대학,생명과학과,,,True,True,True
연세대학교(미래),과학기술대학,패키징학과,,,True,True,True
고려대학교(세종),문화스포츠대학,미디어문예창작전공,,,True,True,True
경북대학교,경상대학,경영학부 회계학전공,,,True,True,True
송원대학교,단과대구분없음,금융세무경영학과,,,True,True,True
인제대학교,사회과학대학,통일학부,,,True,True,True
인제대학교,보건의료융합대학,원자력응용공학부,,,True,True,True
인제대학교,단과대구분없음,기타모집단위,,,True,True,True
인제대학교,사회과학대학,소비자·가족학과,,,True,True,True
인제대학교,소프트웨어대학,컴퓨터시뮬레이션학과,,,True,True,True
인제대학교,소프트웨어대학,컴퓨터공학부,,,True,True,True
경남대학교,경영대학,회계학전공,,,True,True,True
경남대학교,경영대학,금융・보험학전공,,,True,True,True
경남대학교,경영대학,국제무역물류학과,,,True,True,True
경남대학교,경영대학,호텔경영학전공,,,True,True,True
경남대학교,경영대학,관광학부,,,True,True,True
경남대학교,경영대학,관광경영학전공,,,True,True,True
경남대학교,경영대학,경제금융학과,,,True,True,True
경남대학교,경영대학,경영학전공,,,True,True,True
경남대학교,경영대학,경영학부,,,True,True,True
경남대학교,경영대학,경영학과,,,True,True,True
경남대학교,경영대학,경영정보학과,,,True,True,True
강남대학교,경영관리대학,세무학과,,,True,True,True
강남대학교,경영관리대학,경제세무학과,,,True,True,True
세종대학교,경영대학,경영회계학과,,,True,True,True
세종대학교,경영대학,경영회계전공,,,True,True,True
서울사이버대학교,단과대구분없음,IT・디자인・예술계열,,,True,True,True
이화여자대학교,호크마교양대학,호크마교양대학,,,True,True,True
국민대학교,경영대학,회계학전공,,,True,True,True
국민대학교,경영대학,파이낸스보험경영학전공,,,True,True,True
국민대학교,경영대학,파이낸스·회계학부,,,True,True,True
국민대학교,경영대학,파이낸스보험경영학과,,,True,True,True
나사렛대학교,단과대구분없음,스포츠재활전공,,,True,True,True
나사렛대학교,단과대구분없음,글로벌비서학과,,,True,True,True
고려사이버대학교,단과대구분없음,문화예술경영학과,,,True,True,True
고려사이버대학교,단과대구분없음,세무ㆍ회계학과,,,True,True,True
영산대학교,창조문화융합대학,문화콘텐츠학부,,,True,True,True
경남과학기술대학교,상경대학,유통학과,,,True,True,True
경남과학기술대학교,생명과학대학,원예과학과,,,True,True,True
경남과학기술대학교,상경대학,경영학과,,,True,True,True
영산대학교,스마트공과대학,전기전자공학과,,,True,True,True
영산대학교,창조인재대학,디자인전공,,,True,True,True
영산대학교,창조인재대학,한국어통역전공,,,True,True,True
영산대학교,평생교육대학,부동산학과,,,True,True,True
영산대학교,창조문화융합대학,디자인학부,,,True,True,True
영산대학교,호텔관광대학,조리예술학부,,,True,True,True
영산대학교,호텔관광대학,호텔관광학부,,,True,True,True
한양사이버대학교,단과대구분없음,인사조직・전략벤처학과,,,True,True,True
한양사이버대학교,단과대구분없음,실버산업학과,,,True,True,True
순천향대학교,글로벌경영대학,금융경영학과,,,True,True,True
순천향대학교,글로벌경영대학,금융보험학과,,,True,True,True
순천향대학교,글로벌경영대학,IT금융경영학과,,,True,True,True
영산대학교,스마트공과대학,컴퓨터공학부,,,True,True,True
영산대학교,스마트공과대학,자동차공학부,,,True,True,True
영산대학교,스마트공과대학,스마트시티공학부,,,True,True,True
영산대학교,호텔관광대학,외식경영전공,,,True,True,True
영산대학교,호텔관광대학,호텔경영전공,,,True,True,True
영산대학교,호텔관광대학,서양조리전공,,,True,True,True
영산대학교,호텔관광대학,동양조리전공,,,True,True,True
순천향대학교,글로벌경영대학,회계학과,,,True,True,True
영산대학교,스마트공과대학,자동차공학전공,,,True,True,True
영산대학교,스마트공과대학,사이버보안전공,,,True,True,True
영산대학교,스마트공과대학,컴퓨터공학전공,,,True,True,True
가톨릭대학교,단과대구분없음,금융공학융복합전공,,,True,True,True
동의대학교,상경대학,회계학전공,,,True,True,True
동의대학교,상경대학,금융보험학전공,,,True,True,True
동의대학교,상경대학,경제・금융보험・재무부동산학부,,,True,True,True
영산대학교,스마트공과대학,건축공학전공,,,True,True,True
영산대학교,스마트공과대학,지능로봇공학전공,,,True,True,True
영산대학교,스마트공과대학,드론교통공학전공,,,True,True,True
영산대학교,스마트공과대학,기계설계전공,,,True,True,True
세명대학교,사회과학대학,회계학과,,,True,True,True
가톨릭대학교,단과대구분없음,회계학전공,,,True,True,True
신라대학교,상경대학,세무회계학전공,,,True,True,True
신라대학교,상경대학,세무회계학과,,,True,True,True
신라대학교,상경대학,세무학전공,,,True,True,True
신라대학교,경영대학,세무회계학과,,,True,True,True
신라대학교,경영대학,회계세무학과,,,True,True,True
한국열린사이버대학교,인문사회대학,국방상담리더십학과,,,True,True,True
경남대학교,건강과학대학,식품영양생명학부,,,True,True,True
순천향대학교,산학평생대학,메카트로닉스공학과,,,True,True,True
경상국립대학교,경영대학,회계학과,,,True,True,True
한국외국어대학교,단과대구분없음,KFL전공,,,True,True,True
건국대학교(글로컬),의료생명대학,바이오생명공학전공,,,True,True,True
건국대학교(글로컬),인문사회융합대학,신문방송학전공,,,True,True,True
원광대학교,농식품융합대학,원예산업학부,,,True,True,True
건국대학교(글로컬),인문사회융합대학,유아교육과,,,True,True,True
건국대학교(글로컬),인문사회융합대학,문헌정보학과,,,True,True,True
건국대학교(글로컬),의료생명대학,사회복지학과,,,True,True,True
건국대학교(글로컬),의료생명대학,식품학전공,,,True,True,True
건국대학교(글로컬),과학기술대학,소프트웨어전공,,,True,True,True
건국대학교(글로컬),과학기술대학,기계전자전공,,,True,True,True
건국대학교(글로컬),의료생명대학,스포츠건강학전공,,,True,True,True
건국대학교(글로컬),의료생명대학,골프산업전공,,,True,True,True
서울여자대학교,단과대구분없음,스마트농업공학전공,,,True,True,True
한국외국어대학교,서양어대학,프랑스·EU전공,,,True,True,True
한국외국어대학교,서양어대학,FATI전공,,,True,True,True
한국외국어대학교,서양어대학,프랑스응용어문학전공,,,True,True,True
건국대학교(글로컬),인문사회융합대학,교직과,,,True,True,True
건국대학교(글로컬),인문사회융합대학,경찰학과,,,True,True,True
건국대학교(글로컬),인문사회융합대학,영어문화학전공,,,True,True,True
건국대학교(글로컬),디자인대학,조형예술학과,,,True,True,True
강원대학교,공과대학,기계의용·메카트로닉스·재료공학부,,,True,True,True
대전대학교,보건의료과학대학,뷰티건강관리학과,,,True,True,True
대전대학교,경영대학,회계학과,,,True,True,True
대구대학교,인문교양대학,한국어문학과,,,True,True,True
강서대학교,단과대구분없음,경영학부(세무회계학전공),,,True,True,True
경남대학교,공과대학,환경에너지공학과,,,True,True,True
전주대학교,문화융합대학,게임콘텐츠학과,,,True,True,True
전주대학교,경영대학,금융경영전공,,,True,True,True
전주대학교,경영대학,종합파이낸스전공,,,True,True,True
전주대학교,경영대학,금융보험부동산학부,,,True,True,True
전주대학교,사회과학대학,경찰학과,,,True,True,True
전주대학교,문화융합대학,영화방송학과,,,True,True,True
전주대학교,문화융합대학,공연방송연기학과,,,True,True,True
전주대학교,경영대학,회계세무전공,,,True,True,True
전주대학교,경영대학,회계세무학과,,,True,True,True
전주대학교,경영대학,금융보험학과,,,True,True,True
전주대학교,경영대학,금융보험학전공,,,True,True,True
원광대학교,융합교양대학,자연융합학부,,,True,True,True
원광대학교,융합교양대학,인문융합학부,,,True,True,True
원광대학교,자연과학대학,응용수학부,,,True,True,True
원광대학교,자연과학대학,빅데이터･금융통계학부,,,True,True,True
경남대학교,공과대학,기계융합공학과,,,True,True,True
경남대학교,건강과학대학,식품영양학전공,,,True,True,True
경남대학교,교양융합대학,자유전공학부,,,True,True,True
용인대학교,무도대학,무도스포츠산업학과,,,True,True,True
용인대학교,경영행정대학,뷰티케어학과,,,True,True,True
나사렛대학교,단과대구분없음,인간재활학전공,,,True,True,True
영산대학교,창조인재대학,글로벌패션연출전공,,,True,True,True
경기대학교,휴먼인재융합대학,한국화·서예학과,,,True,True,True
가톨릭관동대학교,미디어예술대학,방송연예전공,,,True,True,True
가톨릭관동대학교,항공대학,항공운항학과,,,True,True,True
가톨릭관동대학교,항공대학,항공경영학과,,,True,True,True
가톨릭관동대학교,미디어예술대학,광고홍보전공,,,True,True,True
가톨릭관동대학교,미디어예술대학,실용음악전공,,,True,True,True
가톨릭관동대학교,미디어예술대학,뷰티디자인전공,,,True,True,True
가톨릭관동대학교,관광스포츠대학,경기지도학전공,,,True,True,True
가톨릭관동대학교,사회과학대학,공공행정학전공,,,True,True,True
경기대학교,융합과학대학,바이오융합학부,,,True,True,True
가톨릭관동대학교,사회과학대학,경찰행정학전공,,,True,True,True
경남대학교,건강과학대학,식품생명학전공,,,True,True,True
가야대학교(김해),단과대구분없음,스포츠재활복지학과,,,True,True,True
가야대학교(김해),단과대구분없음,항만물류학과,,,True,True,True
영남대학교,경영대학,회계세무학과,,,True,True,True
한국기술교육대학교,단과대구분없음,융합학과,,,True,True,True
숭실대학교,경영대학,회계학과,,,True,True,True
숭실대학교,경영대학,금융학부,,,True,True,True
경기대학교,지식정보서비스대학,휴먼서비스학부,,,True,True,True
경기대학교,휴먼인재융합대학,글로벌어문학부,,,True,True,True
경기대학교,지식정보서비스대학,경제학부,,,True,True,True
세종사이버대학교,단과대구분없음,예술치료학과,,,True,True,True
세종사이버대학교,단과대구분없음,자기설계융합전공,,,True,True,True
세종사이버대학교,단과대구분없음,바리스타・소믈리에학과,,,True,True,True
세종사이버대학교,단과대구분없음,아동학과,,,True,True,True
세종사이버대학교,단과대구분없음,게임엔터테인먼트학과,,,True,True,True
세종사이버대학교,단과대구분없음,국제학과(영어・중국어),,,True,True,True
세종사이버대학교,단과대구분없음,금융자산관리학과,,,True,True,True
계명대학교,경영대학,회계학전공,,,True,True,True
계명대학교,경영대학,세무학전공,,,True,True,True
을지대학교,바이오융합대학,아동학과,,,True,True,True
경남대학교,건강과학대학,외식프랜차이즈학과,,,True,True,True
경남대학교,공과대학,소프트웨어전공,,,True,True,True
상지대학교,경상대학,회계학과,,,True,True,True
중앙대학교,예술대학,글로벌예술학부(게임콘텐츠・애니메이션전공),,,True,True,True
중앙대학교,예술대학,글로벌예술학부(TV방송연예전공),,,True,True,True
중앙대학교,예술대학,글로벌예술학부(실용음악전공),,,True,True,True
동명대학교,공과대학,자동화설계전공,,,True,True,True
동명대학교,공과대학,자율제어전공,,,True,True,True
동명대학교,공과대학,메카트로닉스공학부,,,True,True,True
숭실대학교,공과대학,기계공학부,,,True,True,True
경희대학교,문과대학,영어영문학과,,,True,True,True
경희대학교,문과대학,응용영어통번역학과,,,True,True,True
대구대학교,미래융합대학,ICT융복합학과,,,True,True,True
대구대학교,미래융합대학,특수재활교육학과,,,True,True,True
대구대학교,미래융합대학,실버복지상담학과,,,True,True,True
한라대학교,인문기초융합대학,지식재산융합전공,,,True,True,True
한라대학교,인문기초융합대학,벤처창업학전공,,,True,True,True
한라대학교,인문기초융합대학,의료기기융합전공,,,True,True,True
한라대학교,인문기초융합대학,융합교육학부,,,True,True,True
한라대학교,공과대학,기계시스템디자인전공,,,True,True,True
한라대학교,경영사회대학,뷰티헬스학과,,,True,True,True
한라대학교,공과대학,정보통신소프트웨어학과,,,True,True,True
가톨릭관동대학교,미디어예술대학,CG디자인전공,,,True,True,True
가톨릭관동대학교,항공대학,항공정비학과,,,True,True,True
가톨릭관동대학교,공과대학,바이오융합공학과,,,True,True,True
가톨릭관동대학교,미디어예술대학,콘텐츠제작전공,,,True,True,True
연세대학교,언더우드국제대학,계량위험관리전공,,,True,True,True
남서울대학교,글로벌상경대학,세무부동산학과,,,True,True,True
세종대학교,사회과학대학,미디어커뮤니케이션학과,,,True,True,True
을지대학교,바이오융합대학,운동처방학과,,,True,True,True
강원대학교,산림환경과학대학,산림소재공학전공,,,True,True,True
강원대학교,문화예술대학,스포츠과학과,,,True,True,True
한국해양대학교,해양과학기술대학,조선해양플랜트융합학과,,,True,True,True
서원대학교,BIT융합대학,식품공학전공,,,True,True,True
서원대학교,글로벌경영대학,중국어전공,,,True,True,True
서원대학교,글로벌경영대학,무역학전공,,,True,True,True
서원대학교,글로벌경영대학,경영정보학전공,,,True,True,True
서원대학교,글로벌경영대학,경영학전공,,,True,True,True
가톨릭관동대학교,항공대학,무인항공학과,,,True,True,True
가톨릭관동대학교,항공대학,항공운항서비스학과,,,True,True,True
가톨릭관동대학교,사회과학대학,치매전문재활전공,,,True,True,True
전남대학교,문화사회과학대학,국제학부(영어학전공),,,True,True,True
전남대학교,문화사회과학대학,국제학부(일본학전공),,,True,True,True
전남대학교,문화사회과학대학,국제학부(중국학전공),,,True,True,True
광운대학교,소프트웨어융합대학,정보공학전공,,,True,True,True
광운대학교,소프트웨어융합대학,컴퓨터공학전공,,,True,True,True
광운대학교,소프트웨어융합대학,응용소프트웨어전공,,,True,True,True
광운대학교,소프트웨어융합대학,시스템소프트웨어전공,,,True,True,True
광운대학교,소프트웨어융합대학,콘텐츠테크놀로지전공,,,True,True,True
광운대학교,소프트웨어융합대학,데이터사이언스전공,,,True,True,True
대진대학교,공공인재대학,휴먼케어평생교육학과,,,True,True,True
대진대학교,휴먼IT공과대학,섬유패션콘텐츠학과,,,True,True,True
대진대학교,공공인재대학,사회복지보육학과,,,True,True,True
대구대학교,단과대구분없음,DU인재법학부,,,True,True,True
대구대학교,공과대학,도시·조경학부(도시계획공학전공),,,True,True,True
대구대학교,미래융합대학,6차산업학과,,,True,True,True
대구대학교,미래융합대학,자산관리창업학과,,,True,True,True
대구대학교,미래융합대학,평생교육학과,,,True,True,True
대구대학교,조형예술대학,융합예술학부(생활조형디자인학전공),,,True,True,True
대구대학교,조형예술대학,융합예술학부(영상애니메이션디자인학전공),,,True,True,True
대구대학교,조형예술대학,융합예술학부(현대미술전공),,,True,True,True
대구대학교,공과대학,도시·조경학부(조경학전공),,,True,True,True
대구대학교,공과대학,기계공학부(기계공학전공),,,True,True,True
대구대학교,과학생명융합대학,생명환경학부(원예학전공),,,True,True,True
남서울대학교,공과대학,컴퓨터소프트웨어학과,,,True,True,True
대구대학교,과학생명융합대학,생명환경학부,,,True,True,True
대구대학교,과학생명융합대학,생명환경학부(바이오산업학전공),,,True,True,True
대구대학교,과학생명융합대학,산림자원학과,,,True,True,True
대구대학교,과학생명융합대학,동물자원학과,,,True,True,True
대구대학교,과학생명융합대학,생명과학과,,,True,True,True
대구대학교,과학생명융합대학,화학・응용화학과,,,True,True,True
대구대학교,과학생명융합대학,수리빅데이터학부(통계·빅데이터전공),,,True,True,True
대구대학교,과학생명융합대학,수리빅데이터학부(수학전공),,,True,True,True
대구대학교,인문교양대학,창조융합학부,,,True,True,True
대구대학교,인문교양대학,스포츠레저학과,,,True,True,True
대구대학교,인문교양대학,체육학과,,,True,True,True
대구대학교,인문교양대학,불어불문학과,,,True,True,True
대구대학교,인문교양대학,영어영문학과,,,True,True,True
대구대학교,인문교양대학,일본어일본학과,,,True,True,True
대구대학교,인문교양대학,중국어중국학과,,,True,True,True
위덕대학교,단과대구분없음,글로벌비즈니스학과,,,True,True,True
위덕대학교,단과대구분없음,경찰정보보안학과,,,True,True,True
위덕대학교,단과대구분없음,IT융합학과,,,True,True,True
금강대학교,단과대구분없음,회계학과,,,True,True,True
한국열린사이버대학교,인문사회대학,금융자산관리학과,,,True,True,True
동의대학교,상경대학,금융보험학과,,,True,True,True
동의대학교,상경대학,회계학과,,,True,True,True
동의대학교,상경대학,재무부동산학과,,,True,True,True
경희대학교,경영대학,회계・세무학과,,,True,True,True
위덕대학교,단과대구분없음,언어청각치료학과,,,True,True,True
서원대학교,글로벌경영대학,회계학과,,,True,True,True
경희대학교,소프트웨어융합대학,컴퓨터공학과,,,True,True,True
경희대학교,소프트웨어융합대학,소프트웨어융합학과,,,True,True,True
동서대학교,단과대구분없음,회계정보학전공,,,True,True,True
가톨릭관동대학교,의료융합대학,임상병리학과,,,True,True,True
동서대학교,단과대구분없음,금융선물보험학전공,,,True,True,True
경남과학기술대학교,상경대학,회계정보학과,,,True,True,True
경희대학교,경영대학,회계・세무학부,,,True,True,True
중부대학교,단과대구분없음,인테리어학과,,,True,True,True
중부대학교,단과대구분없음,뮤지컬.음악학과,,,True,True,True
중부대학교,단과대구분없음,중국학과,,,True,True,True
중부대학교,단과대구분없음,사회복지학과,,,True,True,True
중부대학교,단과대구분없음,영어과,,,True,True,True
중부대학교,단과대구분없음,방송영상학과,,,True,True,True
중부대학교,단과대구분없음,물류유통관리학과,,,True,True,True
중부대학교,단과대구분없음,도시행정학과,,,True,True,True
중부대학교,단과대구분없음,노인복지학과,,,True,True,True
중부대학교,단과대구분없음,광고홍보학과,,,True,True,True
중부대학교,단과대구분없음,환경조경학과,,,True,True,True
중부대학교,단과대구분없음,호텔외식산업학과,,,True,True,True
중부대학교,단과대구분없음,호텔경영학과,,,True,True,True
중부대학교,단과대구분없음,애완동물자원학과,,,True,True,True
중부대학교,단과대구분없음,식품영양학과,,,True,True,True
중부대학교,단과대구분없음,사회체육학과,,,True,True,True
중부대학교,단과대구분없음,관광경영학과,,,True,True,True
중부대학교,단과대구분없음,골프지도학과,,,True,True,True
중부대학교,단과대구분없음,컴퓨터학과,,,True,True,True
중부대학교,단과대구분없음,게임학과,,,True,True,True
중부대학교,단과대구분없음,건축디자인학과,,,True,True,True
중부대학교,단과대구분없음,건축공학과,,,True,True,True
중부대학교,단과대구분없음,화장품과학과,,,True,True,True
중부대학교,단과대구분없음,한방건강관리학과,,,True,True,True
중부대학교,단과대구분없음,식품생명과학과,,,True,True,True
중부대학교,단과대구분없음,보건복지학부,,,True,True,True
중부대학교,단과대구분없음,중등특수교육과,,,True,True,True
중부대학교,단과대구분없음,초등특수교육과,,,True,True,True
중부대학교,단과대구분없음,특수체육교육과,,,True,True,True
중부대학교,단과대구분없음,한국어학전공,,,True,True,True
중부대학교,단과대구분없음,만화애니메이션학전공,,,True,True,True
중부대학교,단과대구분없음,사진영상학전공,,,True,True,True
중부대학교,단과대구분없음,실용음악학전공,,,True,True,True
중부대학교,단과대구분없음,토탈패션산업학과,,,True,True,True
중부대학교,단과대구분없음,대중음악전공,,,True,True,True
경상국립대학교,공과대학,건축도시토목공학부(건축공학전공),,,True,True,True
경상국립대학교,공과대학,건축도시토목공학부(도시공학전공),,,True,True,True
경상국립대학교,공과대학,건축도시토목공학부(토목공학전공),,,True,True,True
중부대학교,단과대구분없음,연극영화학전공,,,True,True,True
중부대학교,단과대구분없음,패션디자인학과,,,True,True,True
중부대학교,단과대구분없음,신문방송학전공,,,True,True,True
중부대학교,단과대구분없음,복지학부,,,True,True,True
중부대학교,단과대구분없음,문헌정보학전공,,,True,True,True
중부대학교,단과대구분없음,국제통상학과,,,True,True,True
중부대학교,단과대구분없음,경영학과,,,True,True,True
중부대학교,단과대구분없음,항공•호텔관광학부,,,True,True,True
중부대학교,단과대구분없음,물리치료학과,,,True,True,True
중부대학교,단과대구분없음,토목공학과,,,True,True,True
중부대학교,단과대구분없음,출판미디어공학과,,,True,True,True
중부대학교,단과대구분없음,정보통신학과,,,True,True,True
중부대학교,단과대구분없음,정보보호학과,,,True,True,True
중부대학교,단과대구분없음,전기전자공학과,,,True,True,True
중부대학교,단과대구분없음,자동차관리학과,,,True,True,True
중부대학교,단과대구분없음,유아특수교육과,,,True,True,True
성공회대학교,단과대구분없음,미디어컨텐츠융합자율학부,,,True,True,True
성공회대학교,단과대구분없음,사회융합자율학부,,,True,True,True
성공회대학교,단과대구분없음,인문융합자율학부,,,True,True,True
성공회대학교,단과대구분없음,IT융합자율학부,,,True,True,True
서원대학교,글로벌경영대학,영어전공,,,True,True,True
동서대학교,단과대구분없음,글로벌금융전공,,,True,True,True
중부대학교,단과대구분없음,유아교육과,,,True,True,True
중부대학교,단과대구분없음,경찰법학전공,,,True,True,True
중부대학교,단과대구분없음,경찰행정학전공,,,True,True,True
중부대학교,단과대구분없음,레저힐링학부,,,True,True,True
중부대학교,단과대구분없음,간호학과,,,True,True,True
중부대학교,단과대구분없음,엔터테인먼트전공,,,True,True,True
중부대학교,단과대구분없음,산업디자인학전공,,,True,True,True
중부대학교,단과대구분없음,보건행정학과,,,True,True,True
중부대학교,단과대구분없음,항공서비스학전공,,,True,True,True
중부대학교,단과대구분없음,경호보안학전공,,,True,True,True
중부대학교,단과대구분없음,게임소프트웨어학과,,,True,True,True
중부대학교,단과대구분없음,건축학과,,,True,True,True
중부대학교,단과대구분없음,뷰티산업학부,,,True,True,True
중부대학교,단과대구분없음,바이오융합학부,,,True,True,True
한양사이버대학교,단과대구분없음,재무·회계·세무학과,,,True,True,True
국제사이버대학교,단과대구분없음,상담학부,,,True,True,True
동아대학교,사회과학대학,금융학과,,,True,True,True
인천대학교,경영대학,세무회계학과,,,True,True,True
군산대학교,해양과학대학,식품생명과학부,,,True,True,True
군산대학교,해양과학대학,해양산업·운송과학기술학부(마린엔지니어링전공),,,True,True,True
군산대학교,해양과학대학,해양산업·운송과학기술학부(해양생산시스템전공),,,True,True,True
군산대학교,해양과학대학,식품생명과학부(식품생명공학전공),,,True,True,True
군산대학교,해양과학대학,식품생명과학부(식품영양학전공),,,True,True,True
군산대학교,해양과학대학,해양생명응용과학부(해양생명의학전공),,,True,True,True
군산대학교,사회과학대학,경영학과,,,True,True,True
군산대학교,사회과학대학,회계학과,,,True,True,True
동신대학교,사회문화대학,생활체육학과,,,True,True,True
동신대학교,사회문화대학,뮤지컬ㆍ실용음악학과,,,True,True,True
동신대학교,사회문화대학,도시계획학과,,,True,True,True
동신대학교,사회문화대학,관광경영학과,,,True,True,True
동신대학교,사회문화대학,공연전시기획학과,,,True,True,True
동신대학교,사회문화대학,한국어교원학전공,,,True,True,True
동신대학교,사회문화대학,중국어학전공,,,True,True,True
동신대학교,사회문화대학,유아교육학과,,,True,True,True
동신대학교,사회문화대학,아동영어교육학전공,,,True,True,True
동신대학교,사회문화대학,소방행정학과,,,True,True,True
동신대학교,사회문화대학,관광일본어학전공,,,True,True,True
동신대학교,사회문화대학,경찰행정학과,,,True,True,True
동신대학교,사회문화대학,군사학과,,,True,True,True
한밭대학교,경상대학,협동조합금융학과,,,True,True,True
한밭대학교(산업대),경상대학,회계학과,,,True,True,True
한밭대학교(산업대),경상대학,회계학전공,,,True,True,True
한밭대학교(산업대),경상대학,협동조합금융학과,,,True,True,True
남서울대학교,글로벌상경대학,세무학과,,,True,True,True
남서울대학교,글로벌상경대학,부동산학과,,,True,True,True
남서울대학교,글로벌상경대학,글로벌무역학과,,,True,True,True
남서울대학교,공과대학,공간정보공학과,,,True,True,True
대구대학교,단과대구분없음,공직법학전공,,,True,True,True
대구대학교,단과대구분없음,법학전공,,,True,True,True
남서울대학교,단과대구분없음,세무학과,,,True,True,True
한밭대학교,미래산업융합대학,협동조합금융학과,,,True,True,True
한밭대학교,경상대학,경영회계학과,,,True,True,True
경남대학교,공과대학,정보보안전공,,,True,True,True
우송대학교,단과대구분없음,매니지먼트학부 금융•세무경영전공,,,True,True,True
동신대학교,사회문화대학,호텔경영학과,,,True,True,True
동신대학교,사회문화대학,항공서비스학과,,,True,True,True
가톨릭관동대학교,의료융합대학,안경광학과,,,True,True,True
한국폴리텍 VII 대학 창원캠퍼스,단과대구분없음,스마트전기과,,,True,True,True
한국폴리텍 VII 대학 창원캠퍼스,단과대구분없음,스마트전자과,,,True,True,True
대구대학교,경상대학,금융보험학과,,,True,True,True
대구대학교,경상대학,회계학과,,,True,True,True
대구대학교,경상대학,회계・세무학부(세무학전공),,,True,True,True
대구대학교,경상대학,회계・세무학부,,,True,True,True
부산대학교,상과대학,회계학전공,,,True,True,True
우송대학교,단과대구분없음,매니지먼트학부 경영학전공,,,True,True,True
건양대학교,의료공과대학,제약공학과,,,True,True,True
서원대학교,글로벌경영대학,회계학전공,,,True,True,True
건양대학교,의료공과대학,화공생명학과,,,True,True,True
건양대학교,의료공과대학,식품생명공학과,,,True,True,True
건양대학교,의료공과대학,제약생명공학과,,,True,True,True
건양대학교,글로벌경영대학,금융학과,,,True,True,True
건양대학교,글로벌경영대학,금융ㆍ국제학과,,,True,True,True
건양대학교,글로벌경영대학,마케팅비즈니스학과,,,True,True,True
건양대학교,글로벌경영대학,글로벌호텔관광학과,,,True,True,True
건양대학교,글로벌경영대학,글로벌경영학과,,,True,True,True
강원대학교,농업생명과학대학,바이오산업공학부,,,True,True,True
강원대학교,IT대학,전기전자공학과,,,True,True,True
동아대학교,경영대학,지식서비스경영학과,,,True,True,True
경기대학교,관광문화대학,전자디지털음악학과,,,True,True,True
경기대학교,관광문화대학,연기학과,,,True,True,True
경기대학교,관광문화대학,애니메이션영상학과,,,True,True,True
경기대학교,관광문화대학,미디어영상학과,,,True,True,True
경기대학교,관광문화대학,호텔경영학과,,,True,True,True
경기대학교,관광문화대학,외식조리학과,,,True,True,True
경기대학교,관광문화대학,관광이벤트학과,,,True,True,True
경기대학교,관광문화대학,관광경영학과,,,True,True,True
경기대학교,관광문화대학,관광개발학과,,,True,True,True
경기대학교,창의공과대학,신소재공학과,,,True,True,True
경기대학교,융합과학대학,컴퓨터공학부,,,True,True,True
경기대학교,지식정보서비스대학,지식재산학과,,,True,True,True
경기대학교,융합과학대학,전자물리학과,,,True,True,True
경기대학교,지식정보서비스대학,무역학과,,,True,True,True
경기대학교,지식정보서비스대학,경영학과,,,True,True,True
경기대학교,휴먼인재융합대학,체육학과,,,True,True,True
경기대학교,휴먼인재융합대학,입체조형학과,,,True,True,True
경기대학교,휴먼인재융합대학,서양화·미술경영학과,,,True,True,True
경기대학교,융합과학대학,화학과,,,True,True,True
건국대학교(글로컬),인문사회융합대학,문화콘텐츠학부,,,True,True,True
경기대학교,지식정보서비스대학,회계세무・경영정보학부,,,True,True,True
중부대학교,단과대구분없음,전기전자자동차공학부,,,True,True,True
인하대학교,경영대학,글로벌금융학과,,,True,True,True
인하대학교,문과대학,문화콘텐츠문화경영학과,,,True,True,True
인하대학교,단과대구분없음,디자인융합학과,,,True,True,True
인하대학교,미래융합대학,산업경영학과,,,True,True,True
인하대학교,미래융합대학,소프트웨어융합공학과,,,True,True,True
서원대학교,글로벌경영대학,경영학부,,,True,True,True
서원대학교,글로벌경영대학,국제학부,,,True,True,True
디지털서울문화예술대학교,단과대구분없음,항공정비학과,,,True,True,True
상명대학교,융합공과대학,미디어소프트웨어학과,,,True,True,True
상명대학교,융합공과대학,컴퓨터과학전공,,,True,True,True
상명대학교,융합공과대학,정보보안전공,,,True,True,True
강원대학교,공과대학,건축·토목·환경공학부,,,True,True,True
한서대학교,Hans 국제항공대학,공항행정학과,,,True,True,True
서원대학교,BIT융합대학,제약식품공학부,,,True,True,True
서원대학교,BIT융합대학,제약공학전공,,,True,True,True
한밭대학교,미래산업융합대학,전기시스템공학과,,,True,True,True
한밭대학교,미래산업융합대학,창업비즈니스학과,,,True,True,True
한밭대학교,미래산업융합대학,자산관리학과,,,True,True,True
중부대학교,단과대구분없음,소프트웨어공학부,,,True,True,True
중부대학교,단과대구분없음,건축토목공학부,,,True,True,True
한서대학교,단과대구분없음,바이오식품의과학과,,,True,True,True
한서대학교,Hans 국제항공대학,인프라시스템학과,,,True,True,True
한서대학교,단과대구분없음,해양바이오산업학과,,,True,True,True
한서대학교,단과대구분없음,디자인융합학과,,,True,True,True
상명대학교,융합공과대학,전기전자제어학과,,,True,True,True
상명대학교,융합공과대학,사진영상콘텐츠학과,,,True,True,True
상명대학교,융합공과대학,뮤직테크놀로지학과,,,True,True,True
상명대학교,융합공과대학,게임학과,,,True,True,True
상명대학교,융합공과대학,생명화학공학부 화공신소재학과,,,True,True,True
상명대학교,융합공과대학,생명화학공학부 화학에너지공학과,,,True,True,True
상명대학교,융합공과대학,생명화학공학부 생명공학과,,,True,True,True
상명대학교,융합공과대학,전기전자컴퓨터학부 컴퓨터과학과,,,True,True,True
상명대학교,융합공과대학,전기전자컴퓨터학부 융합전자공학과,,,True,True,True
상명대학교,융합공과대학,전기전자컴퓨터학부 전기공학과,,,True,True,True
상명대학교,융합공과대학,지능정보공학부 휴먼지능정보공학과,,,True,True,True
상명대학교,문화예술대학,호텔외식경영학과,,,True,True,True
상명대학교,문화예술대학,음악예술경영학과,,,True,True,True
상명대학교,문화예술대학,웨딩산업학과,,,True,True,True
상명대학교,문화예술대학,웨딩비즈니스학과,,,True,True,True
상명대학교,문화예술대학,외식유통경영학과,,,True,True,True
상명대학교,문화예술대학,음악학부,,,True,True,True
상명대학교,문화예술대학,스포츠・무용학부 무용예술학과,,,True,True,True
상명대학교,문화예술대학,스포츠・무용학부 스포츠건강관리학과,,,True,True,True
상명대학교,문화예술대학,외식영양・의류학부 의류학과,,,True,True,True
상명대학교,문화예술대학,미술학부 조형예술학과,,,True,True,True
상명대학교,문화예술대학,미술학부 생활예술학과,,,True,True,True
상명대학교,경영경제대학,휴먼서비스경영학과,,,True,True,True
상명대학교,경영경제대학,중소기업경영학과,,,True,True,True
상명대학교,경영경제대학,산업경영학과,,,True,True,True
상명대학교,경영경제대학,뷰티예술경영학과,,,True,True,True
상명대학교,경영경제대학,기술경영공학과,,,True,True,True
상명대학교,경영경제대학,관광서비스경영학과,,,True,True,True
상명대학교,경영경제대학,글로벌경영학과,,,True,True,True
상명대학교,경영경제대학,경제금융학부,,,True,True,True
상명대학교,경영경제대학,경영학부,,,True,True,True
수원대학교,경상대학,회계학과,,,True,True,True
수원대학교,경상대학,회계학,,,True,True,True
수원대학교,경상대학,회계,,,True,True,True
서울디지털대학교,단과대구분없음,세무회계학과,,,True,True,True
가톨릭관동대학교,미디어예술대학,미디어콘텐츠학부,,,True,True,True
가톨릭관동대학교,사회과학대학,경찰.공공행정학부,,,True,True,True
가톨릭관동대학교,미디어예술대학,공연예술학부,,,True,True,True
가톨릭관동대학교,사회과학대학,휴먼재활서비스학부,,,True,True,True
성결대학교,사회과학대학,사회복지학과,,,True,True,True
강원대학교,동물생명과학대학,동물응용과학과,,,True,True,True
강원대학교,동물생명과학대학,동물산업융합학과,,,True,True,True
동명대학교,공과대학,지능기계전공,,,True,True,True
강원대학교,IT대학,전자공학과,,,True,True,True
한국국제대학교,예술체육대학,실용음악학과,,,True,True,True
한국국제대학교,의료보건대학,보건행정학과,,,True,True,True
동명대학교,경영대학,금융・회계학과,,,True,True,True
동서대학교,단과대구분없음,생명화학공학전공,,,True,True,True
동국대학교,경영대학,회계학전공,,,True,True,True
동국대학교,경영대학,회계학과,,,True,True,True
한국해양대학교,해사대학,해양경찰학과,,,True,True,True
동서대학교,단과대구분없음,신소재화학공학전공,,,True,True,True
배재대학교,서재필대학,글로벌공공인재학부,,,True,True,True
동국대학교,미래융합대학,사회복지상담학과,,,True,True,True
동국대학교,미래융합대학,글로벌무역학과,,,True,True,True
대구한의대학교,국제문화정보대학,세무회계전공,,,True,True,True
대구한의대학교,단과대구분없음,자산운용과학과,,,True,True,True
대구한의대학교,웰빙복지대학,자산운용학과,,,True,True,True
동국대학교(WISE),경영ㆍ관광대학,회계학전공,,,True,True,True
아주대학교,경영대학,금융공학과,,,True,True,True
대구한의대학교,웰니스융합대학,한약개발학전공,,,True,True,True
동국대학교,사회과학대학,국제통상학과,,,True,True,True
동국대학교,문과대학,일본학과,,,True,True,True
경기대학교,창의공과대학,건축공학과,,,True,True,True
경기대학교,창의공과대학,환경에너지공학과,,,True,True,True
경기대학교,창의공과대학,화학공학과,,,True,True,True
경기대학교,창의공과대학,토목공학과,,,True,True,True
경기대학교,창의공과대학,전자공학과,,,True,True,True
경기대학교,창의공과대학,산업경영공학과,,,True,True,True
경기대학교,창의공과대학,건축학과,,,True,True,True
경기대학교,창의공과대학,도시・교통공학과,,,True,True,True
경기대학교,창의공과대학,기계시스템공학과,,,True,True,True
경기대학교,융합과학대학,수학과,,,True,True,True
경기대학교,지식정보서비스대학,국제산업정보학과,,,True,True,True
경기대학교,지식정보서비스대학,국제관계학과,,,True,True,True
경기대학교,지식정보서비스대학,경찰행정학과,,,True,True,True
경기대학교,지식정보서비스대학,행정학과,,,True,True,True
경기대학교,지식정보서비스대학,법학과,,,True,True,True
경기대학교,휴먼인재융합대학,문예창작학과,,,True,True,True
경기대학교,휴먼인재융합대학,사학과,,,True,True,True
경기대학교,휴먼인재융합대학,중어중문학과,,,True,True,True
경기대학교,휴먼인재융합대학,영어영문학과,,,True,True,True
경기대학교,휴먼인재융합대학,국어국문학과,,,True,True,True
경기대학교,지식정보서비스대학,응용통계전공,,,True,True,True
경기대학교,휴먼인재융합대학,유아교육과,,,True,True,True
경기대학교,휴먼인재융합대학,문헌정보학과,,,True,True,True
수원대학교,ICT융합대학,컴퓨터학부,,,True,True,True
수원대학교,ICT융합대학,정보통신학부,,,True,True,True
수원대학교,ICT융합대학,컴퓨터SW,,,True,True,True
수원대학교,ICT융합대학,정보통신,,,True,True,True
수원대학교,ICT융합대학,정보보호,,,True,True,True
수원대학교,ICT융합대학,미디어SW,,,True,True,True
수원대학교,ICT융합대학,데이터과학부,,,True,True,True
강원대학교,공과대학,에너지자원·산업공학부,,,True,True,True
우송대학교,단과대구분없음,글로벌복수학위학과,,,True,True,True
우송대학교,단과대구분없음,Endicott 자유전공학부,,,True,True,True
상명대학교,글로벌인문학부대학,중국어권지역학전공,,,True,True,True
상명대학교,글로벌인문학부대학,독일어권지역학전공,,,True,True,True
상명대학교,글로벌인문학부대학,러시아어권지역학전공,,,True,True,True
상명대학교,글로벌인문학부대학,프랑스어권지역학전공,,,True,True,True
상명대학교,글로벌인문학부대학,영어권지역학전공,,,True,True,True
상명대학교,글로벌인문학부대학,일본어권지역학전공,,,True,True,True
상명대학교,융합기술대학,보험경영학과,,,True,True,True
연세대학교,언더우드국제대학,바이오융합전공,,,True,True,True
연세대학교,생활과학대학,아동・가족학과,,,True,True,True
중부대학교,단과대구분없음,뷰티케어전공,,,True,True,True
중부대학교,단과대구분없음,한방보건제약학전공,,,True,True,True
중부대학교,단과대구분없음,항공관광학부,,,True,True,True
중부대학교,단과대구분없음,글로벌비즈니스학부,,,True,True,True
연세대학교,생활과학대학,실내건축학과,,,True,True,True
연세대학교,언더우드국제대학,창의기술경영전공,,,True,True,True
연세대학교,언더우드국제대학,언더우드 생명과학공학전공,,,True,True,True
연세대학교,언더우드국제대학,언더우드 비교문학과문화전공,,,True,True,True
연세대학교,언더우드국제대학,문화디자인경영전공,,,True,True,True
연세대학교,공과대학,컴퓨터과학과,,,True,True,True
연세대학교,공과대학,건축학(5년제),,,True,True,True
연세대학교,공과대학,건축공학(4년제),,,True,True,True
상명대학교,융합기술대학,금융경영학과,,,True,True,True
상명대학교,융합기술대학,글로벌금융경영학과,,,True,True,True
연세대학교,생활과학대학,생활디자인학과,,,True,True,True
연세대학교,교육과학대학,교육학부,,,True,True,True
연세대학교,교육과학대학,체육교육학과,,,True,True,True
연세대학교,상경대학,경제학전공,,,True,True,True
연세대학교,공과대학,IT융합공학전공,,,True,True,True
연세대학교,공과대학,신소재공학부,,,True,True,True
연세대학교,공과대학,건설환경공학전공,,,True,True,True
연세대학교,교육과학대학,교육학전공,,,True,True,True
한국외국어대학교,경상대학,국제금융전공,,,True,True,True
한국외국어대학교,경상대학,국제금융학부,,,True,True,True
한국외국어대학교,경상대학,국제금융학과,,,True,True,True
명지대학교,ICT융합대학,정보통신공학과,,,True,True,True
부경대학교,인문사회과학대학,비즈니스・금융경제전공,,,True,True,True
부경대학교,경영대학,회계・재무시스템전공,,,True,True,True
부경대학교,경영대학,회계재무학전공,,,True,True,True
한국공학대학교,단과대구분없음,전자공학부(임베디드시스템전공),,,True,True,True
경성대학교,상경대학,회계학과,,,True,True,True
가톨릭관동대학교,사회과학대학,언어재활상담전공,,,True,True,True
경성대학교,공과대학,기계메카트로닉스공학부,,,True,True,True
경성대학교,공과대학,메카트로닉스공학전공,,,True,True,True
경성대학교,예술종합대학,스포츠건강학과,,,True,True,True
경성대학교,공과대학,소프트웨어학과,,,True,True,True
경성대학교,공과대학,제약공학과,,,True,True,True
경성대학교,문과대학,심리학과,,,True,True,True
대구대학교,공과대학,신소재에너지공학과,,,True,True,True
공주대학교,예술대학,게임디자인학과,,,True,True,True
동국대학교(WISE),상경대학,회계학전공,,,True,True,True
동국대학교(WISE),상경대학,정보경영학전공,,,True,True,True
경성대학교,상경대학,금융학전공,,,True,True,True
대구가톨릭대학교,글로벌비즈니스대학,세무ㆍ회계학과,,,True,True,True
대구가톨릭대학교,글로벌비즈니스대학,회계세무전공,,,True,True,True
대구가톨릭대학교,글로벌비즈니스대학,기업금융전공,,,True,True,True
한서대학교,단과대구분없음,의료복지공학과,,,True,True,True
한서대학교,단과대구분없음,피부미용화장품과학과,,,True,True,True
강원대학교,공학대학,재료융합공학부,,,True,True,True
한서대학교,단과대구분없음,보건상담복지학과,,,True,True,True
한서대학교,Hans 국제항공대학,항공산업공학과,,,True,True,True
청주대학교,보건의료과학대학,보건행정ㆍ헬스케어학부,,,True,True,True
청주대학교,예술대학,연극영화음악학부,,,True,True,True
청주대학교,예술대학,디자인・조형학부,,,True,True,True
청주대학교,공과대학,융합전자공학부,,,True,True,True
청주대학교,공과대학,휴먼환경디자인학부,,,True,True,True
청주대학교,공과대학,소프트웨어융합학부,,,True,True,True
청주대학교,공과대학,BT융합학부,,,True,True,True
청주대학교,공과대학,에너지·광기술융합학부,,,True,True,True
청주대학교,인문사회대학,인문학부,,,True,True,True
청주대학교,비즈니스대학,관광호텔경영학부,,,True,True,True
건양대학교,글로벌경영대학,세무학과,,,True,True,True
충남대학교,국가안보융합학부,국토안보학전공,,,True,True,True
충남대학교,생활과학대학,소비자학과,,,True,True,True
충남대학교,경상대학,회계학과,,,True,True,True
청주대학교,인문사회대학,사회과학부,,,True,True,True
청주대학교,비즈니스대학,경영학부,,,True,True,True
청주대학교,인문사회대학,미디어콘텐츠학부,,,True,True,True
청주대학교,비즈니스대학,글로벌경제통상학부,,,True,True,True
충남대학교,사범대학,기계・재료공학교육과,,,True,True,True
강원대학교,공학대학,컴퓨터・미디어・산업공학부,,,True,True,True
상명대학교,경영대학,금융경영전공,,,True,True,True
상명대학교,계당교양교육원,계당교양교육원(의학),,,True,True,True
상명대학교,계당교양교육원,계당교양교육원(예체능),,,True,True,True
상명대학교,계당교양교육원,계당교양교육원(공학),,,True,True,True
상명대학교,계당교양교육원,계당교양교육원(자연),,,True,True,True
상명대학교,계당교양교육원,계당교양교육원(인문사회),,,True,True,True
대구한의대학교,웰니스융합대학,세무금융전공,,,True,True,True
부경대학교,미래융합대학,공공안전경찰학과,,,True,True,True
건국대학교,공과대학,화학공학부,,,True,True,True
건국대학교,공과대학,전기전자공학부,,,True,True,True
건국대학교,공과대학,사회환경공학부,,,True,True,True
건국대학교,공과대학,컴퓨터공학과,,,True,True,True
건국대학교,공과대학,소프트웨어학과,,,True,True,True
건국대학교,공과대학,기술융합공학과,,,True,True,True
건국대학교,사회과학대학,융합인재학과,,,True,True,True
건국대학교,사회과학대학,글로벌비즈니스학과,,,True,True,True
건국대학교,사회과학대학,응용통계학과,,,True,True,True
건국대학교,사회과학대학,국제무역학과,,,True,True,True
건국대학교,사회과학대학,경제학과,,,True,True,True
건국대학교,사회과학대학,행정학과,,,True,True,True
건국대학교,사회과학대학,정치외교학과,,,True,True,True
건국대학교,공과대학,신산업융합학과,,,True,True,True
건국대학교,문과대학,지리학과,,,True,True,True
배재대학교,김소월대학,호텔여가서비스경영학과,,,True,True,True
배재대학교,김소월대학,항공운항과,,,True,True,True
상명대학교,문화예술대학,외식영양・의류학부 식품영양학과,,,True,True,True
국제사이버대학교,단과대구분없음,엔터테인먼트학과,,,True,True,True
국제사이버대학교,단과대구분없음,뷰티비즈니스학과,,,True,True,True
국제사이버대학교,단과대구분없음,레저스포츠학과,,,True,True,True
국제사이버대학교,단과대구분없음,상담심리학과,,,True,True,True
국제사이버대학교,단과대구분없음,평생교육학과,,,True,True,True
국제사이버대학교,단과대구분없음,아동복지상담학과,,,True,True,True
국제사이버대학교,단과대구분없음,사회복지학과,,,True,True,True
국제사이버대학교,단과대구분없음,보건복지행정학과,,,True,True,True
국제사이버대학교,단과대구분없음,부동산학과,,,True,True,True
국제사이버대학교,단과대구분없음,경영학과,,,True,True,True
한일장신대학교,단과대구분없음,실용음악학과,,,True,True,True
한일장신대학교,단과대구분없음,신학과,,,True,True,True
홍익대학교,상경대학,회계학전공,,,True,True,True
홍익대학교,상경대학,상경학부 회계학전공,,,True,True,True
홍익대학교,상경대학,금융보험학전공,,,True,True,True
홍익대학교,상경대학,상경학부 금융보험학전공,,,True,True,True
배재대학교,하워드대학,러시아・중앙아시아학전공,,,True,True,True
배재대학교,하워드대학,영어영문학전공,,,True,True,True
배재대학교,김소월대학,글로벌관광호텔학전공,,,True,True,True
대구가톨릭대학교,공과대학,빅데이터공학과,,,True,True,True
대구가톨릭대학교,공과대학,스마트제조공학전공,,,True,True,True
대구가톨릭대학교,글로벌비즈니스대학,스페인어중남미학부,,,True,True,True
강원대학교,공과대학,토목공학전공,,,True,True,True
대구가톨릭대학교,공과대학,전자전기공학부,,,True,True,True
건양대학교,재활복지교육대학,디지털콘텐츠전공,,,True,True,True
건양대학교,재활복지교육대학,시각디자인전공,,,True,True,True
강원대학교,공과대학,재료공학전공,,,True,True,True
대전대학교,공과대학,응용화학과,,,True,True,True
홍익대학교,과학기술대학,건축공학부 건축디자인전공(5년제),,,True,True,True
홍익대학교,과학기술대학,재료공학과,,,True,True,True
명지대학교,예술체육대학,스포츠학부 스포츠지도학전공,,,True,True,True
대구가톨릭대학교,공과대학,전기에너지공학전공,,,True,True,True
대구가톨릭대학교,공과대학,전자공학전공,,,True,True,True
대구가톨릭대학교,공과대학,모바일소프트웨어전공,,,True,True,True
명지대학교,예술체육대학,스포츠학부,,,True,True,True
덕성여자대학교,공과대학,IT미디어공학과,,,True,True,True
안양대학교,스마트창의융합대학,도시환경바이오공학부,,,True,True,True
안양대학교,인문예술대학,언어문화학부,,,True,True,True
호원대학교,문화예술대학,실용음악학부,,,True,True,True
호원대학교,문화예술대학,공연미디어학부,,,True,True,True
호원대학교,사회안전대학,법경찰학과,,,True,True,True
호원대학교,공과대학,자동차융합공학과,,,True,True,True
호원대학교,문화예술대학,항공관광학과,,,True,True,True
호원대학교,창의인재대학,교양과,,,True,True,True
호원대학교,평생학습대학,스포츠경호학과,,,True,True,True
호원대학교,공과대학,전기소방학부,,,True,True,True
호원대학교,사회안전대학,스포츠경호학과,,,True,True,True
호원대학교,사회안전대학,유아교육과,,,True,True,True
호원대학교,사회안전대학,사회복지학부,,,True,True,True
호원대학교,사회안전대학,물리치료학과,,,True,True,True
호원대학교,사회안전대학,언어치료학과,,,True,True,True
호원대학교,사회안전대학,치위생학과,,,True,True,True
호원대학교,사회안전대학,작업치료학과,,,True,True,True
호원대학교,사회안전대학,응급구조학과,,,True,True,True
호원대학교,사회안전대학,간호학과,,,True,True,True
호원대학교,문화예술대학,공공디자인학부,,,True,True,True
호원대학교,문화예술대학,비즈니스학부,,,True,True,True
호원대학교,문화예술대학,미용예술학과,,,True,True,True
명지대학교,예술체육대학,예술학부,,,True,True,True
명지대학교,예술체육대학,예술학부(피아노전공),,,True,True,True
명지대학교,예술체육대학,예술학부(작곡전공),,,True,True,True
명지대학교,예술체육대학,예술학부(성악전공),,,True,True,True
명지대학교,예술체육대학,예술학부(영화전공),,,True,True,True
명지대학교,예술체육대학,예술학부(뮤지컬공연전공),,,True,True,True
신한대학교,사회과학대학,공공행정학과,,,True,True,True
신한대학교,자연과학대학,외식조리전공,,,True,True,True
신한대학교,과학기술융합대학,기계자동차융합공학과,,,True,True,True
신한대학교,사회과학대학,미디어언론학과,,,True,True,True
덕성여자대학교,사회과학대학,회계학과,,,True,True,True
극동대학교,과학기술대학,에너지IT공학과,,,True,True,True
성균관대학교,생명공학대학,융합생명공학과,,,True,True,True
한일장신대학교,단과대구분없음,심리상담학과,,,True,True,True
강원대학교,공과대학,에너지자원공학전공,,,True,True,True
강원대학교,공과대학,산업공학전공,,,True,True,True
울산과학기술원,단과대구분없음,생명과학부,,,True,True,True
동아대학교,디자인환경대학,건축학과(5년제),,,True,True,True
한양대학교(ERICA),경상대학,회계세무학과,,,True,True,True
한양대학교(ERICA),경상대학,보험계리학과,,,True,True,True
초당대학교,단과대구분없음,창업경영학과,,,True,True,True
청주대학교,인문사회대학,융합실무법학전공,,,True,True,True
청주대학교,비즈니스대학,경영학전공,,,True,True,True
경기대학교,휴먼인재융합대학,스포츠산업경영전공,,,True,True,True
경기대학교,휴먼인재융합대학,스포츠건강과학전공,,,True,True,True
경기대학교,휴먼인재융합대학,레저스포츠전공,,,True,True,True
경기대학교,휴먼인재융합대학,시큐리티매니지먼트전공,,,True,True,True
경기대학교,융합과학대학,식품생물공학전공,,,True,True,True
경기대학교,융합과학대학,생명과학전공,,,True,True,True
경기대학교,휴먼인재융합대학,불어불문전공,,,True,True,True
경기대학교,휴먼인재융합대학,일어일문전공,,,True,True,True
경기대학교,휴먼인재융합대학,러시아어문전공,,,True,True,True
경기대학교,휴먼인재융합대학,독어독문전공,,,True,True,True
경기대학교,휴먼인재융합대학,장신구・금속디자인전공,,,True,True,True
경기대학교,휴먼인재융합대학,시각정보디자인전공,,,True,True,True
경기대학교,휴먼인재융합대학,산업디자인전공,,,True,True,True
경기대학교,지식정보서비스대학,청소년전공,,,True,True,True
경기대학교,지식정보서비스대학,사회복지전공,,,True,True,True
경기대학교,지식정보서비스대학,교정보호전공,,,True,True,True
경기대학교,지식정보서비스대학,회계세무전공,,,True,True,True
경기대학교,지식정보서비스대학,경제전공,,,True,True,True
경기대학교,지식정보서비스대학,경영정보전공,,,True,True,True
화성의과학대학교,단과대구분없음,스포츠레저학과,,,True,True,True
화성의과학대학교,단과대구분없음,IT콘텐츠학과,,,True,True,True
화성의과학대학교,단과대구분없음,생명과학과,,,True,True,True
예원예술대학교,단과대구분없음,금속조형디자인학과,,,True,True,True
예원예술대학교,단과대구분없음,한지공간조형디자인학과,,,True,True,True
예원예술대학교,단과대구분없음,공연예술뮤지컬학과,,,True,True,True
청주대학교,단과대구분없음,항공기계공학전공,,,True,True,True
청주대학교,단과대구분없음,항공운항학전공,,,True,True,True
청주대학교,보건의료과학대학,스포츠건강재활전공,,,True,True,True
청주대학교,보건의료과학대학,임상병리학과,,,True,True,True
청주대학교,보건의료과학대학,작업치료학과,,,True,True,True
청주대학교,보건의료과학대학,물리치료학과,,,True,True,True
청주대학교,보건의료과학대학,방사선학과,,,True,True,True
청주대학교,보건의료과학대학,치위생학과,,,True,True,True
청주대학교,보건의료과학대학,간호학과,,,True,True,True
청주대학교,예술대학,영화・음악전공,,,True,True,True
청주대학교,공과대학,반도체공학전공,,,True,True,True
청주대학교,공과대학,전자공학전공,,,True,True,True
청주대학교,공과대학,산업디자인전공,,,True,True,True
청주대학교,공과대학,토목환경공학전공,,,True,True,True
청주대학교,공과대학,빅데이터통계학전공,,,True,True,True
청주대학교,공과대학,광기술에너지융합전공,,,True,True,True
청주대학교,인문사회대학,영어영문학전공,,,True,True,True
청주대학교,인문사회대학,문헌정보학전공,,,True,True,True
청주대학교,인문사회대학,지적학전공,,,True,True,True
청주대학교,인문사회대학,미디어커뮤니케이션한국문화전공,,,True,True,True
청주대학교,비즈니스대학,호텔외식경영학전공,,,True,True,True
청주대학교,비즈니스대학,관광비즈니스경영학전공,,,True,True,True
청주대학교,비즈니스대학,무역학전공,,,True,True,True
경기대학교,휴먼인재융합대학,디자인비즈학부,,,True,True,True
경기대학교,휴먼인재융합대학,스포츠과학부,,,True,True,True
건국대학교,예술디자인대학,영상영화학과,,,True,True,True
광주대학교,경영대학,세무경영학과,,,True,True,True
건국대학교,공과대학,K뷰티산업융합학과,,,True,True,True
아주대학교,경영대학,글로벌경영학과,,,True,True,True
가톨릭관동대학교,공과대학,창업지식재산학과,,,True,True,True
광주대학교,문화예술대학,사진영상드론학과,,,True,True,True
조선대학교,IT융합대학,정보통신공학부(정보통신공학전공),,,True,True,True
조선대학교,IT융합대학,정보통신공학부(임베디드보안전공),,,True,True,True
조선대학교,IT융합대학,전자공학부(전자공학전공),,,True,True,True
조선대학교,IT융합대학,전자공학부(지능IoT전공),,,True,True,True
배재대학교,김소월대학,관광이벤트컨벤션학과,,,True,True,True
숭실사이버대학교,단과대구분없음,세무회계학과,,,True,True,True
숭실사이버대학교,단과대구분없음,산업안전공학과,,,True,True,True
숭실사이버대학교,단과대구분없음,경영학부,,,True,True,True
숭실사이버대학교,단과대구분없음,영어・중국어학부,,,True,True,True
숭실사이버대학교,단과대구분없음,인문예술・사회계열,,,True,True,True
청주대학교,비즈니스대학,회계학전공,,,True,True,True
배재대학교,하워드대학,심리상담학과,,,True,True,True
배재대학교,서재필대학,무역물류학과,,,True,True,True
상명대학교,경영경제대학,융합경영학과,,,True,True,True
남서울대학교,교양대학,교양과정부,,,True,True,True
고신대학교,보건복지대학,언어치료학과,,,True,True,True
숭실대학교,인문대학,스포츠학부 스포츠사이언스전공,,,True,True,True
숭실대학교,인문대학,예술창작학부 문예창작전공,,,True,True,True
숭실대학교,인문대학,예술창작학부 영화예술전공,,,True,True,True
숭실대학교,인문대학,스포츠학부 생활체육전공,,,True,True,True
숭실대학교,인문대학,스포츠학부,,,True,True,True
덕성여자대학교,공과대학,바이오공학과,,,True,True,True
조선대학교,외국어대학,프랑스어권문화학과,,,True,True,True
동국대학교(WISE),과학기술대학,신소재화학전공,,,True,True,True
동국대학교(WISE),과학기술대학,의생명공학전공,,,True,True,True
동국대학교(WISE),과학기술대학,바이오제약공학전공,,,True,True,True
동국대학교(WISE),과학기술대학,원자력·에너지시스템공학전공,,,True,True,True
동국대학교(WISE),상경대학,다솔회계학과,,,True,True,True
동국대학교(WISE),과학기술대학,전자·정보통신공학전공,,,True,True,True
동국대학교(WISE),과학기술대학,안전공학전공,,,True,True,True
동국대학교(WISE),과학기술대학,빅데이터·응용통계학전공,,,True,True,True
동국대학교(WISE),과학기술대학,컴퓨터공학전공,,,True,True,True
동국대학교(WISE),과학기술대학,기계시스템공학전공,,,True,True,True
배재대학교,아펜젤러대학,드론・로봇공학과,,,True,True,True
고신대학교,글로벌문화융합대학,글로벌비즈니스학부,,,True,True,True
한서대학교,Hans 국제항공대학,항공교통물류학과,,,True,True,True
홍익대학교,조형대학,영상ㆍ애니메이션학부,,,True,True,True
홍익대학교,과학기술대학,전자전기융합공학과,,,True,True,True
경동대학교,의료생명보건대학,치기공학과,,,True,True,True
경동대학교,의료생명보건대학,임상병리학과,,,True,True,True
경동대학교,의료생명보건대학,응급구조학과,,,True,True,True
경동대학교,의료생명보건대학,안경광학과,,,True,True,True
경동대학교,의료생명보건대학,물리치료학과,,,True,True,True
경동대학교,의료생명보건대학,작업치료학과,,,True,True,True
경동대학교,의료생명보건대학,치위생학과,,,True,True,True
경동대학교,의료생명보건대학,사회복지학과,,,True,True,True
경동대학교,의료생명보건대학,보건관리학과,,,True,True,True
경동대학교,간호대학,간호학과,,,True,True,True
한서대학교,Hans 국제항공대학,항공신소재화공학과,,,True,True,True
한서대학교,단과대구분없음,레저해양스포츠학과,,,True,True,True
청주대학교,보건의료과학대학,보건행정학전공,,,True,True,True
청주대학교,공과대학,디지털보안전공,,,True,True,True
청주대학교,인문사회대학,동양어문학전공,,,True,True,True
청주대학교,인문사회대학,사회복지학전공,,,True,True,True
청주대학교,인문사회대학,정치행정학전공,,,True,True,True
용인대학교,경영행정대학,미용경영학과,,,True,True,True
광주대학교,공과대학,전기전자공학부,,,True,True,True
중앙대학교,예술대학,글로벌예술학부,,,True,True,True
청주대학교,예술대학,정보인터랙션디자인전공,,,True,True,True
청주대학교,예술대학,아트앤패션전공,,,True,True,True
청주대학교,공과대학,전기제어전공,,,True,True,True
청주대학교,공과대학,건축학・건축공학전공,,,True,True,True
청주대학교,공과대학,조경도시계획전공,,,True,True,True
강원대학교,공과대학,화학생물공학부,,,True,True,True
강원대학교,경영대학,경제·정보통계학부,,,True,True,True
총신대학교,단과대구분없음,아동상담심리학과,,,True,True,True
전북대학교,글로벌프런티어칼리지,국제인문사회학부,,,True,True,True
단국대학교,상경대학,회계학전공,,,True,True,True
단국대학교,경상대학,회계학전공,,,True,True,True
전북대학교,글로벌프런티어칼리지,국제이공학부,,,True,True,True
청운대학교,공과대학,화학공학과,,,True,True,True
고신대학교,글로벌문화융합대학,국제통상영어전공,,,True,True,True
배재대학교,아펜젤러대학,정밀응용과학부,,,True,True,True
전북대학교,공과대학,고분자섬유나노공학부(유기소재섬유공학전공),,,True,True,True
전북대학교,공과대학,고분자섬유나노공학부(고분자․나노공학전공),,,True,True,True
전북대학교,공과대학,고분자섬유나노공학부,,,True,True,True
전북대학교,자연과학대학,생명과학부(분자생물학전공),,,True,True,True
전북대학교,자연과학대학,생명과학부(생명과학전공),,,True,True,True
전북대학교,자연과학대학,생명과학부,,,True,True,True
전북대학교,공과대학,토목/환경/자원․에너지공학부(환경공학전공),,,True,True,True
전북대학교,공과대학,토목/환경/자원․에너지공학부(토목공학전공),,,True,True,True
전북대학교,공과대학,토목/환경/자원.에너지공학부,,,True,True,True
전북대학교,공과대학,융합기술공학부(IT응용시스템공학전공),,,True,True,True
전북대학교,공과대학,융합기술공학부(IT융합자동차공학전공),,,True,True,True
전북대학교,상과대학,회계학과,,,True,True,True
전북대학교,상과대학,경영학과,,,True,True,True
단국대학교,단과대구분없음,SW융합대학,,,True,True,True
단국대학교,SW융합대학,응용컴퓨터공학과,,,True,True,True
단국대학교,SW융합대학,소프트웨어학과,,,True,True,True
단국대학교,SW융합대학,모바일시스템공학과,,,True,True,True
중원대학교,항공대학,항공기계공학과,,,True,True,True
중원대학교,단과대구분없음,체육학부,,,True,True,True
중원대학교,융합과학기술대학,창의융합공학부,,,True,True,True
중원대학교,융합과학기술대학,전기전자공학전공,,,True,True,True
중원대학교,융합과학기술대학,소방방재공학전공,,,True,True,True
부산외국어대학교,상경대학,경영학부(회계전공),,,True,True,True
부산외국어대학교,글로벌비즈니스대학,경영학부(회계전공),,,True,True,True
부산외국어대학교,상경대학,국제비서·세무학부(세무전공),,,True,True,True
부산외국어대학교,상경대학,경제데이터금융학부(금융보험수리전공),,,True,True,True
신한대학교,평생학습중심대학,에너지환경공학과,,,True,True,True
연세대학교,신과대학,신학과,,,True,True,True
안양대학교,스마트창의융합대학,ICT융합공학부,,,True,True,True
중원대학교,융합과학기술대학,의생명과학과,,,True,True,True
중원대학교,융합과학기술대학,식품공학과,,,True,True,True
중원대학교,융합과학기술대학,산업디자인학과,,,True,True,True
중원대학교,사회문화대학,연극영화학과,,,True,True,True
중원대학교,사회문화대학,한국학과,,,True,True,True
중원대학교,사회문화대학,아동보육상담학과,,,True,True,True
중원대학교,사회문화대학,국제통상학과,,,True,True,True
중원대학교,사회문화대학,경찰행정학과,,,True,True,True
중원대학교,사회문화대학,법무법학과,,,True,True,True
중원대학교,사회문화대학,사회복지학과,,,True,True,True
중원대학교,사회문화대학,경영학과,,,True,True,True
중원대학교,사회문화대학,종교문화학과,,,True,True,True
중원대학교,융합과학기술대학,생체의공학과,,,True,True,True
중원대학교,융합과학기술대학,제약공학과,,,True,True,True
중원대학교,융합과학기술대학,경호학전공,,,True,True,True
중원대학교,융합과학기술대학,스포츠지도전공,,,True,True,True
중원대학교,융합과학기술대학,스포츠산업전공,,,True,True,True
청주대학교,인문사회대학,홍보문화역사전공,,,True,True,True
세종사이버대학교,단과대구분없음,조리・서비스경영학과,,,True,True,True
한서대학교,Hans 국제항공대학,글로벌언어협력학과,,,True,True,True
서울시립대학교,정경대학,세무학과,,,True,True,True
청주대학교,경상대학,회계학과,,,True,True,True
중앙대학교,창의ICT공과대학,소프트웨어학부,,,True,True,True
경주대학교,문화관광대학,관광사업경영전공,,,True,True,True
배재대학교,아펜젤러대학,원예산림학과,,,True,True,True
목원대학교,사회과학대학,금융보험부동산학과,,,True,True,True
경주대학교,문화관광대학,호텔경영학과,,,True,True,True
울산대학교,경영대학,회계학전공,,,True,True,True
울산대학교,경영대학,회계학과,,,True,True,True
경희사이버대학교,단과대구분없음,세무회계학과,,,True,True,True
남부대학교,단과대구분없음,응급구조학과,,,True,True,True
경희사이버대학교,단과대구분없음,보건의료관리학과,,,True,True,True
청주대학교,비즈니스대학,중국통상・경제학전공,,,True,True,True
남부대학교,단과대구분없음,IT공학과,,,True,True,True
남부대학교,단과대구분없음,언어치료학과,,,True,True,True
남부대학교,단과대구분없음,전기공학과,,,True,True,True
홍익대학교,조형대학,디자인컨버전스학부,,,True,True,True
강원대학교,공학대학,컴퓨터・미디어・산업공학부 컴퓨터공학전공,,,True,True,True
남부대학교,단과대구분없음,자동차기계공학과(신),,,True,True,True
협성대학교,경영대학,세무회계학과,,,True,True,True
협성대학교,경영대학,금융보험학과,,,True,True,True
협성대학교,글로벌경영대학,금융・세무학과,,,True,True,True
경기대학교,경상대학,회계세무학과,,,True,True,True
중원대학교,융합과학기술대학,말산업융합학과,,,True,True,True
배재대학교,서재필대학,글로벌정치・커뮤니케이션전공,,,True,True,True
충남대학교,국가안보융합학부,해양안보학전공,,,True,True,True
창원대학교,경상대학,회계학과,,,True,True,True
창원대학교,경상대학,금융보험학과,,,True,True,True
한국교통대학교,융합기술대학,전자·전기공학부,,,True,True,True
배재대학교,하워드대학,영어영문・러시아학부,,,True,True,True
창원대학교,경상대학,세무학과,,,True,True,True
창원대학교,미래융합대학,자산관리학과,,,True,True,True
창원대학교,경영대학,회계학과,,,True,True,True
창원대학교,경영대학,세무학과,,,True,True,True
창원대학교,미래융합대학,창업자산융합학부,,,True,True,True
경일대학교,ICT융합대학,재무투자정보학과,,,True,True,True
경일대학교,글로벌경영대학,세무・회계학과,,,True,True,True
경일대학교,글로벌경영대학,금융증권학과,,,True,True,True
동국대학교(WISE),과학기술대학,생명신소재융합학부,,,True,True,True
중원대학교,융합과학기술대학,컴퓨터공학과,,,True,True,True
중원대학교,융합과학기술대학,체육학부,,,True,True,True
동덕여자대학교,사회과학대학,세무회계학과,,,True,True,True
동국대학교(WISE),과학기술대학,창의융합공학부,,,True,True,True
동국대학교(WISE),과학기술대학,ICT・빅데이터학부(공학),,,True,True,True
동국대학교(WISE),과학기술대학,ICT・빅데이터학부(자연),,,True,True,True
국제사이버대학교,단과대구분없음,웰빙귀농학과,,,True,True,True
배재대학교,아펜젤러대학,나노고분자재료공학전공,,,True,True,True
제주국제대학교,단과대구분없음,시각디자인학과,,,True,True,True
제주국제대학교,단과대구분없음,공무원법률행정학과,,,True,True,True
제주국제대학교,단과대구분없음,중한통번역학과,,,True,True,True
제주국제대학교,단과대구분없음,실내건축학과,,,True,True,True
제주국제대학교,단과대구분없음,영화연극학과,,,True,True,True
강원대학교,인문대학,인문학부,,,True,True,True
강원대학교,농업생명과학대학,원예·농업자원경제학부,,,True,True,True
경주대학교,문화관광대학,제과・제빵전공,,,True,True,True
경주대학교,문화관광대학,외식산업전공,,,True,True,True
경주대학교,문화관광대학,외식조리전공,,,True,True,True
경주대학교,문화관광대학,항공운항서비스전공,,,True,True,True
대구가톨릭대학교,단과대구분없음,통합사회교육전공,,,True,True,True
남서울대학교,단과대구분없음,세무부동산학과,,,True,True,True
한국체육대학교,생활체육대학,레저스포츠산업학과,,,True,True,True
강원대학교,인문사회과학대학,글로벌인재학부,,,True,True,True
강원대학교,인문사회과학대학,공공행정전공,,,True,True,True
명지대학교,단과대구분없음,국제학부,,,True,True,True
한국폴리텍 V 대학 전남캠퍼스,단과대구분없음,산업설비자동화(스마트설비),,,True,True,True
명지대학교,미래융합대학,심리치료학과,,,True,True,True
명지대학교,미래융합대학,법무행정학과,,,True,True,True
명지대학교,미래융합대학,미래융합경영학과,,,True,True,True
강원대학교,공학대학,전기제어계측공학부 제어계측공학전공,,,True,True,True
강원대학교,공학대학,전기제어계측공학부 전기공학전공,,,True,True,True
강원대학교,공학대학,전기제어계측공학부,,,True,True,True
한국폴리텍 V 대학 전남캠퍼스,단과대구분없음,발전설비과,,,True,True,True
숭실사이버대학교,단과대구분없음,언어치료학과,,,True,True,True
나사렛대학교,단과대구분없음,수어통역교육전공,,,True,True,True
경성대학교,예술종합대학,뮤지컬전공,,,True,True,True
전북대학교,상과대학,경영학부 회계학전공,,,True,True,True
강원대학교,경영대학,회계학전공,,,True,True,True
순천대학교,사회과학대학,회계학전공,,,True,True,True
순천대학교,사회과학대학,회계학과,,,True,True,True
순천대학교,사회과학대학,경제회계학부,,,True,True,True
순천대학교,사회과학대학,경제회계학부(회계학전공),,,True,True,True
순천대학교,생명산업과학대학,산업동물학과,,,True,True,True
순천대학교,생명산업과학대학,정원문화산업학과,,,True,True,True
순천대학교,인문예술대학,철학과,,,True,True,True
순천대학교,인문예술대학,사학과,,,True,True,True
ICT폴리텍대학,단과대구분없음,정보통신학과,,,True,True,True
ICT폴리텍대학,단과대구분없음,모바일통신학과,,,True,True,True
ICT폴리텍대학,단과대구분없음,멀티미디어통신학과,,,True,True,True
ICT폴리텍대학,단과대구분없음,스마트통신학과,,,True,True,True
성균관대학교,공과대학,나노공학과,,,True,True,True
강원대학교,경영대학,회계학과,,,True,True,True
가천대학교,경영대학,회계・세무학전공,,,True,True,True
가천대학교,경영대학,회계・세무학과,,,True,True,True
경주대학교,문화관광대학,보건의료관광학과,,,True,True,True
경주대학교,문화관광대학,외식・조리학부,,,True,True,True
경주대학교,문화관광대학,항공・관광경영학부,,,True,True,True
경주대학교,문화관광대학,문화재학과,,,True,True,True
호서대학교,과학기술융합대학,빅데이터경영공학부,,,True,True,True
경주대학교,문화관광대학,푸드스타일링전공,,,True,True,True
강원대학교,공학대학,건설융합학부,,,True,True,True
호서대학교,사회과학대학,세무회계학전공,,,True,True,True
호서대학교,사회과학대학,세무회계학과,,,True,True,True
한림대학교,글로벌융합대학,융합인재학부,,,True,True,True
한림대학교,글로벌융합대학,글로벌학부,,,True,True,True
한림대학교,경영대학,재무금융학과,,,True,True,True
광주여자대학교,단과대구분없음,화장품과학과,,,True,True,True
한국항공대학교,단과대구분없음,자유전공학부,,,True,True,True
한국방송통신대학교,사회과학대학,사회복지학과,,,True,True,True
강원대학교,인문사회과학대학,영어전공,,,True,True,True
한남대학교,경상대학,회계학과,,,True,True,True
목포대학교,경영대학,금융보험학과,,,True,True,True
한림대학교,공과대학,IT계열,,,True,True,True
호서대학교,생명보건대학,식품제약공학부,,,True,True,True
호서대학교,생명보건대학,화장품생명공학부,,,True,True,True
충남대학교,공과대학,유기재료공학과,,,True,True,True
배재대학교,김소월대학,조경학과,,,True,True,True
극동대학교,항공대학,무인기산업학과,,,True,True,True
배재대학교,서재필대학,정부・공기업전공,,,True,True,True
제주대학교,경상대학,회계학과,,,True,True,True
배재대학교,김소월대학,미술디자인학전공,,,True,True,True
한림대학교,경영대학,금융재무학과,,,True,True,True
한림대학교,글로벌융합대학,의과학융합전공,,,True,True,True
한림대학교,경영대학,경영대학,,,True,True,True
중부대학교,단과대구분없음,경찰경호학과,,,True,True,True
경주대학교,보건복지산업대학,군사관학과,,,True,True,True
경주대학교,보건복지산업대학,간호학과,,,True,True,True
경주대학교,보건복지산업대학,사회복지학과,,,True,True,True
한림대학교,글로벌융합대학,문화산업전공,,,True,True,True
한림대학교,글로벌융합대학,한중통번역전공,,,True,True,True
한림대학교,글로벌융합대학,정보법과학전공,,,True,True,True
명지대학교,공과대학,융합공학부,,,True,True,True
강원대학교,농업생명과학대학,식품생명공학전공,,,True,True,True
강원대학교,인문대학,일본학전공,,,True,True,True
강원대학교,인문대학,영어영문학전공,,,True,True,True
창원대학교,경영대학,금융보험학과,,,True,True,True
경주대학교,예술체육대학,생활체육전공,,,True,True,True
강원대학교,인문대학,국어국문학전공,,,True,True,True
창원대학교,경영대학,경제학과,,,True,True,True
한림대학교,글로벌융합대학,한국학전공,,,True,True,True
경주대학교,예술체육대학,패션・문화디자인전공,,,True,True,True
경주대학교,예술체육대학,융・복합시각예술디자인학부,,,True,True,True
경주대학교,문화관광대학,문화관광산업학과,,,True,True,True
경주대학교,예술체육대학,시각디자인전공,,,True,True,True
강원대학교,경영대학,정보통계학전공,,,True,True,True
경주대학교,예술체육대학,태권도ㆍ생활체육학부,,,True,True,True
전남대학교,단과대구분없음,IoT인공지능융합전공,,,True,True,True
전남대학교,단과대구분없음,빅데이터금융공학융합전공,,,True,True,True
전남대학교,단과대구분없음,미래에너지공학융합전공,,,True,True,True
경주대학교,예술체육대학,실용음악ㆍ공연예술학부,,,True,True,True
강원대학교,공학대학,건설융합학부 토목공학전공,,,True,True,True
전북대학교,공과대학,토목/환경/자원․에너지공학부(자원․에너지공학전공),,,True,True,True
제주대학교,경상대학,경영회계경영정보학학과군,,,True,True,True
제주대학교,경상대학,경영회계관광경영학학과군,,,True,True,True
강원대학교,인문대학,독어독문학전공,,,True,True,True
경주대학교,예술체육대학,특수체육교육학과,,,True,True,True
강원대학교,인문대학,철학전공,,,True,True,True
강원대학교,인문대학,중어중문학전공,,,True,True,True
목포대학교,생활과학예술체육대학,패션의류학과,,,True,True,True
목포대학교,생활과학예술체육대학,음악학과,,,True,True,True
강원대학교,인문사회과학대학,지역경제전공,,,True,True,True
강원대학교,사회과학대학,행정.심리학부,,,True,True,True
제주국제대학교,단과대구분없음,핀텍경영학과,,,True,True,True
강원대학교,공학대학,건설융합학부 건축공학전공,,,True,True,True
강원대학교,공학대학,재료융합공학부 재료금속공학전공,,,True,True,True
강원대학교,공학대학,재료융합공학부 신소재공학전공,,,True,True,True
수원대학교,공과대학,전자물리,,,True,True,True
제주국제대학교,단과대구분없음,경영회계학과,,,True,True,True
사이버한국외국어대학교,단과대구분없음,금융회계학부,,,True,True,True
서울과학기술대학교,미래융합대학,문화예술학과,,,True,True,True
서울과학기술대학교,조형대학,금속공예디자인학과,,,True,True,True
청주대학교,공과대학,제약바이오메디컬공학전공,,,True,True,True
강원대학교,공학대학,건설융합학부 건축학전공,,,True,True,True
강릉원주대학교,사회과학대학,회계학과,,,True,True,True
강원대학교,인문대학,사학전공,,,True,True,True
강원대학교,공과대학,화학공학전공,,,True,True,True
강원대학교,사회과학대학,심리학전공,,,True,True,True
강원대학교,농업생명과학대학,농업자원경제학전공,,,True,True,True
건국대학교(글로컬),인문사회융합대학,동화∙한국어문화전공,,,True,True,True
전남대학교,단과대구분없음,로봇공학융합전공,,,True,True,True
선문대학교,공과대학,건축사회환경공학부,,,True,True,True
선문대학교,건강보건대학,스포츠과학부 스포츠과학전공,,,True,True,True
선문대학교,건강보건대학,스포츠과학부 무도경호학전공,,,True,True,True
선문대학교,건강보건대학,식품과학・수산생명의학부,,,True,True,True
선문대학교,건강보건대학,제약생명공학과,,,True,True,True
상명대학교,예술대학,무대미술학과,,,True,True,True
목포대학교,공과대학,스마트운송기계・신소재공학부,,,True,True,True
목포대학교,공과대학,에너지ICT공학부,,,True,True,True
고신대학교,글로벌문화융합대학,외국어로서의 한국어교육전공,,,True,True,True
목포대학교,공과대학,전자・정보통신공학과(정보통신공학심화트랙),,,True,True,True
목포대학교,공과대학,전자・정보통신공학과(정보전자공학심화트랙),,,True,True,True
목포대학교,공과대학,전자・정보통신공학과,,,True,True,True
목포대학교,공과대학,스마트에너지시스템학과,,,True,True,True
목포대학교,공과대학,미래사회공학부,,,True,True,True
목포대학교,공과대학,컴퓨터・정보보호학부,,,True,True,True
목포대학교,사회과학대학,공공인재학부,,,True,True,True
목포대학교,경영대학,경상학부,,,True,True,True
숭실사이버대학교,단과대구분없음,스포츠・예술복지학과,,,True,True,True
강원대학교,공학대학,컴퓨터・미디어・산업공학부 미디어공학전공,,,True,True,True
강원대학교,공학대학,컴퓨터・미디어・산업공학부 산업경영공학전공,,,True,True,True
루터대학교,단과대구분없음,상담심리학과,,,True,True,True
호남대학교,경영대학,중국어학과,,,True,True,True
한성대학교,디자인대학,뷰티매니지먼트학과,,,True,True,True
경일대학교,예술대학,K-뷰티융합학부 뷰티화장품산업전공,,,True,True,True
경일대학교,예술대학,디자인학부 시각디자인전공,,,True,True,True
경일대학교,예술대학,디자인학부 산업디자인전공,,,True,True,True
경일대학교,예술대학,K-뷰티융합학부 패션디자인전공,,,True,True,True
경일대학교,예술대학,사진영상학부,,,True,True,True
경일대학교,간호대학,간호학과,,,True,True,True
경일대학교,소방대학,응급구조학과,,,True,True,True
경일대학교,소방대학,소방방재학과,,,True,True,True
경일대학교,사회안전대학,스포츠학과,,,True,True,True
경일대학교,사회안전대학,복지서비스학부 사회복지전공,,,True,True,True
경일대학교,사회안전대학,심리치료학과(인문계열),,,True,True,True
경일대학교,사회안전대학,경찰행정학부,,,True,True,True
경일대학교,ICT융합대학,상경학부 글로벌통상전공,,,True,True,True
경일대학교,ICT융합대학,상경학부 재무・투자정보전공,,,True,True,True
경일대학교,ICT융합대학,상경학부 경영학전공,,,True,True,True
경일대학교,공과대학,식품산업융합학과,,,True,True,True
경일대학교,자동차융합대학,신재생에너지학부,,,True,True,True
경일대학교,자동차융합대학,로봇공학부,,,True,True,True
경일대학교,자동차융합대학,전자공학부,,,True,True,True
경일대학교,사회안전대학,복지서비스학부 노인체육복지전공,,,True,True,True
경일대학교,사회안전대학,복지서비스학부 아동보육・문헌정보전공,,,True,True,True
경일대학교,ICT융합대학,융합산업기술학부,,,True,True,True
부산외국어대학교,글로벌IT대학,임베디드IT학부,,,True,True,True
부산외국어대학교,글로벌IT대학,컴퓨터소프트웨어학부,,,True,True,True
부산외국어대학교,글로컬창의융합대학,사회복지학과,,,True,True,True
부산외국어대학교,글로컬창의융합대학,스포츠산업학부,,,True,True,True
부산외국어대학교,글로벌인문융합대학,역사관광·외교학부,,,True,True,True
부산외국어대학교,글로벌비즈니스대학,경제금융학과,,,True,True,True
부산외국어대학교,글로벌인문융합대학,아랍지역학과,,,True,True,True
부산외국어대학교,글로벌인문융합대학,유럽지역통상학과,,,True,True,True
배재대학교,아펜젤러대학,제약공학전공,,,True,True,True
서경대학교,사회과학대학,공공인적자원학과(사회과학대학),,,True,True,True
서경대학교,인문과학대학,문화콘텐츠학과(인문과학대학),,,True,True,True
부산외국어대학교,글로벌IT대학,전자로봇공학과,,,True,True,True
건국대학교(글로컬),디자인대학,미디어학부,,,True,True,True
부산외국어대학교,글로컬창의융합대학,스포츠산업학부(스포츠산업전공),,,True,True,True
부산외국어대학교,글로컬창의융합대학,스포츠산업학부(사회체육전공),,,True,True,True
부산외국어대학교,글로벌인문융합대학,역사관광・외교학부(외교전공),,,True,True,True
부산외국어대학교,글로벌인문융합대학,역사관광・외교학부(역사관광전공),,,True,True,True
건국대학교(글로컬),과학기술대학,친환경과학부,,,True,True,True
영산대학교,평생교육대학,미용건강관리전공,,,True,True,True
고려대학교(세종),공공정책대학,경제통계학부(자연),,,True,True,True
한림대학교,단과대구분없음,벤처비즈니스융복합전공,,,True,True,True
한림대학교,단과대구분없음,청소년학전공,,,True,True,True
한림대학교,단과대구분없음,한중비즈니스전공,,,True,True,True
한림대학교,단과대구분없음,고령친화서비스전공,,,True,True,True
한림대학교,단과대구분없음,동북아지역융합인재전공,,,True,True,True
한림대학교,단과대구분없음,르네상스인문학전공,,,True,True,True
세한대학교,한류문화콘텐츠대학,생활체육학과,,,True,True,True
세한대학교,한류문화콘텐츠대학,태권도학과,,,True,True,True
세한대학교,한류문화콘텐츠대학,작곡전공,,,True,True,True
세한대학교,한류문화콘텐츠대학,보컬전공,,,True,True,True
세한대학교,한류문화콘텐츠대학,피아노학과,,,True,True,True
세한대학교,한류문화콘텐츠대학,전통연희학과,,,True,True,True
세한대학교,한류문화콘텐츠대학,만화애니메이션학과,,,True,True,True
세한대학교,한류문화콘텐츠대학,디자인학과,,,True,True,True
세한대학교,한류문화콘텐츠대학,경영한국어전공,,,True,True,True
세한대학교,한류문화콘텐츠대학,경영학전공,,,True,True,True
세한대학교,한류문화콘텐츠대학,경영학부,,,True,True,True
세한대학교,항공대학,항공운항학과,,,True,True,True
세한대학교,항공대학,항공교통물류학과,,,True,True,True
세한대학교,항공대학,항공서비스학과,,,True,True,True
세한대학교,경찰소방대학,소방행정학과,,,True,True,True
세한대학교,한류문화콘텐츠대학,해양레저학과,,,True,True,True
세한대학교,한류문화콘텐츠대학,실용음악학부,,,True,True,True
글로벌사이버대학교,단과대구분없음,융합경영학과,,,True,True,True
세한대학교,항공대학,항공정비학과,,,True,True,True
세한대학교,경찰소방대학,경찰행정학과,,,True,True,True
세한대학교,단과대구분없음,교직과,,,True,True,True
글로벌사이버대학교,단과대구분없음,융합콘텐츠학과,,,True,True,True
글로벌사이버대학교,단과대구분없음,뇌기반감정코칭학과,,,True,True,True
한양대학교(ERICA),단과대구분없음,창의융합교육원(공학),,,True,True,True
한양대학교(ERICA),단과대구분없음,창의융합교육원(인문사회),,,True,True,True
한양대학교(ERICA),단과대구분없음,창의융합교육원(자연과학),,,True,True,True
한양대학교(ERICA),단과대구분없음,창의융합교육원(예체능),,,True,True,True
세한대학교,한류문화콘텐츠대학,뮤지컬방송연기전공,,,True,True,True
세한대학교,한류문화콘텐츠대학,기악전공,,,True,True,True
차의과학대학교,융합과학대학,데이터경영학과,,,True,True,True
차의과학대학교,건강과학대학,보건복지행정학과,,,True,True,True
가톨릭꽃동네대학교,단과대구분없음,사회복지·상담심리학부,,,True,True,True
동의대학교,의료ㆍ보건ㆍ생활대학,의료경영학과,,,True,True,True
상지대학교,인문사회과학대학,미디어영상광고학부 언론영상전공,,,True,True,True
상지대학교,예술체육대학,시각영상디자인학과,,,True,True,True
상지대학교,생명과학대학,동물생명공학과,,,True,True,True
상지대학교,경상대학,FTA국제학부 국제경영전공,,,True,True,True
상지대학교,경상대학,FTA국제학부,,,True,True,True
상지대학교,인문사회과학대학,한국어문학과,,,True,True,True
상지대학교,인문사회과학대학,미디어영상광고학부 광고홍보전공,,,True,True,True
상지대학교,인문사회과학대학,미디어영상광고학부,,,True,True,True
동양대학교,단과대구분없음,디자인학부,,,True,True,True
동양대학교,단과대구분없음,도시문화콘텐츠학과,,,True,True,True
동양대학교,단과대구분없음,안전공학부,,,True,True,True
동양대학교,단과대구분없음,게임학부,,,True,True,True
동양대학교,단과대구분없음,철도기계시스템학과,,,True,True,True
동양대학교,단과대구분없음,건축소방안전학과,,,True,True,True
건국대학교(글로컬),과학기술대학,녹색환경시스템전공,,,True,True,True
건국대학교(글로컬),디자인대학,미디어콘텐츠전공,,,True,True,True
건국대학교(글로컬),디자인대학,시각영상디자인전공,,,True,True,True
전남대학교,단과대구분없음,법학과,,,True,True,True
건국대학교(글로컬),의료생명대학,뷰티화장품전공,,,True,True,True
홍익대학교,단과대구분없음,융합전공 자동차기술융합디자인전공,,,True,True,True
경주대학교,보건복지산업대학,소방방재전공,,,True,True,True
경주대학교,보건복지산업대학,환경에너지ㆍ방재학부,,,True,True,True
경주대학교,보건복지산업대학,환경에너지전공,,,True,True,True
동양대학교,단과대구분없음,항공IT학과,,,True,True,True
동양대학교,단과대구분없음,글로벌비즈니스학과,,,True,True,True
건국대학교(글로컬),과학기술대학,에너지소재학전공,,,True,True,True
건국대학교(글로컬),의료생명대학,바이오의약학전공,,,True,True,True
평택대학교,단과대구분없음,피어선칼리지(자연과학계열),,,True,True,True
평택대학교,단과대구분없음,피어선칼리지(인문사회계열),,,True,True,True
평택대학교,단과대구분없음,피어선칼리지(예체능계열),,,True,True,True
건국대학교(글로컬),인문사회융합대학,국제비즈니스학부,,,True,True,True
건국대학교(글로컬),인문사회융합대학,경영학전공,,,True,True,True
건국대학교(글로컬),인문사회융합대학,경제통상학전공,,,True,True,True
가천대학교,경영대학,경영학부(글로벌경영학),,,True,True,True
가천대학교,경영대학,경영학부(경영학),,,True,True,True
안양대학교,사회과학대학,공공행정학과,,,True,True,True
안양대학교,스마트창의융합대학,해양바이오공학전공,,,True,True,True
명지대학교,미래융합대학,융합예술실용음악학과,,,True,True,True
명지대학교,미래융합대학,유아보육학과,,,True,True,True
명지대학교,미래융합대학,아동심리상담학과,,,True,True,True
명지대학교,미래융합대학,아동보육상담학과,,,True,True,True
명지대학교,미래융합대학,뮤직콘텐츠학과,,,True,True,True
유원대학교,단과대구분없음,호텔관광항공학과,,,True,True,True
유원대학교,단과대구분없음,IT융합학부,,,True,True,True
유원대학교,단과대구분없음,미디어콘텐츠학과,,,True,True,True
유원대학교,단과대구분없음,호텔조리와인식품학부,,,True,True,True
강원대학교,인문대학,불어불문학전공,,,True,True,True
유원대학교,단과대구분없음,와인식품전공,,,True,True,True
유원대학교,단과대구분없음,실용음악학과,,,True,True,True
유원대학교,단과대구분없음,IT융합특허전공,,,True,True,True
유원대학교,단과대구분없음,스마트IT전공,,,True,True,True
유원대학교,단과대구분없음,외식조리전공,,,True,True,True
부산디지털대학교,단과대구분없음,컴퓨터공학과,,,True,True,True
국제사이버대학교,단과대구분없음,특수상담치료학과,,,True,True,True
부산디지털대학교,단과대구분없음,사회복지/IT계열,,,True,True,True
부산디지털대학교,단과대구분없음,상담/행정계열,,,True,True,True
부산디지털대학교,단과대구분없음,교육/경영계열,,,True,True,True
경기대학교,관광문화대학,언론미디어학과,,,True,True,True
경기대학교,관광문화대학,영상학과,,,True,True,True
경기대학교,휴먼인재융합대학,도예학과,,,True,True,True
경기대학교,휴먼인재융합대학,예술학과,,,True,True,True
경기대학교,휴먼인재융합대학,서예・문자예술학과,,,True,True,True
경기대학교,휴먼인재융합대학,서양화학과,,,True,True,True
경기대학교,휴먼인재융합대학,환경조각학과,,,True,True,True
경기대학교,휴먼인재융합대학,한국화학과,,,True,True,True
경기대학교,융합과학대학,컴퓨터과학과,,,True,True,True
경기대학교,지식정보서비스대학,국제통상학과,,,True,True,True
경기대학교,관광문화대학,외식・조리학과,,,True,True,True
경기대학교,융합과학대학,융합보안학과,,,True,True,True
공주대학교,공과대학,소프트웨어전공,,,True,True,True
창신대학교,미래융합지식대학,토목공학과,,,True,True,True
창신대학교,미래융합지식대학,경영회계학과,,,True,True,True
창신대학교,미래융합지식대학,호텔관광학과,,,True,True,True
창신대학교,보건복지문화대학,미술디자인학과,,,True,True,True
창신대학교,미래융합지식대학,항공서비스학과,,,True,True,True
창신대학교,미래융합지식대학,항공기계공학과,,,True,True,True
창신대학교,미래융합지식대학,한국어교육과,,,True,True,True
창신대학교,미래융합지식대학,컴퓨터소프트웨어공학과,,,True,True,True
창신대학교,미래융합지식대학,중국비즈니스학과,,,True,True,True
창신대학교,보건복지문화대학,음악학과,,,True,True,True
창신대학교,보건복지문화대학,유아교육과,,,True,True,True
창신대학교,보건복지문화대학,식품영양학과,,,True,True,True
창신대학교,미래융합지식대학,소방방재공학과,,,True,True,True
창신대학교,보건복지문화대학,사회복지학과,,,True,True,True
창신대학교,미래융합지식대학,부동산금융학과,,,True,True,True
창신대학교,보건복지문화대학,미용예술학과,,,True,True,True
창신대학교,보건복지문화대학,경찰행정학과,,,True,True,True
창신대학교,보건복지문화대학,간호학과,,,True,True,True
동신대학교,사회문화대학,한국어교원학과,,,True,True,True
동신대학교,사회문화대학,중국어학과,,,True,True,True
동신대학교,사회문화대학,아동영어교육학과,,,True,True,True
동신대학교,사회문화대학,방송연예학과,,,True,True,True
동신대학교,사회문화대학,관광일본어학과,,,True,True,True
동신대학교,사회문화대학,호텔관광학과,,,True,True,True
동의대학교,의료ㆍ보건ㆍ생활대학,의료경영학과(인문),,,True,True,True
영산대학교,창조문화융합대학,연기뮤지컬학과,,,True,True,True
영산대학교,창조문화융합대학,방송콘텐츠학과,,,True,True,True
영산대학교,창조문화융합대학,패션디자인학과,,,True,True,True
영산대학교,창조문화융합대학,미용예술학과,,,True,True,True
목포대학교,인문대학,인문학부,,,True,True,True
신한대학교,바이오생태보건대학,안경광학전공,,,True,True,True
신한대학교,바이오생태보건대학,뷰티헬스전공,,,True,True,True
신한대학교,바이오생태보건대학,뷰티헬스사이언스학부,,,True,True,True
신한대학교,바이오생태보건대학,치위생학과,,,True,True,True
신한대학교,바이오생태보건대학,치기공학과,,,True,True,True
신한대학교,바이오생태보건대학,방사선학과,,,True,True,True
신한대학교,바이오생태보건대학,임상병리학과,,,True,True,True
신한대학교,바이오생태보건대학,외식조리전공,,,True,True,True
신한대학교,바이오생태보건대학,식품영양전공,,,True,True,True
신한대학교,바이오생태보건대학,식품조리과학부,,,True,True,True
동덕여자대학교,교양대학,교양대학,,,True,True,True
한국전통문화대학교,단과대구분없음,기타모집단위,,,True,True,True
한국전통문화대학교,문화유산대학,무형유산학과,,,True,True,True
한국전통문화대학교,문화유산대학,문화유적학과,,,True,True,True
한국전통문화대학교,문화유산대학,문화재관리학과,,,True,True,True
한국전통문화대학교,기술과학대학,문화재보존과학과,,,True,True,True
한국전통문화대학교,기술과학대학,보존과학과,,,True,True,True
경기대학교,지식정보서비스대학,러시아학과,,,True,True,True
한국전통문화대학교,문화유산대학,융합고고학과,,,True,True,True
한국전통문화대학교,기술과학대학,전통건축학과,,,True,True,True
한국전통문화대학교,무형유산대학,전통미술공예학과,,,True,True,True
한국전통문화대학교,문화유산대학,전통미술공예학과,,,True,True,True
한국전통문화대학교,기술과학대학,전통조경학과,,,True,True,True
협성대학교,웨슬리창의융합대학,웨슬리창의융합대학,,,True,True,True
수원대학교,국제대학,자유전공학부,,,True,True,True
상지대학교,교양대학,교양대학,,,True,True,True
인천대학교,생명과학기술대학,바이오산업공학과,,,True,True,True
인천대학교,도시과학대학,도시시스템공학과,,,True,True,True
인천대학교,공과대학,융합기계공학과,,,True,True,True
수원대학교,융합문화예술대학,문화콘텐츠테크놀러지,,,True,True,True
한국해양대학교,공과대학,해양신소재융합공학과,,,True,True,True
동신대학교,사회문화대학,실용음악학과,,,True,True,True
서강대학교,단과대구분없음,기타모집단위,,,True,True,True
대구대학교,단과대구분없음,DU인재법학부(공공안전법학전공),,,True,True,True
대구대학교,단과대구분없음,DU인재법학부(사법학전공),,,True,True,True
대구대학교,단과대구분없음,DU인재법학부(공법학전공),,,True,True,True
대구대학교,과학생명융합대학,생명환경학부(식품환경안전학전공),,,True,True,True
대구대학교,과학생명융합대학,의생명과학과,,,True,True,True
대구대학교,과학생명융합대학,물리학과,,,True,True,True
대구대학교,인문교양대학,골프산업학과,,,True,True,True
대구대학교,인문교양대학,독어독문학과,,,True,True,True
대구대학교,인문교양대학,러시아어러시아학과,,,True,True,True
대구대학교,인문교양대학,한국어문학·문화학과,,,True,True,True
대구대학교,인문교양대학,국제한국어교육과,,,True,True,True
대구대학교,인문교양대학,국어국문학과,,,True,True,True
성공회대학교,단과대구분없음,열림교양대학,,,True,True,True
서원대학교,글로벌경영대학,금융보험학전공,,,True,True,True
경북대학교,사회과학대학,사회복지학부 사회복지거시전공,,,True,True,True
경북대학교,사회과학대학,사회복지학부 사회복지미시전공,,,True,True,True
강서대학교,단과대구분없음,산업경영학과,,,True,True,True
청주대학교,교양대학,교양학부,,,True,True,True
창원대학교,단과대구분없음,기타모집단위,,,True,True,True
한라대학교,단과대구분없음,기타모집단위,,,True,True,True
중원대학교,융합과학기술대학,신재생에너지자원학과,,,True,True,True
중원대학교,융합과학기술대학,레저스포츠학과,,,True,True,True
안양대학교,단과대구분없음,기타모집단위,,,True,True,True
숙명여자대학교,문과대학,르꼬르동블루외식경영전공,,,True,True,True
숙명여자대학교,문과대학,문화관광학전공,,,True,True,True
숙명여자대학교,단과대구분없음,앙트러프러너십전공,,,True,True,True
숙명여자대학교,단과대구분없음,글로벌협력전공,,,True,True,True
숙명여자대학교,단과대구분없음,테슬(TESL)전공,,,True,True,True
숙명여자대학교,단과대구분없음,영어영문학전공,,,True,True,True
나사렛대학교,단과대구분없음,기타모집단위,,,True,True,True
한일장신대학교,단과대구분없음,운동처방재활학과,,,True,True,True
순천향대학교,산학평생대학,영유아학과,,,True,True,True
경기대학교,휴먼인재융합대학,프랑스어문전공,,,True,True,True
한림대학교,미디어스쿨,미디어스쿨,,,True,True,True
광신대학교,단과대구분없음,한국어교육학과,,,True,True,True
우석대학교,간호대학,간호학과,,,True,True,True
한신대학교,IT대학,정보통신학전공,,,True,True,True
청운대학교,사회서비스대학,청소년상담교육학과,,,True,True,True
청운대학교,사회서비스대학,사회적기업학과,,,True,True,True
청운대학교,사회서비스대학,사회복지상담학과,,,True,True,True
청운대학교,사회서비스대학,창업경영학과,,,True,True,True
연세대학교,글로벌인재대학,글로벌인재학부,,,True,True,True
연세대학교,글로벌인재대학,국제통상전공,,,True,True,True
연세대학교,글로벌인재대학,한국언어문화교육전공,,,True,True,True
연세대학교,글로벌인재대학,한국문화・통상전공,,,True,True,True
연세대학교,글로벌인재대학,한국문화전공,,,True,True,True
연세대학교,글로벌인재대학,문화・미디어전공,,,True,True,True
인천대학교,예체능대학,생활체육학과,,,True,True,True
서울대학교,단과대구분없음,기타모집단위,,,True,True,True
한림대학교,산학협력특성화대학,사회혁신경영융합전공,,,True,True,True
한림대학교,미디어스쿨,언론방송융합미디어전공,,,True,True,True
한림대학교,미디어스쿨,디지털미디어콘텐츠전공,,,True,True,True
한림대학교,소프트웨어융합대학,콘텐츠IT전공,,,True,True,True
한림대학교,소프트웨어융합대학,빅데이터전공,,,True,True,True
한림대학교,미래융합스쿨,의약신소재전공,,,True,True,True
한림대학교,미래융합스쿨,융합관광경영전공,,,True,True,True
한림대학교,미래융합스쿨,동북아지역전공,,,True,True,True
한림대학교,소프트웨어융합대학,스마트IoT전공,,,True,True,True
한림대학교,미래융합스쿨,디지털인문예술전공,,,True,True,True
신한대학교,디자인예술대학,공연예술전공,,,True,True,True
한림대학교,미래융합스쿨,4차산업혁명전공,,,True,True,True
충북대학교,자연과학대학,생명과학부 생물학전공,,,True,True,True
가톨릭대학교,단과대구분없음,스타트업융복합전공,,,True,True,True
한림대학교,데이터과학융합스쿨,임상의학통계전공,,,True,True,True
한림대학교,데이터과학융합스쿨,디지털금융정보전공,,,True,True,True
한림대학교,데이터과학융합스쿨,데이터테크전공,,,True,True,True
한림대학교,소프트웨어융합대학,소프트웨어융합대학,,,True,True,True
한림대학교,데이터과학융합스쿨,데이터과학융합스쿨,,,True,True,True
이화여자대학교,인문과학대학,인문과학대학,,,True,True,True
대구대학교,재활과학대학,재활건강증진학과,,,True,True,True
동의대학교,공과대학,식품공학전공,,,True,True,True
서울사이버대학교,단과대구분없음,미래융합인재학부,,,True,True,True
안동대학교,생명과학대학,간호학과(4년제),,,True,True,True
안동대학교,사회과학대학,경제무역학부,,,True,True,True
안동대학교,생명과학대학,원예・생약융합학부,,,True,True,True
안동대학교,사회과학대학,생활복지학과,,,True,True,True
안동대학교,인문예술대학,미술학과,,,True,True,True
안동대학교,인문예술대학,음악과,,,True,True,True
안동대학교,인문예술대학,의류학과,,,True,True,True
안동대학교,인문예술대학,사학과,,,True,True,True
안동대학교,인문예술대학,동양철학과,,,True,True,True
안동대학교,인문예술대학,민속학과,,,True,True,True
안동대학교,인문예술대학,한문학과,,,True,True,True
안동대학교,인문예술대학,유럽문화 ・ 관광학과,,,True,True,True
안동대학교,인문예술대학,중어중문학과,,,True,True,True
안동대학교,인문예술대학,국어국문학과,,,True,True,True
강서대학교,단과대구분없음,G2빅데이터경영학과,,,True,True,True
국민대학교,체육대학,스포츠건강재활학과,,,True,True,True
국민대학교,체육대학,스포츠교육학과,,,True,True,True
국민대학교,체육대학,스포츠산업레저학과,,,True,True,True
한일장신대학교,단과대구분없음,교양학과,,,True,True,True
안동대학교,사회과학대학,경영학전공,,,True,True,True
덕성여자대학교,공과대학,컴퓨터공학과,,,True,True,True
가야대학교(김해),단과대구분없음,외식조리영양학부,,,True,True,True
한국폴리텍 IV 대학 대전캠퍼스,단과대구분없음,스마트로봇자동화과,,,True,True,True
안동대학교,생명과학대학,생명공학부,,,True,True,True
안동대학교,생명과학대학,생명과학전공,,,True,True,True
디지털서울문화예술대학교,단과대구분없음,조리학과,,,True,True,True
디지털서울문화예술대학교,단과대구분없음,한국어교육학과,,,True,True,True
한밭대학교,미래산업융합대학,융합디자인학과,,,True,True,True
한국외국어대학교,단과대구분없음,KFL학부,,,True,True,True
영산대학교,호텔관광대학,외국어학부,,,True,True,True
안동대학교,사회과학대학,경영회계학부,,,True,True,True
강원대학교,문화예술‧공과대학,화학공학전공,,,True,True,True
강원대학교,문화예술‧공과대학,생물공학전공,,,True,True,True
강원대학교,문화예술‧공과대학,에너지자원공학전공,,,True,True,True
강원대학교,문화예술‧공과대학,산업공학전공,,,True,True,True
강원대학교,문화예술‧공과대학,화학생물공학부,,,True,True,True
강원대학교,문화예술‧공과대학,에너지자원·산업공학부,,,True,True,True
강원대학교,문화예술‧공과대학,재료공학전공,,,True,True,True
강원대학교,문화예술‧공과대학,환경공학전공,,,True,True,True
강원대학교,문화예술‧공과대학,토목공학전공,,,True,True,True
강원대학교,문화예술‧공과대학,건축공학전공,,,True,True,True
강원대학교,문화예술‧공과대학,건축·토목·환경공학부,,,True,True,True
강원대학교,문화예술‧공과대학,건축학과(5),,,True,True,True
강원대학교,문화예술‧공과대학,음악학과,,,True,True,True
강원대학교,문화예술‧공과대학,영상문화학과,,,True,True,True
강원대학교,문화예술‧공과대학,스포츠과학과,,,True,True,True
강원대학교,문화예술‧공과대학,미술학과,,,True,True,True
강원대학교,문화예술‧공과대학,무용학과,,,True,True,True
강원대학교,문화예술‧공과대학,디자인학과,,,True,True,True
강원대학교,문화예술‧공과대학,기계의용·메카트로닉스·재료공학부,,,True,True,True
강원대학교,문화예술‧공과대학,기계의용공학전공,,,True,True,True
인제대학교,소프트웨어대학,드론IoT시뮬레이션학부,,,True,True,True
신라대학교,글로벌비즈니스대학,국제관광경영학부,,,True,True,True
인하대학교,미래융합대학,금융투자학과,,,True,True,True
인하대학교,미래융합대학,메카트로닉스공학과,,,True,True,True
영산대학교,창조인재대학,베트남지역전공,,,True,True,True
영산대학교,창조인재대학,인도네시아지역전공,,,True,True,True
강원대학교,인문사회‧디자인스포츠대학,영어전공,,,True,True,True
강원대학교,인문사회‧디자인스포츠대학,공공행정전공,,,True,True,True
강원대학교,인문사회‧디자인스포츠대학,글로벌인재학부,,,True,True,True
강원대학교,인문사회‧디자인스포츠대학,관광학과,,,True,True,True
강원대학교,문화예술‧공과대학,메카트로닉스공학전공,,,True,True,True
안동대학교,단과대구분없음,창의융합학부(이공계열),,,True,True,True
안동대학교,단과대구분없음,창의융합학부(인문사회계열),,,True,True,True
한국외국어대학교,단과대구분없음,외국어로서의한국어통번역전공,,,True,True,True
한국외국어대학교,단과대구분없음,외국어로서의한국어교육전공,,,True,True,True
강원대학교,인문사회‧디자인스포츠대학,지역경제전공,,,True,True,True
강원대학교,인문사회‧디자인스포츠대학,일본어학과,,,True,True,True
강원대학교,인문사회‧디자인스포츠대학,유아교육과,,,True,True,True
강원대학교,인문사회‧디자인스포츠대학,연극영화학과,,,True,True,True
강원대학교,인문사회‧디자인스포츠대학,생활조형디자인학과,,,True,True,True
강원대학교,인문사회‧디자인스포츠대학,사회복지학과,,,True,True,True
강원대학교,농업생명과학대학,미래농업융합학부,,,True,True,True
강원대학교,농업생명과학대학,시설농업학전공,,,True,True,True
강원대학교,농업생명과학대학,농생명산업학전공,,,True,True,True
한양사이버대학교,단과대구분없음,법・공무행정학과,,,True,True,True
한양사이버대학교,단과대구분없음,호텔외식경영학과,,,True,True,True
강원대학교,인문사회‧디자인스포츠대학,멀티디자인학과,,,True,True,True
강원대학교,인문사회‧디자인스포츠대학,레저스포츠학과,,,True,True,True
강원대학교,공학대학,소프트웨어미디어・산업공학부,,,True,True,True
강원대학교,단과대구분없음,자유전공학부(자연계열),,,True,True,True
강원대학교,단과대구분없음,자유전공학부(인문계열),,,True,True,True
한국해양대학교,국제대학,법무비즈니스학부,,,True,True,True
우석대학교,보건복지대학,물리치료학과,,,True,True,True
국민대학교,경영대학,재무금융회계학부,,,True,True,True
동국대학교(WISE),상경대학,호텔관광외식경영학부,,,True,True,True
동국대학교(WISE),사회대학,행정・경찰공공학부,,,True,True,True
동국대학교(WISE),과학기술대학,에너지공학전공,,,True,True,True
동국대학교(WISE),인문대학,중어중문학전공,,,True,True,True
동국대학교(WISE),인문대학,일어일문학전공,,,True,True,True
동국대학교(WISE),인문대학,영어영문학전공,,,True,True,True
동국대학교(WISE),인문대학,고고미술사학전공,,,True,True,True
동국대학교(WISE),인문대학,국사학전공,,,True,True,True
동국대학교(WISE),인문대학,국어국문학전공,,,True,True,True
한국해양대학교,국제대학,법무비즈니스학부(부동산법전공),,,True,True,True
한국해양대학교,국제대학,법무비즈니스학부(법무비즈니스전공),,,True,True,True
가톨릭관동대학교,휴먼서비스대학,치매전문재활학과,,,True,True,True
가톨릭관동대학교,휴먼서비스대학,언어재활상담학과,,,True,True,True
경기대학교,창의공과대학,건축안전공학과,,,True,True,True
부경대학교,수산과학대학,수해양산업교육과 항해공학전공,,,True,True,True
건양사이버대학교,단과대구분없음,아동학과,,,True,True,True
경남대학교,건강과학대학,식품개발학전공,,,True,True,True
경남대학교,경영대학,호텔컨벤션경영학전공,,,True,True,True
경남대학교,경영대학,관광항공경영학전공,,,True,True,True
경남대학교,문과대학,한국어문학과,,,True,True,True
한국해양대학교,공과대학,제어자동화공학부(IT융합전공),,,True,True,True
한국해양대학교,공과대학,제어자동화공학부(제어계측공학전공),,,True,True,True
가톨릭관동대학교,의료융합대학,바이오융합공학과,,,True,True,True
가톨릭관동대학교,휴먼서비스대학,중독재활학과,,,True,True,True
세명대학교,인문예술대학,디자인학부,,,True,True,True
가톨릭관동대학교,의료융합대학,치위생학과,,,True,True,True
한세대학교,단과대구분없음,ICT융합학과,,,True,True,True
한세대학교,단과대구분없음,영어학과,,,True,True,True
한세대학교,단과대구분없음,미디어영상광고학과,,,True,True,True
경일대학교,단과대구분없음,스마트푸드테크학과,,,True,True,True
경일대학교,단과대구분없음,스마트전력인프라학과,,,True,True,True
경일대학교,단과대구분없음,스마트팩토리융합학과,,,True,True,True
경일대학교,휴먼사이언스대학,항공서비스학과,,,True,True,True
경일대학교,창의융합대학,만화애니메이션학과,,,True,True,True
경일대학교,미래융합대학,스마트산업학부,,,True,True,True
경일대학교,미래융합대학,ICT경영학부,,,True,True,True
경일대학교,미래융합대학,원자력에너지융합학과,,,True,True,True
동서대학교,글로벌비즈니스대학,국제물류학전공,,,True,True,True
동서대학교,글로벌비즈니스대학,국제통상학전공,,,True,True,True
동서대학교,글로벌비즈니스대학,경영학전공,,,True,True,True
동서대학교,글로벌비즈니스대학,중국어학과,,,True,True,True
동서대학교,글로벌비즈니스대학,일본어학과,,,True,True,True
경일대학교,휴먼사이언스대학,K-뷰티화장품산업학과,,,True,True,True
경일대학교,휴먼사이언스대학,스포츠학과,,,True,True,True
경일대학교,휴먼사이언스대학,복지서비스학부 노인체육복지전공,,,True,True,True
경일대학교,휴먼사이언스대학,복지서비스학부 아동문헌정보전공,,,True,True,True
경일대학교,휴먼사이언스대학,복지서비스학부 사회복지전공,,,True,True,True
경일대학교,휴먼사이언스대학,상경학부 국제통상학전공,,,True,True,True
경일대학교,휴먼사이언스대학,상경학부 경영학전공,,,True,True,True
경일대학교,휴먼사이언스대학,식품개발학과,,,True,True,True
경일대학교,휴먼사이언스대학,의용공학과,,,True,True,True
경일대학교,휴먼사이언스대학,심리치료학과(인문계열),,,True,True,True
경일대학교,휴먼사이언스대학,응급구조학과,,,True,True,True
경일대학교,휴먼사이언스대학,간호학과,,,True,True,True
경일대학교,창의융합대학,디지털미디어디자인학과,,,True,True,True
경일대학교,창의융합대학,사진영상학부,,,True,True,True
경일대학교,창의융합대학,사이버보안학과,,,True,True,True
경일대학교,창의융합대학,컴퓨터공학과,,,True,True,True
경일대학교,안전인프라융합대학,부동산지적학과,,,True,True,True
경일대학교,안전인프라융합대학,경찰행정학부,,,True,True,True
경일대학교,안전인프라융합대학,철도학과,,,True,True,True
경일대학교,안전인프라융합대학,공간정보공학과,,,True,True,True
경일대학교,안전인프라융합대학,건축공학과,,,True,True,True
경일대학교,안전인프라융합대학,건축학과,,,True,True,True
경일대학교,안전인프라융합대학,소방방재학과,,,True,True,True
경일대학교,안전인프라융합대학,도시인프라공학부,,,True,True,True
동서대학교,글로벌비즈니스대학,영어학과,,,True,True,True
동서대학교,소프트웨어융합대학,컴퓨터공학부,,,True,True,True
동서대학교,International College,동아시아학과,,,True,True,True
동서대학교,글로벌비즈니스대학,국제통상물류학부,,,True,True,True
동서대학교,글로벌비즈니스대학,글로벌경영학부,,,True,True,True
동서대학교,소프트웨어융합대학,디지털콘텐츠학부,,,True,True,True
서원대학교,휴먼서비스대학,융합디자인학과,,,True,True,True
서원대학교,미래대학,사회복지학전공,,,True,True,True
서원대학교,미래대학,영유아보육학전공,,,True,True,True
서원대학교,미래대학,경영학전공,,,True,True,True
서원대학교,휴먼서비스대학,사회복지학부,,,True,True,True
서원대학교,휴먼서비스대학,소방행정학과,,,True,True,True
서원대학교,글로벌경영대학,한국어교육전공,,,True,True,True
경남과학기술대학교,상경대학,데이터융합학부(데이터사이언스전공),,,True,True,True
경남과학기술대학교,상경대학,회계학과,,,True,True,True
경남과학기술대학교,상경대학,데이터융합학부(스포츠매니지먼트전공),,,True,True,True
한양사이버대학교,단과대구분없음,전기전자공학과,,,True,True,True
한양사이버대학교,단과대구분없음,응용소프트웨어공학과,,,True,True,True
한양사이버대학교,단과대구분없음,기계제어공학과,,,True,True,True
한양사이버대학교,단과대구분없음,시각디자인학과,,,True,True,True
한양사이버대학교,단과대구분없음,뉴미디어디자인학과,,,True,True,True
한양사이버대학교,단과대구분없음,디자인기획학과,,,True,True,True
한양사이버대학교,단과대구분없음,산업디자인학과,,,True,True,True
인제대학교,i-LAC,교양학부,,,True,True,True
국민대학교,경영대학,재무금융전공,,,True,True,True
인제대학교,i-LAC,교양학부(자연계열),,,True,True,True
인제대학교,i-LAC,외국어교육원,,,True,True,True
국민대학교,과학기술대학,응용화학부,,,True,True,True
경남대학교,건강과학대학,생명공학전공,,,True,True,True
서원대학교,휴먼서비스대학,음악과,,,True,True,True
서원대학교,휴먼서비스대학,피아노전공,,,True,True,True
서원대학교,휴먼서비스대학,작곡전공,,,True,True,True
서원대학교,휴먼서비스대학,사회복지학전공,,,True,True,True
서원대학교,휴먼서비스대학,복지행정학전공,,,True,True,True
한국교통대학교,철도대학,철도시스템공학과,,,True,True,True
삼육대학교,미래융합대학,컴퓨터・메카트로닉스공학부,,,True,True,True
삼육대학교,간호대학,간호학과,,,True,True,True
한국폴리텍 특성화대학 항공캠퍼스,단과대구분없음,항공전기제어과,,,True,True,True
동서대학교,글로벌비즈니스대학,외국어계열,,,True,True,True
동서대학교,미래커리어대학,경찰사법학부,,,True,True,True
동서대학교,미래커리어대학,미래ICT융합학부,,,True,True,True
충남대학교,생명시스템과학대학,미생물・분자생명과학과,,,True,True,True
충남대학교,공과대학,컴퓨터융합학부,,,True,True,True
동서대학교,임권택영화예술대학,영화과,,,True,True,True
우석대학교,보건복지대학,소방방재학과,,,True,True,True
중앙대학교,예술공학대학,컴퓨터예술학부,,,True,True,True
숭실사이버대학교,단과대구분없음,실용외국어학과,,,True,True,True
한세대학교,단과대구분없음,인문・사회과학부,,,True,True,True
숭실사이버대학교,단과대구분없음,스포츠복지학과,,,True,True,True
숭실사이버대학교,단과대구분없음,ICT공학과,,,True,True,True
서원대학교,휴먼서비스대학,호텔외식조리학부,,,True,True,True
서원대학교,휴먼서비스대학,호텔조리전공,,,True,True,True
서원대학교,휴먼서비스대학,디저트식음료경영전공,,,True,True,True
국민대학교,과학기술대학,나노소재전공,,,True,True,True
삼육대학교,인문사회대학,글로벌한국학과,,,True,True,True
배재대학교,김소월대학,관광축제리조트경영학과,,,True,True,True
성균관대학교,단과대구분없음,글로벌융합학부,,,True,True,True
성균관대학교,사회과학대학,미디어커뮤니케이션학과,,,True,True,True
경운대학교,항공공과대학,컴퓨터공학과,,,True,True,True
연세대학교,글로벌인재대학,응용정보공학전공,,,True,True,True
연세대학교,글로벌인재대학,바이오생활공학전공,,,True,True,True
연세대학교,글로벌인재대학,글로벌기초교육학부,,,True,True,True
배재대학교,서재필대학,공공인재학부,,,True,True,True
경운대학교,사회안전대학,항공보안경호학부,,,True,True,True
경운대학교,간호보건대학,의료서비스경영학과,,,True,True,True
경운대학교,항공서비스대학,항공서비스학과,,,True,True,True
경운대학교,항공공과대학,항공산업보안학과,,,True,True,True
광운대학교,경영대학,국제통상전공,,,True,True,True
광운대학교,인문사회과학대학,미디어커뮤니케이션학부,,,True,True,True
광운대학교,인문사회과학대학,영어산업학과,,,True,True,True
중앙대학교,생명공학대학,생명자원공학부(식물생명공학전공),,,True,True,True
성결대학교,사회과학대학,행정학과,,,True,True,True
성결대학교,사회과학대학,경영학과,,,True,True,True
성결대학교,사회과학대학,관광개발학과,,,True,True,True
성결대학교,공과대학,산업경영공학과,,,True,True,True
성결대학교,공과대학,미디어소프트웨어학과,,,True,True,True
성결대학교,공과대학,정보통신공학과,,,True,True,True
성결대학교,공과대학,컴퓨터공학과,,,True,True,True
성결대학교,사회과학대학,국제개발협력학과,,,True,True,True
서원대학교,미래대학,비전학부,,,True,True,True
부산디지털대학교,단과대구분없음,재활상담복지학전공,,,True,True,True
부산디지털대학교,단과대구분없음,평생교육학과,,,True,True,True
부산디지털대학교,단과대구분없음,아동보육학과,,,True,True,True
영산대학교,평생교육대학,빅데이터융합전공,,,True,True,True
성균관대학교,단과대구분없음,인포매틱스융합전공,,,True,True,True
성균관대학교,단과대구분없음,컬처앤테크놀로지융합전공,,,True,True,True
경운대학교,항공공과대학,항공컴퓨터학과,,,True,True,True
서강대학교,단과대구분없음,아트&테크놀로지전공,,,True,True,True
서강대학교,단과대구분없음,글로벌한국학전공,,,True,True,True
서강대학교,단과대구분없음,미디어&엔터테인먼트전공,,,True,True,True
서강대학교,단과대구분없음,신문방송학전공,,,True,True,True
서강대학교,단과대구분없음,지식융합미디어학부,,,True,True,True
경운대학교,사회안전대학,경호무도학전공,,,True,True,True
경운대학교,사회안전대학,항공보안학전공,,,True,True,True
배재대학교,서재필대학,경찰소방전공,,,True,True,True
세명대학교,사회과학대학,기업경영학과,,,True,True,True
한국해양대학교,해양과학기술대학,해양환경학과,,,True,True,True
안동대학교,생명과학대학,생명백신공학전공,,,True,True,True
대전대학교,H-LAC,정치외교학전공,,,True,True,True
대전대학교,H-LAC,생명과학전공,,,True,True,True
동국대학교(WISE),인문대학,글로벌어문학부,,,True,True,True
대전대학교,H-LAC,경제학전공,,,True,True,True
대전대학교,H-LAC,국어국문창작학전공,,,True,True,True
대전대학교,공과대학,안전융합학부,,,True,True,True
동국대학교(WISE),사회대학,공공행정학전공,,,True,True,True
대전대학교,H-LAC,역사문화학전공,,,True,True,True
한국폴리텍 V 대학 익산캠퍼스,단과대구분없음,산업설비과,,,True,True,True
동신대학교,공과대학,토목환경공학과,,,True,True,True
대구가톨릭대학교,디자인대학,회화과,,,True,True,True
대구가톨릭대학교,음악대학,실용음악과,,,True,True,True
대구가톨릭대학교,사회과학대학,가족상담복지학과,,,True,True,True
한국열린사이버대학교,단과대구분없음,상담복지계열,,,True,True,True
부경대학교,인문사회과학대학,자원환경경제학전공,,,True,True,True
대구가톨릭대학교,공과대학,건축공학과,,,True,True,True
대구가톨릭대학교,공과대학,메카트로닉스공학전공,,,True,True,True
대구가톨릭대학교,공과대학,기계시스템전공,,,True,True,True
대구가톨릭대학교,바이오메디대학,제약공학과,,,True,True,True
대구가톨릭대학교,바이오메디대학,생명공학과,,,True,True,True
대구가톨릭대학교,바이오메디대학,식품공학과,,,True,True,True
대구가톨릭대학교,바이오메디대학,생명화학전공,,,True,True,True
대구가톨릭대학교,바이오메디대학,의생명화학부,,,True,True,True
대구가톨릭대학교,바이오메디대학,환경과학과,,,True,True,True
대구가톨릭대학교,바이오메디대학,원예학과,,,True,True,True
대구가톨릭대학교,바이오메디대학,조경학과,,,True,True,True
대구가톨릭대학교,글로벌비즈니스대학,조리외식경영학과,,,True,True,True
대구가톨릭대학교,글로벌비즈니스대학,스페인어중남미학과,,,True,True,True
대구가톨릭대학교,프란치스코칼리지,자율전공학부,,,True,True,True
신라대학교,보건복지대학,복지상담학부 상담심리복지전공,,,True,True,True
신라대학교,보건복지대학,복지상담학부 사회복지전공,,,True,True,True
신라대학교,글로벌비즈니스대학,무역경제학부 경제금융학전공,,,True,True,True
신라대학교,글로벌비즈니스대학,무역경제학부 무역물류학전공,,,True,True,True
신라대학교,글로벌비즈니스대학,관광경영전공,,,True,True,True
아주대학교,사회과학대학,스포츠레저학과,,,True,True,True
성균관대학교,단과대구분없음,데이터사이언스융합전공,,,True,True,True
대구가톨릭대학교,공과대학,자동차생산전공,,,True,True,True
한국국제대학교,공과대학,항공공학부,,,True,True,True
한국항공대학교,공과대학,공학융합학부,,,True,True,True
동국대학교,미래융합대학,융합보안학과,,,True,True,True
동국대학교,사회과학대학,사회복지학과,,,True,True,True
대진대학교,휴먼IT공과대학,에너지화학공학전공,,,True,True,True
대진대학교,휴먼IT공과대학,컴퓨터공학전공,,,True,True,True
대진대학교,인문예술대학,현대한국화전공,,,True,True,True
광주대학교,보건복지교육대학,스포츠과학부,,,True,True,True
한성대학교,미래플러스대학,호텔외식경영학과,,,True,True,True
한성대학교,미래플러스대학,뷰티디자인학과,,,True,True,True
이화여자대학교,스크랜튼대학,스크랜튼학부,,,True,True,True
한국국제대학교,의료보건대학,제약화장품학과,,,True,True,True
한림대학교,일송자유교양대학,일송자유교양대학,,,True,True,True
전남대학교,문화사회과학대학,글로벌학부,,,True,True,True
전남대학교,농업생명과학대학,산림자원학과,,,True,True,True
강원대학교,자연과학대학,화학ㆍ생화학부,,,True,True,True
전남대학교,농업생명과학대학,농식품생명공학부,,,True,True,True
전남대학교,농업생명과학대학,농생명화학과,,,True,True,True
한림대학교,미래융합스쿨,융합신소재공학전공,,,True,True,True
한국폴리텍 VI 대학 영남융합기술캠퍼스,단과대구분없음,융합디자인과,,,True,True,True
위덕대학교,단과대구분없음,신재생에너지반도체공학부,,,True,True,True
서원대학교,미래대학,미래대학,,,True,True,True
예원예술대학교,단과대구분없음,만화게임영상전공,,,True,True,True
예원예술대학교,단과대구분없음,미술조형전공,,,True,True,True
예원예술대학교,단과대구분없음,한지공간조형디자인전공,,,True,True,True
고려사이버대학교,단과대구분없음,평생・직업교육학과,,,True,True,True
한국열린사이버대학교,상담복지대학,국방상담리더십학과,,,True,True,True
한국열린사이버대학교,상담복지대학,통합예술치료학과,,,True,True,True
한국열린사이버대학교,상담복지대학,상담심리학과,,,True,True,True
한국열린사이버대학교,상담복지대학,사회복지학과,,,True,True,True
삼육대학교,미래융합대학,IT융합공학과,,,True,True,True
한국공학대학교,기업인재대학,ICT융합공학과,,,True,True,True
한국공학대학교,기업인재대학,융합소재공학과,,,True,True,True
한국공학대학교,기업인재대학,창의디자인학과,,,True,True,True
우송대학교,단과대구분없음,국제학부 국제학전공,,,True,True,True
우송대학교,단과대구분없음,국제학부 글로벌복수학위전공,,,True,True,True
우송대학교,단과대구분없음,소방안전학부,,,True,True,True
우송대학교,단과대구분없음,테크노미디어융합학부 미디어디자인・영상전공,,,True,True,True
예원예술대학교,단과대구분없음,애니메이션전공,,,True,True,True
예원예술대학교,단과대구분없음,뷰티패션디자인전공,,,True,True,True
예원예술대학교,단과대구분없음,연극영화전공,,,True,True,True
예원예술대학교,단과대구분없음,금속조형디자인전공,,,True,True,True
호남대학교,예술대학,패션디자인학과,,,True,True,True
호남대학교,보건과학대학,바이오융합학과,,,True,True,True
호남대학교,ICT융합대학,소프트웨어학과,,,True,True,True
동아대학교,예술체육대학,공예학과,,,True,True,True
예원예술대학교,단과대구분없음,시각디자인전공,,,True,True,True
예원예술대학교,단과대구분없음,공연예술뮤지컬전공,,,True,True,True
창원대학교,공과대학,산업시스템 및 조선해양 융합공학부,,,True,True,True
우송대학교,단과대구분없음,글로벌아동교육학과,,,True,True,True
우송대학교,단과대구분없음,사회복지학과,,,True,True,True
동명대학교,공과대학,전자및의용공학부,,,True,True,True
호남대학교,경영대학,경영학부,,,True,True,True
인천대학교,글로벌법정경대학,소비자학과,,,True,True,True
건양사이버대학교,단과대구분없음,재난안전소방학과,,,True,True,True
신라대학교,글로벌비즈니스대학,호텔・크루즈경영전공,,,True,True,True
신라대학교,단과대구분없음,항공학부 항공운항학전공,,,True,True,True
신라대학교,단과대구분없음,항공학부 항공정비학전공,,,True,True,True
신라대학교,인문사회과학대학,문예창작비평학과,,,True,True,True
신라대학교,단과대구분없음,항공학부 항공서비스학전공,,,True,True,True
상지대학교,인문사회과학대학,영어학과,,,True,True,True
호원대학교,사회안전대학,소방안전학과,,,True,True,True
호원대학교,평생학습대학,뷰티산업학과,,,True,True,True
호원대학교,공과대학,기계자동차공학과,,,True,True,True
호원대학교,문화예술대학,경영학과,,,True,True,True
호원대학교,문화예술대학,호텔외식조리학과,,,True,True,True
호원대학교,사회안전대학,사회복지학과,,,True,True,True
호원대학교,문화예술대학,K-POP학과,,,True,True,True
동국대학교(WISE),상경대학,조리외식경영학전공,,,True,True,True
동국대학교(WISE),상경대학,호텔관광경영학전공,,,True,True,True
서울과학기술대학교,미래융합대학,융합공학부,,,True,True,True
우송대학교,단과대구분없음,"외식조리학부 외식,조리경영전공",,,True,True,True
우송대학교,단과대구분없음,글로벌철도・교통물류학부,,,True,True,True
대구가톨릭대학교,글로벌비즈니스대학,한국어문학과,,,True,True,True
위덕대학교,단과대구분없음,융합기초학부,,,True,True,True
조선대학교,법과대학,프리로스쿨학과,,,True,True,True
조선대학교,미래사회융합대학,신산업융합학부,,,True,True,True
한국열린사이버대학교,단과대구분없음,실용융합계열,,,True,True,True
경남대학교,건강과학대학,화장품과학전공,,,True,True,True
우송대학교,단과대구분없음,스포츠건강재활학과,,,True,True,True
세종사이버대학교,단과대구분없음,군경상담학과,,,True,True,True
세종사이버대학교,단과대구분없음,디지털마케팅학과,,,True,True,True
세한대학교,단과대구분없음,언어치료학과,,,True,True,True
한남대학교,생명ㆍ나노과학대학,스포츠과학과,,,True,True,True
한남대학교,공과대학,전기전자공학과,,,True,True,True
대전대학교,공과대학,응용화학전공,,,True,True,True
대전대학교,공과대학,환경공학전공,,,True,True,True
대전대학교,H-LAC,글로벌문화콘텐츠학전공,,,True,True,True
세한대학교,한류문화콘텐츠대학,실용음악학과,,,True,True,True
한국열린사이버대학교,실용융합대학,소방방재안전학과,,,True,True,True
위덕대학교,단과대구분없음,한국어학부,,,True,True,True
세종사이버대학교,단과대구분없음,패션비즈니스학과,,,True,True,True
한국항공대학교,항공-경영대학,항공・경영융합학부,,,True,True,True
한국열린사이버대학교,실용융합대학,실용영어학과,,,True,True,True
한림대학교,나노융합스쿨,나노융합스쿨,,,True,True,True
세한대학교,단과대구분없음,휴먼서비스융합학부,,,True,True,True
한국열린사이버대학교,실용융합대학,창업경영컨설팅학과,,,True,True,True
한국열린사이버대학교,실용융합대학,경찰보안학과,,,True,True,True
강원대학교,공학대학,산업경영공학전공,,,True,True,True
상지대학교,인문사회과학대학,부동산학과,,,True,True,True
경희사이버대학교,단과대구분없음,한방건강관리학과,,,True,True,True
경희사이버대학교,단과대구분없음,미디어영상홍보전공,,,True,True,True
경희사이버대학교,단과대구분없음,후마니타스학과,,,True,True,True
경희사이버대학교,단과대구분없음,금융경제전공,,,True,True,True
경희사이버대학교,단과대구분없음,도시계획부동산전공,,,True,True,True
경희사이버대학교,단과대구분없음,금융부동산학부,,,True,True,True
신한대학교,바이오생태보건대학,바이오식품산업전공,,,True,True,True
신한대학교,디자인예술대학,모델콘텐츠전공,,,True,True,True
건양대학교,휴머니티칼리지,휴머니티칼리지,,,True,True,True
남부대학교,단과대구분없음,교양학부,,,True,True,True
남부대학교,단과대구분없음,한국어학과,,,True,True,True
전북대학교,공과대학,전자공학부(융합IT공학전공),,,True,True,True
전북대학교,공과대학,전자공학부(제어로봇공학전공),,,True,True,True
경북대학교,자연과학대학,생명과학부 생명공학전공,,,True,True,True
전북대학교,공과대학,융합기술공학부(IT융합기전공학전공),,,True,True,True
경성대학교,예술종합대학,산업디자인학전공,,,True,True,True
청주대학교,공과대학,건축공학프로그램,,,True,True,True
청주대학교,공과대학,건축학프로그램(5년),,,True,True,True
청주대학교,단과대구분없음,무인항공기학전공,,,True,True,True
청주대학교,단과대구분없음,항공서비스학전공,,,True,True,True
청주대학교,예술대학,연극영화학부,,,True,True,True
청주대학교,예술대학,디지털미디어디자인전공,,,True,True,True
청주대학교,인문사회대학,광고홍보문화콘텐츠전공,,,True,True,True
청주대학교,비즈니스대학,관광항공경영학전공,,,True,True,True
서경대학교,미용예술대학,미용예술학과,,,True,True,True
숭실사이버대학교,단과대구분없음,한국어교육학과,,,True,True,True
대구가톨릭대학교,공과대학,에너지신소재공학전공,,,True,True,True
대구가톨릭대학교,공과대학,화학공학전공,,,True,True,True
한국열린사이버대학교,실용융합대학,멀티미디어디자인학과,,,True,True,True
한국열린사이버대학교,실용융합대학,부동산금융자산학과,,,True,True,True
경희사이버대학교,단과대구분없음,문화예술경영전공,,,True,True,True
국민대학교,과학기술대학,바이오의약전공,,,True,True,True
중앙대학교,소프트웨어대학,소프트웨어학부,,,True,True,True
동국대학교(WISE),인문대학,인문콘텐츠학부,,,True,True,True
평택대학교,사회서비스대학,아동・청소년교육상담학과,,,True,True,True
경희사이버대학교,단과대구분없음,NGO사회혁신학과,,,True,True,True
대신대학교,단과대구분없음,교회실용음악학부,,,True,True,True
중원대학교,의료보건대학,의료뷰티케어학과,,,True,True,True
중원대학교,융합과학기술대학,무예경호전공,,,True,True,True
강원대학교,자연과학대학,화학전공,,,True,True,True
중원대학교,융합과학기술대학,융합디자인학과,,,True,True,True
중원대학교,사회문화대학,한국어교육문화학과,,,True,True,True
신한대학교,디자인예술대학,태권도교육융합전공,,,True,True,True
한밭대학교,미래산업융합대학,회계세무부동산학과,,,True,True,True
광신대학교,단과대구분없음,음악학부,,,True,True,True
광신대학교,단과대구분없음,복지상담융합학부,,,True,True,True
한밭대학교,미래산업융합대학,IT시스템공학과,,,True,True,True
한밭대학교,미래산업융합대학,융합건설시스템학과,,,True,True,True
국제사이버대학교,단과대구분없음,안전보건공학과,,,True,True,True
목포해양대학교,해사대학,해상운송학부,,,True,True,True
유원대학교,단과대구분없음,보건행정학과,,,True,True,True
가천대학교,공과대학,실내건축학전공,,,True,True,True
가천대학교,IT융합대학,전기공학과,,,True,True,True
가천대학교,IT융합대학,전자공학과,,,True,True,True
가천대학교,IT융합대학,컴퓨터공학과,,,True,True,True
가천대학교,IT융합대학,소프트웨어학과,,,True,True,True
가천대학교,공과대학,신소재공학과,,,True,True,True
제주대학교,의과대학,의예과,,,True,True,True
중부대학교,단과대구분없음,관광경영학전공,,,True,True,True
중부대학교,단과대구분없음,자동차시스템공학전공,,,True,True,True
중부대학교,단과대구분없음,공연예술체육학부,,,True,True,True
중부대학교,단과대구분없음,호텔・외식산업학전공,,,True,True,True
중부대학교,단과대구분없음,국제통상학전공,,,True,True,True
중부대학교,단과대구분없음,식품영양학전공,,,True,True,True
중부대학교,단과대구분없음,전기전자공학전공,,,True,True,True
중부대학교,단과대구분없음,정보보호학전공,,,True,True,True
중부대학교,단과대구분없음,게임소프트웨어전공,,,True,True,True
중부대학교,단과대구분없음,토목공학전공,,,True,True,True
중부대학교,단과대구분없음,건축학전공,,,True,True,True
중부대학교,단과대구분없음,환경조경학전공,,,True,True,True
중부대학교,단과대구분없음,애완동물자원학전공,,,True,True,True
중부대학교,단과대구분없음,바이오화장품전공,,,True,True,True
중부대학교,단과대구분없음,바이오의약공학전공,,,True,True,True
중부대학교,단과대구분없음,사회복지학전공,,,True,True,True
중부대학교,단과대구분없음,아동보육학전공,,,True,True,True
중부대학교,단과대구분없음,경영학전공,,,True,True,True
한림대학교,나노융합스쿨,디스플레이전공,,,True,True,True
한림대학교,나노융합스쿨,반도체전공,,,True,True,True
서울과학기술대학교,미래융합대학,융합공학부(융합기계공학전공),,,True,True,True
서울과학기술대학교,미래융합대학,융합공학부(건설환경융합전공),,,True,True,True
동명대학교,소프트웨어융합대학,게임공학과,,,True,True,True
동명대학교,소프트웨어융합대학,컴퓨터공학과,,,True,True,True
세한대학교,단과대구분없음,사회복지상담학전공,,,True,True,True
경희사이버대학교,단과대구분없음,공공안전관리전공,,,True,True,True
경희사이버대학교,단과대구분없음,재난방재과학전공,,,True,True,True
경희사이버대학교,단과대구분없음,미래인간과학스쿨,,,True,True,True
한국열린사이버대학교,실용융합대학,뷰티건강디자인학과,,,True,True,True
경희사이버대학교,단과대구분없음,산업디자인전공,,,True,True,True
경희사이버대학교,단과대구분없음,ICT융합콘텐츠전공,,,True,True,True
경희사이버대학교,단과대구분없음,AI사이버보안전공,,,True,True,True
경희사이버대학교,단과대구분없음,소프트웨어디자인융합스쿨,,,True,True,True
청운대학교,창의융합대학,융합경영학부,,,True,True,True
청운대학교,창의융합대학,디자인학부(무대영상디자인전공),,,True,True,True
청운대학교,외국어대학,글로벌학부(영어전공),,,True,True,True
청운대학교,외국어대학,글로벌학부(중국학전공),,,True,True,True
청운대학교,경영대학,글로벌경영학과(경영전공),,,True,True,True
청운대학교,외국어대학,글로벌학부(베트남학전공),,,True,True,True
원광대학교,농식품융합대학,반려동물산업학과,,,True,True,True
경남대학교,건강과학대학,바이오융합학부,,,True,True,True
글로벌사이버대학교,단과대구분없음,스포츠건강학과,,,True,True,True
글로벌사이버대학교,단과대구분없음,뇌교육융합학과,,,True,True,True
대구한의대학교,웰니스융합대학,평생교육융합학과,,,True,True,True
유원대학교,단과대구분없음,와인식음료학과,,,True,True,True
유원대학교,단과대구분없음,영재보육학과,,,True,True,True
유원대학교,단과대구분없음,4차산업융합학부,,,True,True,True
유원대학교,단과대구분없음,웰니스융합학부,,,True,True,True
강원대학교,농업생명과학대학,바이오시스템기계공학전공,,,True,True,True
강원대학교,공학대학,소프트웨어미디어융합전공,,,True,True,True
호원대학교,공과대학,국방무기체계학과,,,True,True,True
사이버한국외국어대학교,단과대구분없음,마케팅・광고학과,,,True,True,True
사이버한국외국어대학교,단과대구분없음,경영회계학과,,,True,True,True
사이버한국외국어대학교,단과대구분없음,지방 행정・의회 학과,,,True,True,True
서울디지털대학교,단과대구분없음,디자인학부(산업디자인전공),,,True,True,True
서경대학교,예술대학,연출전공,,,True,True,True
경희사이버대학교,단과대구분없음,문화커뮤니케이션학부,,,True,True,True
숭실대학교,경제통상대학,통상산업학과,,,True,True,True
강원대학교,공학대학,기계시스템공학부,,,True,True,True
고려사이버대학교,단과대구분없음,국방융합기술학과,,,True,True,True
남부대학교,단과대구분없음,e게임스포츠학과,,,True,True,True
대구대학교,미래융합대학,미래융합대학,,,True,True,True
상명대학교,융합기술대학,사회체육전공,,,True,True,True
백석대학교,단과대구분없음,ICT학부,,,True,True,True
백석대학교,단과대구분없음,관광학부 글로벌호텔비즈니스전공,,,True,True,True
목포해양대학교,해양공과대학,해양건설공학과,,,True,True,True
중부대학교,단과대구분없음,스마트헬스케어공학전공,,,True,True,True
한양대학교(ERICA),디자인대학,영상디자인학과,,,True,True,True
한양대학교(ERICA),언론정보대학,정보사회미디어학과,,,True,True,True
한밭대학교,미래산업융합대학,창업경영학과,,,True,True,True
경북대학교,과학기술대학,식품외식산업학과,,,True,True,True
가천대학교,공과대학,도시계획학전공,,,True,True,True
호원대학교,공과대학,항공정비공학과,,,True,True,True
전남대학교,농업생명과학대학,응용식물학과,,,True,True,True
전남대학교,농업생명과학대학,원예생명공학과,,,True,True,True
전남대학교,농업생명과학대학,응용생물학과,,,True,True,True
단국대학교,예술대학,문예창작과,,,True,True,True
한양대학교(ERICA),공학대학,스마트융합공학부 건축IT융합전공,,,True,True,True
대구대학교,미래융합대학,평생교육・청소년학과,,,True,True,True
한양대학교(ERICA),공학대학,스마트융합공학부 소재・부품융합전공,,,True,True,True
한양대학교(ERICA),공학대학,스마트융합공학부 로봇융합전공,,,True,True,True
한양대학교(ERICA),공학대학,스마트융합공학부 스마트ICT융합전공,,,True,True,True
한국폴리텍 특성화대학 반도체융합캠퍼스,단과대구분없음,스마트전자제어과,,,True,True,True
제주국제대학교,인문사회대학,유아교육과,,,True,True,True
가톨릭관동대학교,휴먼서비스대학,산림치유학과,,,True,True,True
청주대학교,예술대학,연기전공,,,True,True,True
건국대학교,건축대학,건축학전공,,,True,True,True
서울과학기술대학교,미래융합대학,영어과,,,True,True,True
명지대학교,미래융합대학,유통산업경영학과,,,True,True,True
명지대학교,미래융합대학,아동복지상담학과,,,True,True,True
명지대학교,미래융합대학,복지경영학과,,,True,True,True
명지대학교,미래융합대학,만화애니콘텐츠학과,,,True,True,True
한국열린사이버대학교,실용융합대학,주얼리디자인비즈니스학과,,,True,True,True
울산대학교,공과대학,산업공학전공,,,True,True,True
대전대학교,H-LAC,빅데이터사이언스전공,,,True,True,True
우송대학교,단과대구분없음,미래기술학부,,,True,True,True
사이버한국외국어대학교,단과대구분없음,산업안전학과,,,True,True,True
한남대학교,법정대학,정치ㆍ언론학과,,,True,True,True
화성의과학대학교,단과대구분없음,컴퓨터학과,,,True,True,True
위덕대학교,단과대구분없음,통상언어전공,,,True,True,True
강원대학교,공학대학,기계설계공학전공,,,True,True,True
유원대학교,단과대구분없음,특허전공,,,True,True,True
유원대학교,단과대구분없음,BC전공,,,True,True,True
유원대학교,단과대구분없음,드론전공,,,True,True,True
유원대학교,단과대구분없음,VR전공,,,True,True,True
유원대학교,단과대구분없음,빅데이터전공,,,True,True,True
유원대학교,단과대구분없음,청각언어치료전공,,,True,True,True
유원대학교,단과대구분없음,의약바이오전공,,,True,True,True
유원대학교,단과대구분없음,3D프린팅전공,,,True,True,True
신라대학교,공과대학,실내건축디자인전공,,,True,True,True
한성대학교,미래플러스대학,비즈니스컨설팅학과,,,True,True,True
충북대학교,농업생명환경대학,지역건설공학과 농촌관광개발전공,,,True,True,True
한국폴리텍 특성화대학 반도체융합캠퍼스,단과대구분없음,기계품질측정과,,,True,True,True
고려사이버대학교,단과대구분없음,경찰학과,,,True,True,True
목포대학교,경영대학,스마트비즈니스학과,,,True,True,True
목포대학교,공과대학,소프트웨어학과,,,True,True,True
목포대학교,공과대학,첨단운송기계시스템학과,,,True,True,True
상명대학교,융합기술대학,스포츠경영전공,,,True,True,True
상명대학교,융합기술대학,스포츠융합학부,,,True,True,True
신한대학교,과학기술융합대학,사이버드론봇군사학과,,,True,True,True
순천대학교,미래융합대학,융합산업학과,,,True,True,True
순천대학교,미래융합대학,사회서비스상담학과,,,True,True,True
순천대학교,미래융합대학,산업동물학과,,,True,True,True
순천대학교,미래융합대학,정원문화산업학과,,,True,True,True
순천대학교,미래융합대학,물류비즈니스학과,,,True,True,True
한신대학교,평화교양대학,평화교양대학,,,True,True,True
한신대학교,인문대학,독어독문학전공,,,True,True,True
서울시립대학교,자유융합대학,융합전공학부 조경학-환경생태도시학전공,,,True,True,True
서울시립대학교,자유융합대학,융합전공학부 생명과학-빅데이터분석학전공,,,True,True,True
서울시립대학교,자유융합대학,융합전공학부 철학-동아시아문화학 전공,,,True,True,True
서울시립대학교,자유융합대학,융합전공학부 조경학-경영학 전공,,,True,True,True
서울시립대학교,자유융합대학,융합전공학부 생명과학-통계학 전공,,,True,True,True
서울시립대학교,자유융합대학,융합전공학부 물리학-나노반도체물리학,,,True,True,True
서울시립대학교,자유융합대학,융합전공학부 도시사회학-국제도시개발학 전공,,,True,True,True
서울시립대학교,자유융합대학,융합전공학부 도시공학-도시부동산기획경영학 전공,,,True,True,True
서울시립대학교,자유융합대학,융합전공학부 도시공학-국제도시개발학 전공,,,True,True,True
서울시립대학교,자유융합대학,융합전공학부 국제관계학-빅데이터분석학 전공,,,True,True,True
서울시립대학교,자유융합대학,융합전공학부 국사학-도시역사경관학 전공,,,True,True,True
중부대학교,단과대구분없음,전자출판인쇄공학전공,,,True,True,True
서울기독대학교,단과대구분없음,뮤지컬전공,,,True,True,True
서울기독대학교,단과대구분없음,운동건강관리전공,,,True,True,True
서울기독대학교,단과대구분없음,상담심리전공,,,True,True,True
서울기독대학교,단과대구분없음,음악전공,,,True,True,True
서울기독대학교,단과대구분없음,무용전공,,,True,True,True
서울기독대학교,단과대구분없음,글로벌휴먼경영전공,,,True,True,True
서울기독대학교,단과대구분없음,사회복지전공,,,True,True,True
서울기독대학교,단과대구분없음,기독교신학전공,,,True,True,True
차의과학대학교,융합과학대학,상담심리학과,,,True,True,True
한국폴리텍 VII 대학 부산캠퍼스,단과대구분없음,기계시스템과,,,True,True,True
선문대학교,SW융합대학,글로벌소프트웨어학과,,,True,True,True
세한대학교,항공대학,항공ICT융합학과,,,True,True,True
전남대학교,공학대학,스마트전기제어공학과,,,True,True,True
전남대학교,공학대학,스마트융합공정공학과,,,True,True,True
전남대학교,공학대학,기계IT융합공학과,,,True,True,True
전남대학교,수산해양대학,수산해양산업관광레저융합학과,,,True,True,True
한림대학교,간호대학,간호학과,,,True,True,True
한림대학교,사회과학대학,경제학과,,,True,True,True
선문대학교,이니티움교양대학,산학협력교육학부,,,True,True,True
연세대학교,언더우드국제대학,융합인문사회과학부,,,True,True,True
한남대학교,공과대학,토목환경공학전공,,,True,True,True
제주국제대학교,단과대구분없음,중일언어문화학과,,,True,True,True
제주국제대학교,단과대구분없음,스포츠산업학과,,,True,True,True
제주국제대학교,단과대구분없음,호텔관광경영학과,,,True,True,True
제주국제대학교,단과대구분없음,외식식품학과,,,True,True,True
제주국제대학교,단과대구분없음,기계자동차공학과,,,True,True,True
제주국제대학교,단과대구분없음,정보보안공학과,,,True,True,True
제주국제대학교,단과대구분없음,공연예술학과,,,True,True,True
극동대학교,의료보건과학대학,식품영양학과,,,True,True,True
한국폴리텍 특성화대학 항공캠퍼스,단과대구분없음,항공기계과(스마트기계시스템),,,True,True,True
서울과학기술대학교,공과대학,건축기계설비공학과,,,True,True,True
호남대학교,예술대학,연극뮤지컬음악전공,,,True,True,True
호남대학교,예술대학,미디어영화영상제작전공,,,True,True,True
서강대학교,단과대구분없음,한국사회문화연계전공,,,True,True,True
서강대학교,단과대구분없음,인공지능연계전공,,,True,True,True
서강대학교,단과대구분없음,빅데이터사이언스연계전공,,,True,True,True
한국폴리텍 I 대학 서울정수캠퍼스,단과대구분없음,전기공학과,,,True,True,True
한국폴리텍 I 대학 서울정수캠퍼스,단과대구분없음,그린에너지설비공학과,,,True,True,True
전북대학교,농업생명과학대학,농업시스템학과,,,True,True,True
유원대학교,단과대구분없음,뷰티화장품학과,,,True,True,True
유원대학교,단과대구분없음,교정전공,,,True,True,True
유원대학교,단과대구분없음,검도전공,,,True,True,True
청주대학교,예술대학,연출・제작전공,,,True,True,True
안동대학교,생명과학대학,원예육종학과,,,True,True,True
안동대학교,생명과학대학,생약자원학과,,,True,True,True
우석대학교,단과대구분없음,영유아발달치료전공,,,True,True,True
우석대학교,단과대구분없음,스포츠관광융합전공,,,True,True,True
중부대학교,단과대구분없음,학생성장교양학부,,,True,True,True
중부대학교,단과대구분없음,레저스포츠학전공,,,True,True,True
중부대학교,단과대구분없음,골프학전공,,,True,True,True
부경대학교,공학대학,의공학IT융합전공,,,True,True,True
동아대학교,단과대구분없음,간호학부 간호학과,,,True,True,True
경희사이버대학교,단과대구분없음,문화창조계열,,,True,True,True
경희사이버대학교,단과대구분없음,글로벌리더십계열,,,True,True,True
경희사이버대학교,단과대구분없음,미래과학계열,,,True,True,True
한국성서대학교,단과대구분없음,기타모집단위,,,True,True,True
인하대학교,단과대구분없음,기타모집단위,,,True,True,True
가천대학교,단과대구분없음,기타모집단위,,,True,True,True
금강대학교,단과대구분없음,불교인문학부,,,True,True,True
국민대학교,단과대구분없음,기타모집단위,,,True,True,True
디지털서울문화예술대학교,단과대구분없음,항공서비스학과,,,True,True,True
순천향대학교,단과대구분없음,융합창업학부,,,True,True,True
성공회대학교,단과대구분없음,글로컬IT전공,,,True,True,True
성공회대학교,단과대구분없음,정보통신공학전공,,,True,True,True
성공회대학교,단과대구분없음,신문방송학전공,,,True,True,True
성공회대학교,단과대구분없음,경영학전공,,,True,True,True
성공회대학교,단과대구분없음,사회복지학전공,,,True,True,True
성공회대학교,단과대구분없음,기독교문화전공,,,True,True,True
성공회대학교,단과대구분없음,중어중국학전공,,,True,True,True
인제대학교,i-LAC,통일학부,,,True,True,True
성공회대학교,단과대구분없음,사회학전공,,,True,True,True
성공회대학교,단과대구분없음,경제학전공,,,True,True,True
성공회대학교,단과대구분없음,컴퓨터공학전공,,,True,True,True
인제대학교,i-LAC,인당글로벌리더스학부,,,True,True,True
인제대학교,i-LAC,리버럴아츠교육학부(자연계열),,,True,True,True
인제대학교,i-LAC,리버럴아츠교육학부,,,True,True,True
성공회대학교,단과대구분없음,정치학전공,,,True,True,True
금강대학교,단과대구분없음,공공정책학부,,,True,True,True
순천향대학교,향설나눔대학,글로벌자유전공학과,,,True,True,True
순천향대학교,향설나눔대학,국제학전공,,,True,True,True
순천향대학교,향설나눔대학,국제보건학전공,,,True,True,True
경운대학교,벽강교양대학,인덕원,,,True,True,True
세명대학교,보건바이오대학,바이오헬스마케팅학과,,,True,True,True
경운대학교,벽강교양대학,교양교육학부,,,True,True,True
세명대학교,사회과학대학,미식관광학과,,,True,True,True
성공회대학교,단과대구분없음,일어일본학전공,,,True,True,True
한국침례신학대학교,단과대구분없음,실용영어학과,,,True,True,True
인하대학교,단과대구분없음,국제학부(국제경영학전공),,,True,True,True
인하대학교,단과대구분없음,국제학부(융합시스템공학전공),,,True,True,True
청운대학교,사회서비스대학,뷰티산업학과,,,True,True,True
성균관대학교,단과대구분없음,인공지능융합전공,,,True,True,True
경남대학교,공과대학,기계융합공학과(중소기업계약학과),,,True,True,True
원광대학교,창의공과대학,SW융합학과,,,True,True,True
부산가톨릭대학교,단과대구분없음,인성교양학부,,,True,True,True
부산가톨릭대학교,단과대구분없음,창의융합학부,,,True,True,True
한국해양대학교,공과대학,해양미래도시융합전공,,,True,True,True
한국해양대학교,공과대학,스마트선박융합전공,,,True,True,True
가톨릭대학교,단과대구분없음,바이오메디컬화학공학과,,,True,True,True
울산대학교,교양대학,교양학부,,,True,True,True
한국공학대학교,기업인재대학,스마트컴퓨터융합공학과,,,True,True,True
세명대학교,IT엔지니어링대학,스마트에너지학과,,,True,True,True
성공회대학교,단과대구분없음,소프트웨어공학전공,,,True,True,True
덕성여자대학교,차미리사교양대학,차미리사교양대학,,,True,True,True
덕성여자대학교,단과대구분없음,OSCAR인재개발학부,,,True,True,True
전남대학교,AI융합대학,빅데이터금융공학융합전공,,,True,True,True
전남대학교,AI융합대학,미래에너지공학융합전공,,,True,True,True
전남대학교,AI융합대학,로봇공학융합전공,,,True,True,True
전남대학교,AI융합대학,IoT인공지능융합전공,,,True,True,True
세명대학교,인문예술대학,다원예술학과,,,True,True,True
경성대학교,공과대학,기계자동차공학전공,,,True,True,True
한림대학교,미래융합스쿨,한류크리에이터공공외교융합전공,,,True,True,True
호서대학교,AI융합대학,전자디스플레이공학부,,,True,True,True
호서대학교,AI융합대학,실내디자인전공,,,True,True,True
호서대학교,AI융합대학,전자재료공학전공,,,True,True,True
호서대학교,AI융합대학,첨단미디어전공,,,True,True,True
호서대학교,AI융합대학,조형융합학부,,,True,True,True
호서대학교,AI융합대학,빅데이터경영공학부,,,True,True,True
호서대학교,AI융합대학,AI융합학부,,,True,True,True
호서대학교,AI융합대학,컴퓨터정보공학부,,,True,True,True
성공회대학교,단과대구분없음,디지털컨텐츠전공,,,True,True,True
성공회대학교,단과대구분없음,영어학전공,,,True,True,True
한국방송통신대학교,자연과학대학,보건환경학과,,,True,True,True
한국방송통신대학교,인문과학대학,프랑스언어문화학과,,,True,True,True
한라대학교,경영사회대학,미래라이프융합학부,,,True,True,True
호서대학교,미래융합대학,안전공학과,,,True,True,True
호서대학교,미래융합대학,기계ICT공학과,,,True,True,True
호서대학교,미래융합대학,사회복지상담학과,,,True,True,True
한남대학교,DH-SCHOOL,빅데이터전공,,,True,True,True
가천대학교,가천리버럴아츠칼리지,자유전공학부,,,True,True,True
가천대학교,예술ㆍ체육대학,체육학부(태권도),,,True,True,True
가천대학교,예술ㆍ체육대학,체육학부(체육),,,True,True,True
가천대학교,예술ㆍ체육대학,음악학부(작곡),,,True,True,True
가천대학교,예술ㆍ체육대학,음악학부(성악),,,True,True,True
가천대학교,예술ㆍ체육대학,음악학부(기악),,,True,True,True
가천대학교,예술ㆍ체육대학,연기예술학과,,,True,True,True
가천대학교,예술ㆍ체육대학,미술·디자인학부(회화·조소),,,True,True,True
가천대학교,예술ㆍ체육대학,미술·디자인학부(패션디자인),,,True,True,True
가천대학교,예술ㆍ체육대학,미술·디자인학부(디자인),,,True,True,True
가천대학교,IT융합대학,AI・소프트웨어학부(인공지능전공),,,True,True,True
가천대학교,IT융합대학,AI・소프트웨어학부(소프트웨어전공),,,True,True,True
가천대학교,사회과학대학,심리학과,,,True,True,True
디지털서울문화예술대학교,단과대구분없음,연극영화학과,,,True,True,True
우석대학교,문화사회대학,소방행정학과,,,True,True,True
한국외국어대학교,중국학대학,중국외교통상학부,,,True,True,True
한국외국어대학교,중국학대학,중국외교통상전공,,,True,True,True
한국외국어대학교,중국학대학,중국언어문화전공,,,True,True,True
한국외국어대학교,일본학대학,일본언어문화학부,,,True,True,True
한국외국어대학교,일본학대학,일본언어문화전공,,,True,True,True
한국외국어대학교,일본학대학,융합일본지역학부,,,True,True,True
한국외국어대학교,일본학대학,융합일본지역전공,,,True,True,True
한국외국어대학교,중국학대학,중국언어문화학부,,,True,True,True
중부대학교,단과대구분없음,바이오화장품학전공,,,True,True,True
중부대학교,단과대구분없음,바이오식품학전공,,,True,True,True
동의대학교,상경대학,호텔관광경영학부,,,True,True,True
중부대학교,단과대구분없음,헬스케어제약공학전공,,,True,True,True
중부대학교,단과대구분없음,엔터테인먼트학전공,,,True,True,True
중부대학교,단과대구분없음,한방보건제약학과,,,True,True,True
중부대학교,단과대구분없음,호텔외식산업학전공,,,True,True,True
중부대학교,단과대구분없음,항공관광&카지노학전공,,,True,True,True
수원대학교,국제대학,혁신창업,,,True,True,True
경남과학기술대학교,융합기술공과대학,메카트로닉스・전기공학부,,,True,True,True
경남과학기술대학교,융합기술공과대학,기계공학부,,,True,True,True
경남과학기술대학교,본부대학,융합학부(스포츠매니지먼트전공),,,True,True,True
한국폴리텍 I 대학 서울정수캠퍼스,단과대구분없음,스마트정보통신과,,,True,True,True
영산대학교,스마트공과대학,기계・자동차공학부,,,True,True,True
영산대학교,Art&Technology대학,광고영상디자인전공,,,True,True,True
경남과학기술대학교,융합기술공과대학,컴퓨터공학부(컴퓨터소프트웨어전공),,,True,True,True
경남과학기술대학교,융합기술공과대학,컴퓨터공학부(데이터사이언스전공),,,True,True,True
한국폴리텍 V 대학 광주캠퍼스,단과대구분없음,기계시스템과,,,True,True,True
한국공학대학교,기업인재대학,화합물반도체공학과,,,True,True,True
송원대학교,사회과학대학,유아교육과,,,True,True,True
부산디지털대학교,단과대구분없음,교육/경영/보건계열,,,True,True,True
부산디지털대학교,단과대구분없음,상담/복지/공학계열,,,True,True,True
영산대학교,Art&Technology대학,게임콘텐츠전공,,,True,True,True
영산대학교,Art&Technology대학,패션디자인학과,,,True,True,True
동아대학교,사회과학대학,정치・사회학부 정치외교학전공,,,True,True,True
영산대학교,Art&Technology대학,방송사진예술학과,,,True,True,True
홍익대학교,단과대구분없음,융합전공 공연예술전공,,,True,True,True
홍익대학교,단과대구분없음,공연예술학부(실용음악전공),,,True,True,True
홍익대학교,단과대구분없음,공연예술학부(뮤지컬전공),,,True,True,True
홍익대학교,건축도시대학,건축학부 실내건축학전공,,,True,True,True
홍익대학교,건축도시대학,건축학부 건축학전공(5년제),,,True,True,True
홍익대학교,건축도시대학,건축학부,,,True,True,True
홍익대학교,건축도시대학,도시공학과,,,True,True,True
홍익대학교,공과대학,토목공학과,,,True,True,True
영산대학교,Art&Technology대학,연기공연예술학과,,,True,True,True
호원대학교,평생학습대학,미용복지학과,,,True,True,True
호원대학교,공과대학,IT소프트웨어보안학과,,,True,True,True
호원대학교,공과대학,컴퓨터.게임융합학과,,,True,True,True
세종사이버대학교,단과대구분없음,창의융합계열,,,True,True,True
세종사이버대학교,단과대구분없음,청소년학과,,,True,True,True
순천향대학교,엔터프라이즈스쿨,학생기업학부,,,True,True,True
금강대학교,로터스칼리지,로터스칼리지,,,True,True,True
순천향대학교,엔터프라이즈스쿨,융합창업학부,,,True,True,True
세종사이버대학교,단과대구분없음,소프트웨어공학과,,,True,True,True
세종사이버대학교,단과대구분없음,문예창작학과,,,True,True,True
세종사이버대학교,단과대구분없음,전기전자공학과,,,True,True,True
세종사이버대학교,단과대구분없음,산업안전공학과,,,True,True,True
세종사이버대학교,단과대구분없음,세무・회계・금융학과,,,True,True,True
단국대학교,보건복지대학,임상병리학과,,,True,True,True
단국대학교,보건복지대학,치위생학과,,,True,True,True
단국대학교,보건복지대학,보건행정학과,,,True,True,True
단국대학교,보건복지대학,물리치료학과,,,True,True,True
단국대학교,외국어대학,아시아중동학부 중동학전공,,,True,True,True
단국대학교,외국어대학,아시아중동학부 일본학전공,,,True,True,True
단국대학교,외국어대학,아시아중동학부 중국학전공,,,True,True,True
단국대학교,외국어대학,아시아중동학부 몽골학전공,,,True,True,True
단국대학교,외국어대학,유럽중남미학부 포르투갈브라질학전공,,,True,True,True
단국대학교,외국어대학,유럽중남미학부 러시아학전공,,,True,True,True
단국대학교,외국어대학,유럽중남미학부 스페인중남미학전공,,,True,True,True
단국대학교,외국어대학,유럽중남미학부 프랑스학전공,,,True,True,True
단국대학교,외국어대학,유럽중남미학부 독일학전공,,,True,True,True
단국대학교,경영경제대학,경영학부 경영학전공,,,True,True,True
단국대학교,경영경제대학,무역학과,,,True,True,True
단국대학교,경영경제대학,경제학과,,,True,True,True
단국대학교,경영경제대학,경영학부,,,True,True,True
단국대학교,음악‧예술대학,디자인학부 패션산업디자인전공,,,True,True,True
단국대학교,음악‧예술대학,디자인학부 커뮤니케이션디자인전공,,,True,True,True
단국대학교,음악‧예술대학,공연영화학부 영화전공,,,True,True,True
단국대학교,음악‧예술대학,공연영화학부 연극전공,,,True,True,True
단국대학교,음악‧예술대학,공연영화학부 뮤지컬전공,,,True,True,True
단국대학교,경영경제대학,국제학부 국제경영학전공,,,True,True,True
단국대학교,공과대학,건축학부 건축학전공,,,True,True,True
단국대학교,공과대학,건축학부 건축공학전공,,,True,True,True
단국대학교,음악‧예술대학,음악학부 작곡전공,,,True,True,True
단국대학교,음악‧예술대학,음악학부 성악전공,,,True,True,True
단국대학교,음악‧예술대학,음악학부,,,True,True,True
동국대학교(WISE),불교문화대학,명상심리상담학과,,,True,True,True
동국대학교(WISE),과학기술대학,에너지・전기공학전공,,,True,True,True
영산대학교,Art&Technology대학,미용예술학과,,,True,True,True
단국대학교,음악‧예술대학,음악학부 기악전공,,,True,True,True
단국대학교,음악‧예술대학,음악학부 국악전공,,,True,True,True
단국대학교,음악‧예술대학,무용과,,,True,True,True
단국대학교,음악‧예술대학,공연영화학부,,,True,True,True
단국대학교,음악‧예술대학,도예과,,,True,True,True
단국대학교,예술대학,뉴뮤직과,,,True,True,True
단국대학교,경영경제대학,산업경영학과,,,True,True,True
안동대학교,공과대학,기계로봇공학과,,,True,True,True
영산대학교,Art&Technology대학,웹툰영화학과,,,True,True,True
부산디지털대학교,단과대구분없음,외식조리경영학과,,,True,True,True
부산디지털대학교,단과대구분없음,경영학과,,,True,True,True
부산디지털대학교,단과대구분없음,재활상담복지학과,,,True,True,True
부산디지털대학교,단과대구분없음,사회복지경영학과,,,True,True,True
부산디지털대학교,단과대구분없음,노인복지학과,,,True,True,True
부산디지털대학교,단과대구분없음,아동청소년상담학과,,,True,True,True
부산디지털대학교,단과대구분없음,미술치료학과,,,True,True,True
영산대학교,Art&Technology대학,만화애니메이션전공,,,True,True,True
영산대학교,호텔관광대학,전시컨벤션관광전공,,,True,True,True
단국대학교,과학기술대학,식품공학과,,,True,True,True
단국대학교,과학기술대학,신소재공학과,,,True,True,True
단국대학교,경영경제대학,경영학부 회계학전공,,,True,True,True
단국대학교,생명공학대학,제약공학과,,,True,True,True
호원대학교,문화예술대학,공연예술학부,,,True,True,True
호원대학교,문화예술대학,공연예술패션학과,,,True,True,True
상지대학교,융합기술공과대학,정밀화학신소재학과,,,True,True,True
상지대학교,융합기술공과대학,응용물리전자학과,,,True,True,True
상지대학교,생명환경과학대학,생명과학과,,,True,True,True
상지대학교,평생교육융합대학,생애개발상담학과,,,True,True,True
상지대학교,경상대학,호텔컨벤션학과,,,True,True,True
상지대학교,경상대학,관광경영학과,,,True,True,True
상지대학교,보건의료과학대학,제약공학과,,,True,True,True
상지대학교,보건의료과학대학,의료경영학과,,,True,True,True
상지대학교,융합기술공과대학,컴퓨터공학과,,,True,True,True
상지대학교,생명환경과학대학,동물자원학과,,,True,True,True
배재대학교,인문사회대학,복지신학과,,,True,True,True
세종사이버대학교,단과대구분없음,컴퓨터・AI공학과,,,True,True,True
세종사이버대학교,단과대구분없음,유튜버학과,,,True,True,True
청운대학교,공연영상예술대학,연극예술학과,,,True,True,True
경남과학기술대학교,융합기술공과대학,정밀기계시스템전공,,,True,True,True
송원대학교,사회과학대학,항공서비스학과,,,True,True,True
송원대학교,사회과학대학,한국어교육과,,,True,True,True
송원대학교,보건복지대학,치위생학과,,,True,True,True
송원대학교,철도대학,철도경영학과,,,True,True,True
송원대학교,보건복지대학,식품영양학과,,,True,True,True
송원대학교,보건복지대학,상담심리학과,,,True,True,True
송원대학교,보건복지대학,사회복지학과,,,True,True,True
송원대학교,사회과학대학,국방경찰학과,,,True,True,True
송원대학교,공과대학,건축공학과,,,True,True,True
영산대학교,호텔관광대학,K-Food조리전공,,,True,True,True
영산대학교,호텔관광대학,Bakery&Beverage전공,,,True,True,True
배재대학교,인문사회대학,일본학과,,,True,True,True
인제대학교,간호대학,간호학과,,,True,True,True
영산대학교,Art&Technology대학,실내환경디자인전공,,,True,True,True
영산대학교,Art&Technology대학,시각영상디자인전공,,,True,True,True
영산대학교,Art&Technology대학,디자인학부,,,True,True,True
영산대학교,Art&Technology대학,문화콘텐츠학부,,,True,True,True
영산대학교,Art&Technology대학,가상현실콘텐츠전공,,,True,True,True
서울사이버대학교,단과대구분없음,미래창의융합계열,,,True,True,True
한국해양대학교,공과대학,제어자동화공학전공,,,True,True,True
송원대학교,공과대학,전기전자공학과,,,True,True,True
한국폴리텍 III 대학 원주캠퍼스,단과대구분없음,의료공학과,,,True,True,True
송원대학교,보건복지대학,언어재활심리학과,,,True,True,True
송원대학교,보건복지대학,언어치료심리학과(인문),,,True,True,True
송원대학교,공과대학,토목공학과,,,True,True,True
송원대학교,보건복지대학,재활보건관리학과(인문),,,True,True,True
송원대학교,철도대학,철도운수경영학과,,,True,True,True
송원대학교,보건복지대학,재활보건관리학과(자연),,,True,True,True
송원대학교,예체능대학,실용예술학과,,,True,True,True
송원대학교,공과대학,방재안전토목학과,,,True,True,True
송원대학교,보건복지대학,심리치료학과,,,True,True,True
송원대학교,사회과학대학,금융세무경영학과,,,True,True,True
송원대학교,사회과학대학,국방공무원과,,,True,True,True
한국교통대학교,융합기술대학,컴퓨터정보기술공학부,,,True,True,True
한국교통대학교,미래융합대학,스포츠복지학과,,,True,True,True
한국교통대학교,미래융합대학,스마트전기에너지공학과,,,True,True,True
한국교통대학교,미래융합대학,복지・경영학과,,,True,True,True
송원대학교,공과대학,컴퓨터정보학과,,,True,True,True
송원대학교,공과대학,기계자동차공학과,,,True,True,True
동아대학교,사회과학대학,정치・사회학부 사회학전공,,,True,True,True
동아대학교,생명자원과학대학,식품생명공학과,,,True,True,True
송원대학교,예체능대학,뷰티예술학과,,,True,True,True
동명대학교,보건복지교육대학,스포츠재활학과,,,True,True,True
동명대학교,미래융합대학,복지경영학과,,,True,True,True
동명대학교,보건복지교육대학,언어치료청각학과,,,True,True,True
영산대학교,스마트공과대학,로봇공학전공,,,True,True,True
한국열린사이버대학교,상담복지대학,통합치유학과,,,True,True,True
부산디지털대학교,단과대구분없음,가족상담학과,,,True,True,True
송원대학교,보건복지대학,간호학과,,,True,True,True
상지대학교,경상대학,관광여가기획학과,,,True,True,True
한국교통대학교,공과대학,사회기반공학전공,,,True,True,True
송원대학교,예체능대학,사회체육학과,,,True,True,True
단국대학교,생명공학대학,생명자원학부 동물자원학전공,,,True,True,True
단국대학교,생명공학대학,생명자원학부 식량생명공학전공,,,True,True,True
한국교통대학교,융합기술대학,소프트웨어학전공,,,True,True,True
상지대학교,융합기술공과대학,스마트건설공학과,,,True,True,True
송원대학교,보건복지대학,재활보건학과,,,True,True,True
송원대학교,공과대학,전기공학과,,,True,True,True
상지대학교,융합기술공과대학,정보통신소프트웨어공학과,,,True,True,True
단국대학교,SW융합대학,컴퓨터공학과,,,True,True,True
단국대학교,생명공학대학,환경원예조경학부 환경원예학전공,,,True,True,True
상지대학교,인문사회과학대학,군사학과,,,True,True,True
동명대학교,미래융합대학,동양문화학과,,,True,True,True
상지대학교,예술체육대학,만화애니메이션학과,,,True,True,True
한국교통대학교,융합기술대학,컴퓨터공학전공,,,True,True,True
배재대학교,인문사회대학,행정학과,,,True,True,True
단국대학교,과학기술대학,에너지공학과,,,True,True,True
송원대학교,철도대학,철도건설환경시스템학과,,,True,True,True
상지대학교,인문사회과학대학,아시아국제관계학과,,,True,True,True
상지대학교,융합기술공과대학,스마트자동차공학과,,,True,True,True
상지대학교,융합기술공과대학,정보보안학과,,,True,True,True
상지대학교,융합기술공과대학,전자공학과,,,True,True,True
상지대학교,융합기술공과대학,소방공학과,,,True,True,True
상지대학교,예술체육대학,뷰티디자인학과,,,True,True,True
상지대학교,교양대학,자유전공학부,,,True,True,True
상지대학교,경상대학,항공서비스학과,,,True,True,True
강원대학교,IT대학,컴퓨터공학과,,,True,True,True
동명대학교,미래융합대학,선명상치유학과,,,True,True,True
위덕대학교,단과대구분없음,제과제빵식음료전공,,,True,True,True
위덕대학교,단과대구분없음,외식조리전공,,,True,True,True
상지대학교,경상대학,글로벌경영학과,,,True,True,True
배재대학교,문화예술대학,레저스포츠학과,,,True,True,True
배재대학교,문화예술대학,피아노과,,,True,True,True
배재대학교,문화예술대학,실용음악과,,,True,True,True
배재대학교,문화예술대학,의류패션학과,,,True,True,True
배재대학교,문화예술대학,미디어콘텐츠학과,,,True,True,True
배재대학교,문화예술대학,광고사진영상학과,,,True,True,True
배재대학교,문화예술대학,조경학과,,,True,True,True
배재대학교,문화예술대학,실내건축학전공,,,True,True,True
배재대학교,문화예술대학,건축학전공,,,True,True,True
배재대학교,AI·SW창의융합대학,신소재공학과,,,True,True,True
배재대학교,AI·SW창의융합대학,게임공학과,,,True,True,True
배재대학교,AI·SW창의융합대학,사이버보안학과,,,True,True,True
배재대학교,AI·SW창의융합대학,컴퓨터공학과,,,True,True,True
배재대학교,AI·SW창의융합대학,정보통신공학과,,,True,True,True
배재대학교,AI·SW창의융합대학,전자공학과,,,True,True,True
배재대학교,자연과학대학,실버보건학과,,,True,True,True
배재대학교,자연과학대학,간호학과,,,True,True,True
배재대학교,자연과학대학,정밀응용과학부,,,True,True,True
배재대학교,자연과학대학,원예산림학과,,,True,True,True
배재대학교,자연과학대학,생명공학과,,,True,True,True
배재대학교,자연과학대학,바이오의약학부,,,True,True,True
배재대학교,경영대학,항공운항과,,,True,True,True
배재대학교,경영대학,외식경영학과,,,True,True,True
배재대학교,경영대학,호텔레저경영학과,,,True,True,True
배재대학교,경영대학,관광축제리조트경영학과,,,True,True,True
배재대학교,경영대학,전자상거래학과,,,True,True,True
배재대학교,경영대학,무역물류학과,,,True,True,True
배재대학교,경영대학,경영학과,,,True,True,True
배재대학교,인문사회대학,가정교육과,,,True,True,True
배재대학교,인문사회대학,유아교육과,,,True,True,True
배재대학교,인문사회대학,심리상담학과,,,True,True,True
배재대학교,인문사회대학,글로벌외국어자율전공학부,,,True,True,True
한국열린사이버대학교,상담복지대학,아동보육학과,,,True,True,True
배재대학교,문화예술대학,건축학부,,,True,True,True
홍익대학교,단과대구분없음,융합전공 데이터사이언스전공,,,True,True,True
홍익대학교,단과대구분없음,융합전공 사물인터넷공학전공,,,True,True,True
홍익대학교,단과대구분없음,융합전공 문화예술경영전공,,,True,True,True
단국대학교,스포츠과학대학,국제스포츠학부 태권도전공,,,True,True,True
단국대학교,스포츠과학대학,국제스포츠학부 운동처방재활전공,,,True,True,True
단국대학교,스포츠과학대학,국제스포츠학부 국제스포츠전공,,,True,True,True
단국대학교,과학기술대학,생명과학부 생명과학전공,,,True,True,True
단국대학교,과학기술대학,생명과학부 미생물학전공,,,True,True,True
단국대학교,보건복지대학,심리치료학과,,,True,True,True
단국대학교,보건복지대학,환경자원경제학과,,,True,True,True
단국대학교,보건복지대학,해병대군사학과,,,True,True,True
단국대학교,보건복지대학,사회복지학과,,,True,True,True
단국대학교,과학기술대학,식품영양학과,,,True,True,True
단국대학교,과학기술대학,화학과,,,True,True,True
단국대학교,과학기술대학,수학과,,,True,True,True
단국대학교,과학기술대학,물리학과,,,True,True,True
단국대학교,공과대학,건축학부,,,True,True,True
상지대학교,생명환경과학대학,식물생명자원학과,,,True,True,True
경남과학기술대학교,융합기술공과대학,항공기계시스템전공,,,True,True,True
경남과학기술대학교,융합기술공과대학,스마트자동화시스템전공,,,True,True,True
경남과학기술대학교,융합기술공과대학,메카트로닉스공학전공,,,True,True,True
상지대학교,평생교육융합대학,사회적경제학과,,,True,True,True
상지대학교,인문사회과학대학,유아교육학과,,,True,True,True
상지대학교,보건의료과학대학,언어치료학과,,,True,True,True
상지대학교,보건의료과학대학,재활상담학과,,,True,True,True
카이스트(KAIST/한국과학기술원),공과대학,융합기초학부,,,True,True,True
상지대학교,보건의료과학대학,작업치료학과,,,True,True,True
홍익대학교,단과대구분없음,융합전공 스마트도시・데이터사이언스전공,,,True,True,True
단국대학교,경영경제대학,국제학부,,,True,True,True
단국대학교,보건복지대학,공공정책학과,,,True,True,True
영산대학교,평생교육대학,헬스케어학과,,,True,True,True
단국대학교,SW융합대학,정보통계학과,,,True,True,True
영산대학교,평생교육대학,글로벌조리비즈니스전공,,,True,True,True
고신대학교,의료과학대학,융합디자인학과,,,True,True,True
고신대학교,신학대학,글로벌교육학부,,,True,True,True
고신대학교,보건복지대학,글로벌비즈니스학부,,,True,True,True
대구가톨릭대학교,소프트웨어융합대학,인공지능・빅데이터공학과,,,True,True,True
대구가톨릭대학교,소프트웨어융합대학,모바일소프트웨어전공,,,True,True,True
대구가톨릭대학교,소프트웨어융합대학,컴퓨터소프트웨어학부,,,True,True,True
대구가톨릭대학교,소프트웨어융합대학,소프트웨어융합학과,,,True,True,True
대구가톨릭대학교,공과대학,자동차ICT융합공학과,,,True,True,True
대구가톨릭대학교,바이오메디대학,응용화학전공,,,True,True,True
대구가톨릭대학교,바이오메디대학,바이오메디컬전공,,,True,True,True
동서대학교,글로벌비즈니스대학,회계세무학전공,,,True,True,True
고신대학교,신학대학,국제문화선교전공,,,True,True,True
고신대학교,의료과학대학,작업치료학과,,,True,True,True
고신대학교,의료과학대학,식품영양학과,,,True,True,True
고신대학교,보건복지대학,중국학전공,,,True,True,True
서울사이버대학교,심리·상담대학,가족코칭상담학과,,,True,True,True
서울사이버대학교,사회복지대학,사회복지전공,,,True,True,True
서울사이버대학교,사회복지대학,노인복지전공,,,True,True,True
서울사이버대학교,사회복지대학,복지경영전공,,,True,True,True
서울사이버대학교,사회복지대학,아동복지전공,,,True,True,True
서울사이버대학교,사회복지대학,청소년복지전공,,,True,True,True
서울사이버대학교,심리·상담대학,군경상담학과,,,True,True,True
고신대학교,보건복지대학,음악과,,,True,True,True
고신대학교,보건복지대학,유아교육과,,,True,True,True
고신대학교,의료과학대학,환경보건전공,,,True,True,True
고신대학교,의료과학대학,보건환경학부,,,True,True,True
서울사이버대학교,심리·상담대학,상담심리학과,,,True,True,True
서울사이버대학교,심리·상담대학,특수심리치료학과,,,True,True,True
서울사이버대학교,사회과학대학,부동산학과,,,True,True,True
서울사이버대학교,사회과학대학,법무행정학과,,,True,True,True
서울사이버대학교,사회과학대학,보건행정학과,,,True,True,True
서울사이버대학교,융합경영대학,경영학과,,,True,True,True
서울사이버대학교,융합경영대학,글로벌무역물류학과,,,True,True,True
서울사이버대학교,융합경영대학,금융보험학과,,,True,True,True
서울사이버대학교,사회과학대학,한국어문화학과,,,True,True,True
서울사이버대학교,융합경영대학,세무회계학과,,,True,True,True
서울사이버대학교,공과대학,컴퓨터공학과,,,True,True,True
서울사이버대학교,공과대학,빅데이터・정보보호학과,,,True,True,True
서울사이버대학교,공과대학,전기전자공학과,,,True,True,True
서울사이버대학교,디자인대학,멀티미디어디자인학과,,,True,True,True
서울사이버대학교,디자인대학,건축공간디자인학과,,,True,True,True
서울사이버대학교,문화예술대학,문화예술경영학과,,,True,True,True
서울사이버대학교,문화예술대학,피아노과,,,True,True,True
서울사이버대학교,문화예술대학,성악과,,,True,True,True
서울사이버대학교,문화예술대학,실용음악과,,,True,True,True
고신대학교,보건복지대학,광고홍보학과,,,True,True,True
선문대학교,인문사회대학,상담산업심리학과,,,True,True,True
선문대학교,공과대학,디스플레이반도체공학과,,,True,True,True
부산대학교,단과대구분없음,지능형헬스사이언스융합전공,,,True,True,True
선문대학교,글로벌비즈니스대학,글로벌관광학과,,,True,True,True
선문대학교,인문사회대학,역사문화콘텐츠학부,,,True,True,True
상지대학교,예술체육대학,패션디자인학과,,,True,True,True
고신대학교,신학대학,외국어로서의 한국어교육전공,,,True,True,True
서울사이버대학교,문화예술대학,음악치료학과,,,True,True,True
고신대학교,의료과학대학,언어치료학과,,,True,True,True
고신대학교,보건복지대학,영어전공,,,True,True,True
고신대학교,의료과학대학,재활상담학과,,,True,True,True
한국폴리텍 II 대학 남인천캠퍼스,단과대구분없음,스마트표면처리과,,,True,True,True
대구예술대학교,단과대구분없음,건반음악전공,,,True,True,True
한국폴리텍 V 대학 광주캠퍼스,단과대구분없음,기계시스템과(기계시스템제작),,,True,True,True
서울사이버대학교,공과대학,기계제어공학과,,,True,True,True
서경대학교,예술대학,한국무용전공,,,True,True,True
서경대학교,예술대학,실용무용전공,,,True,True,True
서경대학교,이공대학,물류시스템공학과,,,True,True,True
인제대학교,AI융합대학,통계학과,,,True,True,True
인제대학교,AI융합대학,컴퓨터공학부,,,True,True,True
인제대학교,AI융합대학,드론IoT시뮬레이션학부,,,True,True,True
조선대학교,미술체육대학,태권도학과,,,True,True,True
덕성여자대학교,Art & Design대학,텍스타일디자인전공,,,True,True,True
덕성여자대학교,Art & Design대학,시각디자인전공,,,True,True,True
덕성여자대학교,Art & Design대학,실내디자인전공,,,True,True,True
덕성여자대학교,Art & Design대학,서양화전공,,,True,True,True
덕성여자대학교,Art & Design대학,동양화전공,,,True,True,True
덕성여자대학교,과학기술대학,생활체육학전공,,,True,True,True
덕성여자대학교,과학기술대학,식품영양학전공,,,True,True,True
덕성여자대학교,과학기술대학,화학전공,,,True,True,True
덕성여자대학교,과학기술대학,정보통계학전공,,,True,True,True
덕성여자대학교,과학기술대학,수학전공,,,True,True,True
덕성여자대학교,과학기술대학,바이오공학전공,,,True,True,True
덕성여자대학교,과학기술대학,IT미디어공학전공,,,True,True,True
덕성여자대학교,과학기술대학,컴퓨터공학전공,,,True,True,True
덕성여자대학교,글로벌융합대학,의상디자인전공,,,True,True,True
덕성여자대학교,글로벌융합대학,정치외교학전공,,,True,True,True
덕성여자대학교,글로벌융합대학,사회복지학전공,,,True,True,True
덕성여자대학교,글로벌융합대학,아동가족학전공,,,True,True,True
덕성여자대학교,글로벌융합대학,심리학전공,,,True,True,True
덕성여자대학교,글로벌융합대학,문헌정보학전공,,,True,True,True
덕성여자대학교,글로벌융합대학,사회학전공,,,True,True,True
덕성여자대학교,글로벌융합대학,법학전공,,,True,True,True
덕성여자대학교,글로벌융합대학,국제통상학전공,,,True,True,True
덕성여자대학교,글로벌융합대학,회계학전공,,,True,True,True
덕성여자대학교,글로벌융합대학,경영학전공,,,True,True,True
덕성여자대학교,글로벌융합대학,문화인류학전공,,,True,True,True
덕성여자대학교,글로벌융합대학,유아교육과,,,True,True,True
덕성여자대학교,글로벌융합대학,미술사학전공,,,True,True,True
덕성여자대학교,글로벌융합대학,철학전공,,,True,True,True
덕성여자대학교,글로벌융합대학,사학전공,,,True,True,True
덕성여자대학교,글로벌융합대학,스페인어전공,,,True,True,True
덕성여자대학교,글로벌융합대학,독어독문학전공,,,True,True,True
덕성여자대학교,글로벌융합대학,불어불문학전공,,,True,True,True
덕성여자대학교,글로벌융합대학,영어영문학전공,,,True,True,True
덕성여자대학교,글로벌융합대학,중어중문학전공,,,True,True,True
덕성여자대학교,글로벌융합대학,일어일문학전공,,,True,True,True
덕성여자대학교,글로벌융합대학,국어국문학전공,,,True,True,True
덕성여자대학교,Art & Design대학,Art & Design대학,,,True,True,True
덕성여자대학교,과학기술대학,과학기술대학,,,True,True,True
덕성여자대학교,글로벌융합대학,글로벌융합대학,,,True,True,True
동서대학교,소프트웨어융합대학,소프트웨어학과,,,True,True,True
동서대학교,소프트웨어융합대학,정보보안학과,,,True,True,True
동서대학교,소프트웨어융합대학,정보통신공학과,,,True,True,True
동서대학교,소프트웨어융합대학,컴퓨터공학과,,,True,True,True
한경국립대학교,단과대구분없음,법경영학부,,,True,True,True
한경국립대학교,단과대구분없음,생명공학부,,,True,True,True
글로벌사이버대학교,단과대구분없음,문화경영공학계열,,,True,True,True
한경국립대학교,단과대구분없음,경영학전공,,,True,True,True
한경국립대학교,단과대구분없음,법학전공,,,True,True,True
서울과학기술대학교,미래융합대학,융합사회학부,,,True,True,True
삼육대학교,간호대학,간호학과(특별과정),,,True,True,True
삼육대학교,미래융합대학,컴퓨터공학부,,,True,True,True
광운대학교,자연과학대학,스포츠융합과학과,,,True,True,True
화신사이버대학교,단과대구분없음,영상콘텐츠학과,,,True,True,True
배재대학교,인문사회대학,국어국문한국어교육학과,,,True,True,True
가야대학교(김해),단과대구분없음,특수체육교육학전공,,,True,True,True
가야대학교(김해),단과대구분없음,초등특수교육학전공,,,True,True,True
화신사이버대학교,단과대구분없음,복지경영학과,,,True,True,True
가야대학교(김해),단과대구분없음,사회복지학전공,,,True,True,True
가야대학교(김해),단과대구분없음,특수교육과,,,True,True,True
부산장신대학교,인문대학,기독교사회복지상담학과,,,True,True,True
단국대학교,단과대구분없음,자유교양대학(의학계열),,,True,True,True
단국대학교,단과대구분없음,자유교양대학(자연과학계열),,,True,True,True
단국대학교,단과대구분없음,자유교양대학(인문사회계열),,,True,True,True
단국대학교,단과대구분없음,자유교양대학(예체능계열),,,True,True,True
단국대학교,단과대구분없음,자유교양대학(공학계열),,,True,True,True
인하대학교,사회과학대학,미디어커뮤니케이션학과,,,True,True,True
단국대학교,스포츠과학대학,국제스포츠학부,,,True,True,True
단국대학교,과학기술대학,생명과학부,,,True,True,True
제주국제대학교,단과대구분없음,항공정비학과,,,True,True,True
제주국제대학교,단과대구분없음,상담복지학과,,,True,True,True
제주국제대학교,단과대구분없음,항공식품・물류학과,,,True,True,True
한경국립대학교,단과대구분없음,의류산업학전공,,,True,True,True
한국폴리텍 VI 대학 대구캠퍼스,단과대구분없음,스마트전자과(ICT융합전자),,,True,True,True
대전대학교,공과대학,환경공학・응용화학학부,,,True,True,True
대전대학교,공과대학,정보통신・전자공학과,,,True,True,True
단국대학교,생명공학대학,환경원예조경학부,,,True,True,True
단국대학교,음악‧예술대학,디자인학부,,,True,True,True
대구한의대학교,웰니스융합대학,시니어스포츠학전공,,,True,True,True
유원대학교,단과대구분없음,사회복지보육전공,,,True,True,True
유원대학교,단과대구분없음,사회복지상담전공,,,True,True,True
유원대학교,단과대구분없음,사회복지상담학부,,,True,True,True
대구한의대학교,바이오산업대학,한방식품조리영양학부,,,True,True,True
대구한의대학교,바이오산업대학,식품조리학전공,,,True,True,True
대구한의대학교,바이오산업대학,식품영양학전공,,,True,True,True
대구한의대학교,웰니스융합대학,시니어웰니스학부,,,True,True,True
대구한의대학교,미래라이프융합대학,평생교육복지전공,,,True,True,True
유원대학교,단과대구분없음,호텔항공서비스학과,,,True,True,True
대구가톨릭대학교,바이오메디대학,바이오・화학융합학부,,,True,True,True
대구한의대학교,웰니스융합대학,한방스포츠의학전공,,,True,True,True
유원대학교,단과대구분없음,드론응용학과,,,True,True,True
대구한의대학교,미래라이프융합대학,산림비즈니스학과,,,True,True,True
인천가톨릭대학교,조형예술대학,문화콘텐츠학과,,,True,True,True
단국대학교,외국어대학,유럽중남미학부,,,True,True,True
단국대학교,외국어대학,아시아중동학부,,,True,True,True
단국대학교,생명공학대학,의생명공학부 의생명공학전공,,,True,True,True
경남대학교,문과대학,중국학전공,,,True,True,True
경남대학교,문과대학,영어학전공,,,True,True,True
경남대학교,문과대학,한국어문학전공,,,True,True,True
서울과학기술대학교,기술경영융합대학,MSDE학과,,,True,True,True
서울과학기술대학교,기술경영융합대학,산업공학과(ITM전공),,,True,True,True
서울과학기술대학교,기술경영융합대학,산업공학과(산업정보시스템전공),,,True,True,True
서울과학기술대학교,조형대학,디자인학과(산업디자인전공),,,True,True,True
서울과학기술대학교,조형대학,디자인학과(시각디자인전공),,,True,True,True
인천가톨릭대학교,조형예술대학,융합디자인학과,,,True,True,True
한양사이버대학교,단과대구분없음,창의융합계열,,,True,True,True
한양사이버대학교,단과대구분없음,관광호텔항공서비스학과,,,True,True,True
중앙대학교,예술대학,디자인학부(패션전공),,,True,True,True
한양사이버대학교,단과대구분없음,예술문화디자인학과,,,True,True,True
한양사이버대학교,단과대구분없음,리빙디자인학과,,,True,True,True
한양사이버대학교,단과대구분없음,건축공간디자인학과,,,True,True,True
한양사이버대학교,단과대구분없음,청소년코칭상담학과,,,True,True,True
한양사이버대학교,단과대구분없음,플랫폼교육공학과,,,True,True,True
한양사이버대학교,단과대구분없음,광고영상창작학과,,,True,True,True
한양사이버대학교,단과대구분없음,경제금융자산관리학과,,,True,True,True
한양사이버대학교,단과대구분없음,생산물류유통학과,,,True,True,True
한양사이버대학교,단과대구분없음,경영정보・AI비즈니스학과,,,True,True,True
한양사이버대학교,단과대구분없음,정보시스템통신공학과,,,True,True,True
단국대학교,생명공학대학,환경원예조경학부 녹지조경학전공,,,True,True,True
우석대학교,단과대구분없음,건강기능식품전공,,,True,True,True
한국폴리텍 V 대학 익산캠퍼스,단과대구분없음,나노측정과,,,True,True,True
인천가톨릭대학교,조형예술대학,조형예술학과,,,True,True,True
대구가톨릭대학교,소프트웨어융합대학,컴퓨터공학전공,,,True,True,True
한경국립대학교,단과대구분없음,인문융합공공인재학부,,,True,True,True
단국대학교,생명공학대학,의생명공학부,,,True,True,True
단국대학교,SW융합대학,산업보안학과,,,True,True,True
단국대학교,단과대구분없음,생명공학대학,,,True,True,True
동서대학교,글로벌비즈니스대학,국제물류학과,,,True,True,True
서울과학기술대학교,미래융합대학,융합사회학부(벤처경영전공),,,True,True,True
서울과학기술대학교,미래융합대학,융합사회학부(영어전공),,,True,True,True
서울과학기술대학교,미래융합대학,융합사회학부(문화예술전공),,,True,True,True
서울과학기술대학교,미래융합대학,융합사회학부(헬스피트니스전공),,,True,True,True
경남대학교,문과대학,영중국제학부,,,True,True,True
경남대학교,문과대학,역사어문학부,,,True,True,True
전주대학교,미래융합대학,농생명ICT학과,,,True,True,True
단국대학교,단과대구분없음,경영경제대학,,,True,True,True
계명대학교,공과대학,자동차시스템공학전공,,,True,True,True
계명대학교,인문국제학대학,글로벌한국어문화교육전공,,,True,True,True
계명대학교,공과대학,산업공학과,,,True,True,True
계명대학교,공과대학,신소재공학전공,,,True,True,True
계명대학교,공과대학,화학공학전공,,,True,True,True
계명대학교,공과대학,로봇공학전공,,,True,True,True
계명대학교,공과대학,기계공학전공,,,True,True,True
성결대학교,글로벌경영기술대학,관광개발학과,,,True,True,True
한경국립대학교,단과대구분없음,원예생명공학전공,,,True,True,True
한경국립대학교,단과대구분없음,조경학전공,,,True,True,True
한경국립대학교,단과대구분없음,식품영양학전공,,,True,True,True
한경국립대학교,단과대구분없음,아동가족복지학전공,,,True,True,True
한경국립대학교,단과대구분없음,웰니스스포츠과학전공,,,True,True,True
한경국립대학교,단과대구분없음,디자인전공,,,True,True,True
한경국립대학교,단과대구분없음,식품생명공학전공,,,True,True,True
한경국립대학교,단과대구분없음,응용수학전공,,,True,True,True
한경국립대학교,단과대구분없음,공공행정전공,,,True,True,True
한경국립대학교,단과대구분없음,영미언어문화전공,,,True,True,True
배재대학교,문화예술대학,아트앤웹툰학과,,,True,True,True
대진대학교,공공인재대학,공공서비스관리학과,,,True,True,True
한경국립대학교,단과대구분없음,식물생명환경전공,,,True,True,True
한경국립대학교,단과대구분없음,화학공학전공,,,True,True,True
한경국립대학교,단과대구분없음,문예창작미디어콘텐츠홍보전공,,,True,True,True
한경국립대학교,단과대구분없음,토목공학전공,,,True,True,True
한경국립대학교,단과대구분없음,환경공학전공,,,True,True,True
한경국립대학교,단과대구분없음,소프트웨어&서비스컴퓨팅전공,,,True,True,True
한경국립대학교,단과대구분없음,소프트웨어융합전공,,,True,True,True
한경국립대학교,단과대구분없음,전자공학전공,,,True,True,True
한경국립대학교,단과대구분없음,전기공학전공,,,True,True,True
한경국립대학교,단과대구분없음,ICT로봇공학전공,,,True,True,True
한경국립대학교,단과대구분없음,웰니스산업융합학부,,,True,True,True
한경국립대학교,단과대구분없음,디자인건축융합학부,,,True,True,True
한경국립대학교,단과대구분없음,전자전기공학부,,,True,True,True
한경국립대학교,단과대구분없음,ICT로봇기계공학부,,,True,True,True
한경국립대학교,단과대구분없음,식품생명화학공학부,,,True,True,True
한경국립대학교,단과대구분없음,건설환경공학부,,,True,True,True
한경국립대학교,단과대구분없음,응용생명공학전공,,,True,True,True
성결대학교,글로벌경영기술대학,관광개발학부,,,True,True,True
성결대학교,IT공과대학,미디어소프트웨어학과,,,True,True,True
성결대학교,IT공과대학,도시디자인정보공학과,,,True,True,True
성결대학교,IT공과대학,정보통신공학과,,,True,True,True
성결대학교,글로벌경영기술대학,경영학과,,,True,True,True
인제대학교,의과대학,의학과,,,True,True,True
고려사이버대학교,단과대구분없음,한국어・다문화학부,,,True,True,True
예원예술대학교,단과대구분없음,스포츠경호무도학과,,,True,True,True
예원예술대학교,단과대구분없음,뷰티디자인전공,,,True,True,True
예원예술대학교,단과대구분없음,융합조형디자인전공,,,True,True,True
한경국립대학교,단과대구분없음,기계공학전공,,,True,True,True
대진대학교,휴먼IT공과대학,산업경영공학과,,,True,True,True
대진대학교,휴먼IT공과대학,기계공학과,,,True,True,True
성결대학교,IT공과대학,컴퓨터공학과,,,True,True,True
성결대학교,글로벌경영기술대학,산업경영공학과,,,True,True,True
선문대학교,공과대학,토목방재공학과,,,True,True,True
나사렛대학교,단과대구분없음,"휴먼재활학부(재활학트랙,수어통역교육전공)",,,True,True,True
나사렛대학교,단과대구분없음,쿰칼리지,,,True,True,True
나사렛대학교,단과대구분없음,"재활치료학부(특수체육학트랙,스포츠재활트랙)",,,True,True,True
나사렛대학교,단과대구분없음,"재활치료학부(언어치료학전공,심리상담학트랙)",,,True,True,True
나사렛대학교,단과대구분없음,재활융합기술학과,,,True,True,True
나사렛대학교,단과대구분없음,"예술체육학부(실용음악트랙,피아노트랙,관현악트랙)",,,True,True,True
나사렛대학교,단과대구분없음,"IT・방송영상융합학부(정보통신보안트랙,멀티미디어콘텐츠트랙,인공지능소프트웨어트랙)",,,True,True,True
선문대학교,글로벌비즈니스대학,외국어자율전공학부,,,True,True,True
선문대학교,글로벌비즈니스대학,외국어자율전공학부 영어전공,,,True,True,True
선문대학교,글로벌비즈니스대학,외국어자율전공학부 중국어전공,,,True,True,True
선문대학교,글로벌비즈니스대학,외국어자율전공학부 일본어전공,,,True,True,True
선문대학교,글로벌비즈니스대학,외국어자율전공학부 러시아어전공,,,True,True,True
선문대학교,글로벌비즈니스대학,외국어자율전공학부 스페인어중남미전공,,,True,True,True
동서대학교,단과대구분없음,광고홍보학과,,,True,True,True
동서대학교,단과대구분없음,방송영상학과,,,True,True,True
동서대학교,이공대학,생명화학공학과,,,True,True,True
동서대학교,글로벌비즈니스대학,국제통상학과,,,True,True,True
부산대학교,사회과학대학,미디어커뮤니케이션학과,,,True,True,True
고신대학교,보건복지대학,의료경영전공,,,True,True,True
건국대학교,공과대학,컴퓨터공학부,,,True,True,True
건국대학교,부동산과학원,부동산학과,,,True,True,True
군산대학교,사회과학대학,국제물류학과,,,True,True,True
인천대학교,글로벌정경대학,글로벌물류학과,,,True,True,True
고신대학교,보건복지대학,의료경영학부,,,True,True,True
고신대학교,의료과학대학,의생명과학과,,,True,True,True
경동대학교,온사람교양교육대학,교양교육학부,,,True,True,True
경동대학교,단과대구분없음,소프트웨어학과,,,True,True,True
경동대학교,단과대구분없음,외식사업학과,,,True,True,True
인천대학교,글로벌정경대학,소비자학과,,,True,True,True
인천대학교,글로벌정경대학,무역학부,,,True,True,True
인천대학교,글로벌정경대학,경제학과,,,True,True,True
인천대학교,글로벌정경대학,정치외교학과,,,True,True,True
인천대학교,글로벌정경대학,행정학과,,,True,True,True
인천대학교,단과대구분없음,법학부,,,True,True,True
대구예술대학교,단과대구분없음,아트&이노베이션전공,,,True,True,True
글로벌사이버대학교,단과대구분없음,AI융합학과,,,True,True,True
대구대학교,행정대학,부동산・지적학과,,,True,True,True
대구대학교,성산교양대학(S-LAC),자유전공학부,,,True,True,True
대구대학교,정보통신대학,ICT융합학부(인공지능전공),,,True,True,True
대구대학교,정보통신대학,ICT융합학부(멀티미디어공학전공),,,True,True,True
대구대학교,정보통신대학,ICT융합학부(정보통신공학전공),,,True,True,True
단국대학교,생명공학대학,생명자원학부,,,True,True,True
단국대학교,SW융합대학,SW융합학부 글로벌SW융합전공,,,True,True,True
한국교통대학교,단과대구분없음,창의융합학부,,,True,True,True
나사렛대학교,단과대구분없음,브리지학부,,,True,True,True
한국교통대학교,미래융합대학,건설환경융합공학과,,,True,True,True
세한대학교,단과대구분없음,스포츠레저산업학과,,,True,True,True
세한대학교,항공대학,항공교통관리학과,,,True,True,True
제주대학교,해양과학대학,수산생명의학과,,,True,True,True
제주대학교,해양과학대학,해양생명과학과,,,True,True,True
제주대학교,약학대학,약학과,,,True,True,True
서울여자대학교,자연과학대학,화학생명환경과학부,,,True,True,True
한국폴리텍 II 대학 인천캠퍼스,단과대구분없음,정보통신과(ICT융합전자),,,True,True,True
한국폴리텍 II 대학 인천캠퍼스,단과대구분없음,자동차과(ICT그린자동차),,,True,True,True
원광디지털대학교,단과대구분없음,태권도스포츠재활학과,,,True,True,True
한국폴리텍 II 대학 인천캠퍼스,단과대구분없음,기계시스템과(ICT기계가공),,,True,True,True
세한대학교,항공대학,항공해양물류학과,,,True,True,True
세한대학교,한류문화콘텐츠대학,스포츠건강관리학과,,,True,True,True
한국폴리텍 II 대학 인천캠퍼스,단과대구분없음,금형디자인과(스마트금형),,,True,True,True
가톨릭꽃동네대학교,단과대구분없음,사회복지・상담심리학부 사회복지학과,,,True,True,True
가톨릭꽃동네대학교,단과대구분없음,사회복지・상담심리학부 상담심리학과,,,True,True,True
가톨릭대학교,단과대구분없음,사회혁신융복합전공,,,True,True,True
가톨릭대학교,단과대구분없음,국제법정경계열,,,True,True,True
가톨릭대학교,단과대구분없음,ICT공학계열,,,True,True,True
가톨릭대학교,단과대구분없음,바이오융합공학계열,,,True,True,True
홍익대학교,단과대구분없음,융합전공 디자인엔지니어링전공,,,True,True,True
가톨릭대학교,단과대구분없음,생활과학계열,,,True,True,True
홍익대학교,단과대구분없음,융합전공 지능로봇・공학전공,,,True,True,True
가톨릭대학교,단과대구분없음,자연과학계열,,,True,True,True
가톨릭대학교,단과대구분없음,경영계열,,,True,True,True
가톨릭대학교,단과대구분없음,사회과학계열,,,True,True,True
가톨릭대학교,단과대구분없음,어문계열,,,True,True,True
가톨릭대학교,단과대구분없음,인문계열,,,True,True,True
가톨릭대학교,단과대구분없음,환경공학과,,,True,True,True
가톨릭대학교,단과대구분없음,생명공학과,,,True,True,True
가톨릭대학교,단과대구분없음,식품영양학과,,,True,True,True
가톨릭대학교,단과대구분없음,아동학과,,,True,True,True
가톨릭대학교,단과대구분없음,의류학과,,,True,True,True
가톨릭대학교,단과대구분없음,소비자주거학과,,,True,True,True
가톨릭대학교,단과대구분없음,물리학과,,,True,True,True
가톨릭대학교,단과대구분없음,수학과,,,True,True,True
가톨릭대학교,단과대구분없음,화학과,,,True,True,True
가톨릭대학교,단과대구분없음,행정학과,,,True,True,True
가톨릭대학교,단과대구분없음,경제학과,,,True,True,True
가톨릭대학교,단과대구분없음,법학과,,,True,True,True
가톨릭대학교,단과대구분없음,회계학과,,,True,True,True
가톨릭대학교,단과대구분없음,경영학과,,,True,True,True
가톨릭대학교,단과대구분없음,사회학과,,,True,True,True
가톨릭대학교,단과대구분없음,심리학과,,,True,True,True
가톨릭대학교,단과대구분없음,사회복지학과,,,True,True,True
가톨릭대학교,단과대구분없음,일어일본문화학과,,,True,True,True
가톨릭대학교,단과대구분없음,중국언어문화학과,,,True,True,True
가톨릭대학교,단과대구분없음,국사학과,,,True,True,True
가톨릭대학교,단과대구분없음,철학과,,,True,True,True
가톨릭대학교,단과대구분없음,국어국문학과,,,True,True,True
한국폴리텍 VII 대학 창원캠퍼스,단과대구분없음,스마트융합금형과,,,True,True,True
조선대학교,미술체육대학,체육학과,,,True,True,True
조선대학교,미술체육대학,스포츠산업학과,,,True,True,True
신한대학교,디자인예술대학,산업디자인전공,,,True,True,True
조선대학교,글로벌인문대학,국어국문학과,,,True,True,True
조선대학교,자연과학.공공보건안전대학,경찰행정학과,,,True,True,True
한양사이버대학교,단과대구분없음,군경상담학과,,,True,True,True
신한대학교,바이오생태보건대학,식품영양학전공,,,True,True,True
조선대학교,글로벌인문대학,중국어문화학과,,,True,True,True
조선대학교,글로벌인문대학,일본어과,,,True,True,True
조선대학교,글로벌인문대학,아랍어과,,,True,True,True
조선대학교,글로벌인문대학,스페인어과,,,True,True,True
조선대학교,글로벌인문대학,러시아어과,,,True,True,True
조선대학교,글로벌인문대학,독일어문화학과,,,True,True,True
조선대학교,글로벌인문대학,철학과,,,True,True,True
조선대학교,글로벌인문대학,영어영문학과,,,True,True,True
조선대학교,글로벌인문대학,역사문화학과,,,True,True,True
조선대학교,글로벌인문대학,문예창작학과,,,True,True,True
대구가톨릭대학교,소프트웨어융합대학,스마트IoT전공,,,True,True,True
동서대학교,미래커리어대학,사회안전학부,,,True,True,True
대구대학교,인문대학,유럽문화학과,,,True,True,True
연세대학교,공과대학,시스템반도체공학과,,,True,True,True
조선대학교,자연과학.공공보건안전대학,작업치료학과,,,True,True,True
조선대학교,자연과학.공공보건안전대학,언어치료학과,,,True,True,True
조선대학교,자연과학.공공보건안전대학,상담심리학과,,,True,True,True
조선대학교,자연과학.공공보건안전대학,소방재난관리학과,,,True,True,True
조선대학교,법사회대학,공공인재법무학과,,,True,True,True
조선대학교,법사회대학,법학과,,,True,True,True
조선대학교,자연과학.공공보건안전대학,화학과,,,True,True,True
조선대학교,자연과학.공공보건안전대학,컴퓨터통계학과,,,True,True,True
조선대학교,자연과학.공공보건안전대학,의생명과학과,,,True,True,True
조선대학교,자연과학.공공보건안전대학,식품영양학과,,,True,True,True
조선대학교,자연과학.공공보건안전대학,수학과,,,True,True,True
조선대학교,자연과학.공공보건안전대학,생명과학과,,,True,True,True
조선대학교,법사회대학,군사학과,,,True,True,True
조선대학교,법사회대학,신문방송학과,,,True,True,True
조선대학교,법사회대학,행정복지학부,,,True,True,True
조선대학교,법사회대학,정치외교학과,,,True,True,True
서원대학교,휴먼서비스대학,디자인학과,,,True,True,True
조선대학교,미술체육대학,공연예술무용과,,,True,True,True
조선대학교,공과대학,스마트이동체 융합시스템공학부,,,True,True,True
조선대학교,공과대학,건축학과(5년제),,,True,True,True
조선대학교,공과대학,건축공학과,,,True,True,True
조선대학교,법사회대학,행정복지학부(행정학전공),,,True,True,True
조선대학교,법사회대학,행정복지학부(사회복지학전공),,,True,True,True
조선대학교,미술체육대학,시각디자인학과,,,True,True,True
조선대학교,미술체육대학,회화학부(한국화전공),,,True,True,True
조선대학교,미술체육대학,회화학부(서양화전공),,,True,True,True
조선대학교,미술체육대학,문화콘텐츠학부(현대조형미디어전공),,,True,True,True
조선대학교,미술체육대학,문화콘텐츠학부(시각문화큐레이터전공),,,True,True,True
조선대학교,미술체육대학,라이프스타일디자인학부(실내디자인전공),,,True,True,True
우송대학교,단과대구분없음,호텔관광경영학과,,,True,True,True
조선대학교,미술체육대학,라이프스타일디자인학부(섬유・패션디자인전공),,,True,True,True
조선대학교,미술체육대학,라이프스타일디자인학부,,,True,True,True
조선대학교,미술체육대학,회화학부,,,True,True,True
조선대학교,미술체육대학,문화콘텐츠학부(가구・도자디자인전공),,,True,True,True
조선대학교,미술체육대학,디자인공학과,,,True,True,True
조선대학교,창의융합교양대학,자유전공학부,,,True,True,True
조선대학교,미래사회융합대학,휴먼융합서비스학부(스마트비즈니스전공),,,True,True,True
조선대학교,미래사회융합대학,휴먼융합서비스학부(지식자산컨설팅전공),,,True,True,True
경희사이버대학교,단과대구분없음,미래・문화・글로벌리더십계열,,,True,True,True
부산대학교,공과대학,조선・해양공학과,,,True,True,True
서울한영대학교,인문대학,사회복지상담학과,,,True,True,True
서울신학대학교,단과대구분없음,교양교육원,,,True,True,True
인하대학교,단과대구분없음,국제학부(국제한국언어문화학전공),,,True,True,True
한국폴리텍 I 대학 성남캠퍼스,단과대구분없음,기계시스템과,,,True,True,True
한국폴리텍 I 대학 성남캠퍼스,단과대구분없음,스마트자동화과,,,True,True,True
한국폴리텍 I 대학 성남캠퍼스,단과대구분없음,반도체소재응용과,,,True,True,True
한국폴리텍 I 대학 성남캠퍼스,단과대구분없음,스마트기계정비과,,,True,True,True
금오공과대학교,단과대구분없음,환경공학과,,,True,True,True
금오공과대학교,단과대구분없음,화학소재공학부,,,True,True,True
한국폴리텍 VII 대학 창원캠퍼스,단과대구분없음,스마트환경시스템과,,,True,True,True
한신대학교,인문대학,디지털영상문화콘텐츠학과,,,True,True,True
한신대학교,인문대학,독어독문화학과,,,True,True,True
동서대학교,미래커리어대학,실버컨설팅학과,,,True,True,True
동서대학교,미래커리어대학,시니어운동처방학과,,,True,True,True
부산대학교,정보의생명공학대학,정보컴퓨터공학부,,,True,True,True
중부대학교,단과대구분없음,호텔비즈니스전공,,,True,True,True
중부대학교,단과대구분없음,스마트IT전공,,,True,True,True
동서대학교,소프트웨어융합대학,게임학과,,,True,True,True
동서대학교,소프트웨어융합대학,영상애니메이션학과,,,True,True,True
부산대학교,정보의생명공학대학,의생명융합공학부,,,True,True,True
단국대학교,단과대구분없음,과학기술대학,,,True,True,True
단국대학교,단과대구분없음,음악・예술대학,,,True,True,True
단국대학교,공과대학,고분자시스템공학부 파이버융합소재공학전공,,,True,True,True
단국대학교,공과대학,고분자시스템공학부 고분자공학전공,,,True,True,True
목원대학교,스톡스대학,융복합학부,,,True,True,True
목원대학교,스톡스대학,기초교양학부,,,True,True,True
목원대학교,스톡스대학,창의교양학부,,,True,True,True
동서대학교,미래커리어대학,ICT융합공학부,,,True,True,True
목포해양대학교,해사대학,해양경찰학부,,,True,True,True
호남대학교,교양융합대학,융합학부,,,True,True,True
호남대학교,교양융합대학,교양학부,,,True,True,True
공주대학교,공과대학,금속재료공학전공,,,True,True,True
호남대학교,예술대학,만화애니메이션학과,,,True,True,True
목원대학교,음악대학,공연예술학부,,,True,True,True
목원대학교,테크노과학대학,미생물소재학과,,,True,True,True
한남대학교,사회적경제융합대학,아동복지학과,,,True,True,True
한남대학교,사회적경제융합대학,사회복지학과,,,True,True,True
한남대학교,공과대학,화학공학과,,,True,True,True
한남대학교,공과대학,신소재공학과,,,True,True,True
목원대학교,스톡스대학,SW교양학부,,,True,True,True
목원대학교,음악대학,한국음악과,,,True,True,True
목원대학교,사회과학대학,마케팅빅데이터학과,,,True,True,True
목원대학교,사회과학대학,글로벌경제학과,,,True,True,True
목원대학교,테크노과학대학,화학・화장품학부,,,True,True,True
목원대학교,문화콘텐츠대학,TV・영화학부 연기전공,,,True,True,True
목원대학교,문화콘텐츠대학,TV・영화학부 TV・영화전공,,,True,True,True
목원대학교,문화콘텐츠대학,TV・영화학부,,,True,True,True
목원대학교,문화콘텐츠대학,역사학과,,,True,True,True
목원대학교,문화콘텐츠대학,영어영문학과,,,True,True,True
목원대학교,문화콘텐츠대학,사회복지학과,,,True,True,True
목원대학교,문화콘텐츠대학,국제문화학과,,,True,True,True
한경국립대학교,단과대구분없음,융합레포츠전공,,,True,True,True
서원대학교,BIT융합대학,헬스케어운동학과,,,True,True,True
전북대학교,약학대학,약학과(2+4년제),,,True,True,True
한경국립대학교,단과대구분없음,글로벌물류전공,,,True,True,True
경희사이버대학교,단과대구분없음,관광레저경영전공,,,True,True,True
경희사이버대학교,단과대구분없음,항공・공항서비스경영전공,,,True,True,True
경희사이버대학교,단과대구분없음,관광레저항공경영학부,,,True,True,True
김천대학교,휴먼케어대학,스포츠재활학과,,,True,True,True
김천대학교,휴먼케어대학,유아교육과,,,True,True,True
김천대학교,헬스케어대학,작업치료학과,,,True,True,True
김천대학교,헬스케어대학,안경광학과,,,True,True,True
김천대학교,헬스케어대학,치위생학과,,,True,True,True
김천대학교,헬스케어대학,치기공학과,,,True,True,True
김천대학교,헬스케어대학,임상병리학과,,,True,True,True
김천대학교,헬스케어대학,방사선학과,,,True,True,True
김천대학교,헬스케어대학,물리치료학과,,,True,True,True
김천대학교,헬스케어대학,간호학과,,,True,True,True
김천대학교,휴먼케어대학,공연예술학부(뷰티케어전공),,,True,True,True
김천대학교,휴먼케어대학,공연예술학부(공연예술전공),,,True,True,True
김천대학교,공공안전대학,경찰소방학부(경찰행정전공),,,True,True,True
김천대학교,휴먼케어대학,사회복지상담학부(상담심리전공),,,True,True,True
김천대학교,휴먼케어대학,사회복지상담학부(사회복지전공),,,True,True,True
김천대학교,휴먼케어대학,공연예술학부,,,True,True,True
우석대학교,단과대구분없음,바이오정보시스템전공,,,True,True,True
충북대학교,생활과학대학,의류학과,,,True,True,True
배재대학교,인문사회대학,중국학과,,,True,True,True
상지대학교,생명환경과학대학,환경조경학과,,,True,True,True
한남대학교,사회적경제융합대학,상담심리학과,,,True,True,True
한남대학교,공과대학,스마트융합공학부,,,True,True,True
상명대학교,예술디자인대학,예술학부,,,True,True,True
상명대학교,융합기술대학,글로벌금융경영학부,,,True,True,True
상명대학교,예술대학,예술학부 디지털만화영상전공,,,True,True,True
상명대학교,예술대학,예술학부 무대미술전공,,,True,True,True
상명대학교,디자인대학,인더스트리얼디자인전공,,,True,True,True
상명대학교,디자인대학,텍스타일디자인전공,,,True,True,True
상명대학교,글로벌인문학부대학,글로벌지역학부 한국언어문화전공,,,True,True,True
고신대학교,의료과학대학,피부미용전공,,,True,True,True
부경대학교,인문사회대학,사회복지융합전공,,,True,True,True
남부대학교,단과대구분없음,IT경영학과,,,True,True,True
목포대학교,자연과학대학,식의약・원예・해양자원학부,,,True,True,True
목포대학교,공과대학,스마트에너지시스템공학과,,,True,True,True
목포대학교,자연과학대학,식의약자원개발학과,,,True,True,True
한성대학교,미래플러스대학,ICT융합디자인학과,,,True,True,True
호남대학교,경영대학,e스포츠산업학과,,,True,True,True
조선대학교,미래사회융합대학,신산업융합학부(뷰티화장품산업전공),,,True,True,True
동명대학교,미래융합대학,뷰티산업학과,,,True,True,True
전남대학교,문화사회과학대학,문화관광경영학과,,,True,True,True
경기대학교,인문대학,프랑스어문전공,,,True,True,True
우석대학교,단과대구분없음,스마트재난안전전공,,,True,True,True
전주대학교,미래융합대학,창업경영금융학과,,,True,True,True
경동대학교,단과대구분없음,스포츠마케팅학과(예체능),,,True,True,True
경기대학교,예술체육대학,서양화·미술경영학과,,,True,True,True
경기대학교,예술체육대학,시각정보디자인전공,,,True,True,True
경기대학교,인문대학,러시아어문전공,,,True,True,True
경기대학교,예술체육대학,디자인비즈학부,,,True,True,True
경기대학교,예술체육대학,산업디자인전공,,,True,True,True
경기대학교,인문대학,독어독문전공,,,True,True,True
경기대학교,예술체육대학,스포츠건강과학전공,,,True,True,True
경기대학교,예술체육대학,한국화·서예학과,,,True,True,True
경기대학교,인문대학,글로벌어문학부,,,True,True,True
경기대학교,인문대학,일어일문전공,,,True,True,True
경기대학교,예술체육대학,시큐리티매니지먼트학과,,,True,True,True
경기대학교,예술체육대학,스포츠레저산업전공,,,True,True,True
경기대학교,예술체육대학,장신구・금속디자인전공,,,True,True,True
경기대학교,예술체육대학,스포츠과학부,,,True,True,True
경기대학교,예술체육대학,체육학과,,,True,True,True
전주대학교,미래융합대학,미래기술융합공학과,,,True,True,True
조선대학교,미래사회융합대학,휴먼융합서비스학부(문화산업전공),,,True,True,True
홍익대학교,단과대구분없음,융합전공 빅데이터비즈니스전공,,,True,True,True
송원대학교,예체능대학,공연예술학과,,,True,True,True
조선대학교,미술체육대학,만화・애니메이션학과,,,True,True,True
덕성여자대학교,단과대구분없음,스포츠경영학연계전공,,,True,True,True
우석대학교,단과대구분없음,글로벌비즈니스언어전공,,,True,True,True
상명대학교,디자인대학,커뮤니케이션디자인전공,,,True,True,True
상명대학교,디자인대학,스페이스디자인전공,,,True,True,True
상명대학교,예술대학,예술학부 사진영상미디어전공,,,True,True,True
상명대학교,예술대학,예술학부 디지털콘텐츠전공,,,True,True,True
대구한의대학교,미래라이프융합대학,메디푸드HMR산업학과,,,True,True,True
대구한의대학교,미래라이프융합대학,평생교육경영전공,,,True,True,True
상지대학교,인문사회과학대학,경찰법학과,,,True,True,True
단국대학교,과학기술대학,경영공학과,,,True,True,True
김천대학교,휴먼케어대학,사회복지상담학부,,,True,True,True
조선대학교,미래사회융합대학,신산업융합학부(소방・에너지시스템전공),,,True,True,True
조선대학교,미술체육대학,문화콘텐츠학부,,,True,True,True
김천대학교,공공안전대학,ICT군사학부(드론봇전공),,,True,True,True
김천대학교,공공안전대학,ICT군사학부,,,True,True,True
대구가톨릭대학교,단과대구분없음,인간증강SW연계전공,,,True,True,True
대진대학교,공공인재대학,행정정보학과,,,True,True,True
조선대학교,창의융합교양대학,K-컬처엔터테인먼트학과,,,True,True,True
한국폴리텍 VI 대학 영남융합기술캠퍼스,단과대구분없음,3D프린팅융합디자인과,,,True,True,True
전남대학교,AI융합대학,지능형모빌리티융합전공,,,True,True,True
한국폴리텍 VI 대학 영남융합기술캠퍼스,단과대구분없음,스마트패션소재과,,,True,True,True
전남대학교,공과대학,컴퓨터정보통신공학과,,,True,True,True
전남대학교,공과대학,소프트웨어공학과,,,True,True,True
한경국립대학교,단과대구분없음,사회안전시스템공학부,,,True,True,True
한경국립대학교,단과대구분없음,동물생명융합학부,,,True,True,True
대구대학교,단과대구분없음,스마트시스템공학과,,,True,True,True
한경국립대학교,단과대구분없음,동물자원과학전공,,,True,True,True
한경국립대학교,단과대구분없음,생물산업응용전공,,,True,True,True
한국공학대학교,단과대구분없음,나노반도체공학과,,,True,True,True
한신대학교,휴먼서비스대학,재활상담학과,,,True,True,True
한국폴리텍 VI 대학 영남융합기술캠퍼스,단과대구분없음,생활제품디자인과,,,True,True,True
상명대학교,문화예술대학,미술학부 생활예술전공,,,True,True,True
상명대학교,인문사회과학대학,인문콘텐츠학부 문헌정보학전공,,,True,True,True
상명대학교,인문사회과학대학,인문콘텐츠학부 역사콘텐츠전공,,,True,True,True
한신대학교,글로벌협력대학,국제통상・개발협력전공,,,True,True,True
한국폴리텍 VI 대학 영남융합기술캠퍼스,단과대구분없음,메카트로닉스과,,,True,True,True
한경국립대학교,단과대구분없음,컴퓨터응용수학부,,,True,True,True
동양대학교,단과대구분없음,경찰범죄심리학과,,,True,True,True
성신여자대학교,지식서비스공과대학,청정융합에너지공학과,,,True,True,True
세종대학교,공과대학,지구자원시스템공학과,,,True,True,True
가톨릭관동대학교,항공대학,항공경영물류학과,,,True,True,True
목원대학교,음악대학,공연예술학부 작곡전공,,,True,True,True
목원대학교,음악대학,공연예술학부 실용음악전공,,,True,True,True
동서대학교,Q College,Q College,,,True,True,True
대구한의대학교,미래라이프융합대학,평생교육융합학부,,,True,True,True
상명대학교,문화예술대학,미술학부 조형예술전공,,,True,True,True
상명대학교,문화예술대학,스포츠무용학부 무용예술전공,,,True,True,True
상명대학교,문화예술대학,스포츠무용학부 스포츠건강관리전공,,,True,True,True
상명대학교,문화예술대학,외식의류학부 의류학전공,,,True,True,True
상명대학교,문화예술대학,외식의류학부 식품영양학전공,,,True,True,True
상명대학교,융합공과대학,생명화학공학부 화공신소재전공,,,True,True,True
상명대학교,융합공과대학,생명화학공학부 화학에너지공학전공,,,True,True,True
상명대학교,융합공과대학,생명화학공학부 생명공학전공,,,True,True,True
상명대학교,융합공과대학,전기전자공학부 융합전자공학전공,,,True,True,True
상명대학교,융합공과대학,전기전자공학부 전기공학전공,,,True,True,True
상명대학교,융합공과대학,SW융합학부 한일문화콘텐츠전공,,,True,True,True
대구가톨릭대학교,단과대구분없음,핀테크SW연계전공,,,True,True,True
상명대학교,융합공과대학,SW융합학부 애니메이션전공,,,True,True,True
상명대학교,융합공과대학,SW융합학부 게임전공,,,True,True,True
상명대학교,융합공과대학,SW융합학부 컴퓨터과학전공,,,True,True,True
상명대학교,융합공과대학,SW융합학부 휴먼지능정보공학전공,,,True,True,True
상명대학교,인문사회과학대학,인문콘텐츠학부 지적재산권전공,,,True,True,True
한성대학교,미래플러스대학,융합행정학과,,,True,True,True
고신대학교,보건복지대학,보건의료정보관리전공,,,True,True,True
한경국립대학교,단과대구분없음,지역시스템공학전공,,,True,True,True
건국대학교,공과대학,기계항공공학부,,,True,True,True
배재대학교,AI·SW창의융합대학,드론・철도・건설시스템공학과,,,True,True,True
배재대학교,AI·SW창의융합대학,AI・전기공학과,,,True,True,True
한림대학교,글로벌융합대학,AI융합전공,,,True,True,True
전주대학교,미래융합대학,문화융합콘텐츠학과,,,True,True,True
대구가톨릭대학교,단과대구분없음,스마트시티SW연계전공,,,True,True,True
한림대학교,산학협력특성화대학,헬스케어진단전공,,,True,True,True
경남과학기술대학교,융합기술공과대학,전기공학전공,,,True,True,True
광운대학교,전자정보공과대학,전자재료공학과,,,True,True,True
우석대학교,단과대구분없음,K-콘텐츠스타트업전공,,,True,True,True
한남대학교,사회적경제융합대학,빅데이터응용학과,,,True,True,True
경동대학교,의료생명보건대학,웰니스경영학과,,,True,True,True
호남대학교,인문사회대학,경찰행정학과,,,True,True,True
호남대학교,보건과학대학,외식조리과학과,,,True,True,True
경일대학교,SMART인프라대학,화학공학부 에너지공학전공,,,True,True,True
경일대학교,SMART엔지니어링대학,기계자동차학부 자율로봇공학과,,,True,True,True
경일대학교,SMART라이프대학,상경학부 국제통상학전공,,,True,True,True
경일대학교,SMART라이프대학,상경학부 경영학전공,,,True,True,True
경일대학교,SMART라이프대학,식품개발학과,,,True,True,True
경일대학교,SMART라이프대학,항공서비스학과,,,True,True,True
경일대학교,SMART라이프대학,K-뷰티화장품산업학부,,,True,True,True
경일대학교,SMART라이프대학,스포츠학과,,,True,True,True
경일대학교,SMART라이프대학,복지서비스학부 노인체육복지전공,,,True,True,True
경일대학교,SMART라이프대학,복지서비스학부 사회복지전공,,,True,True,True
경일대학교,SMART라이프대학,경찰행정학과,,,True,True,True
경일대학교,SMART라이프대학,상담심리학과,,,True,True,True
경일대학교,SMART라이프대학,응급구조학과,,,True,True,True
경일대학교,SMART라이프대학,간호학과,,,True,True,True
경일대학교,SMART라이프대학,디지털미디어디자인학과,,,True,True,True
경일대학교,SMART라이프대학,만화애니메이션학과,,,True,True,True
경일대학교,SMART라이프대학,사진영상학부,,,True,True,True
경일대학교,SMART인프라대학,화학공학부 화학공학전공,,,True,True,True
경일대학교,SMART인프라대학,전기공학과,,,True,True,True
경일대학교,SMART인프라대학,철도학부,,,True,True,True
경일대학교,SMART인프라대학,소방방재학과,,,True,True,True
경일대학교,SMART인프라대학,국토정보학부 공간정보전공,,,True,True,True
경일대학교,SMART인프라대학,국토정보학부 부동산지적전공,,,True,True,True
경일대학교,SMART인프라대학,건축학부 건축학전공(5년제),,,True,True,True
경일대학교,SMART인프라대학,건축학부 건축공학전공,,,True,True,True
경일대학교,SMART인프라대학,토목공학과,,,True,True,True
경일대학교,SMART엔지니어링대학,컴퓨터사이언스학부 사이버보안전공,,,True,True,True
경일대학교,SMART엔지니어링대학,컴퓨터사이언스학부 컴퓨터공학전공,,,True,True,True
경일대학교,SMART엔지니어링대학,전자공학과,,,True,True,True
경일대학교,SMART엔지니어링대학,기계자동차학부,,,True,True,True
강릉원주대학교,과학기술대학,기계공학과,,,True,True,True
강릉원주대학교,과학기술대학,자동차공학과,,,True,True,True
김천대학교,공공안전대학,소방학과,,,True,True,True
김천대학교,공공안전대학,공공경찰행정학과,,,True,True,True
김천대학교,공공안전대학,경찰행정학과,,,True,True,True
김천대학교,헬스케어대학,보건건강관리학과(뷰티케어전공),,,True,True,True
김천대학교,헬스케어대학,보건건강관리학과(보건건강관리전공),,,True,True,True
김천대학교,헬스케어대학,보건건강관리학과,,,True,True,True
김천대학교,헬스케어대학,언어치료학과,,,True,True,True
김천대학교,헬스케어대학,의료경영학과,,,True,True,True
김천대학교,휴먼케어대학,음악학과,,,True,True,True
김천대학교,휴먼케어대학,공연예술학과,,,True,True,True
김천대학교,휴먼케어대학,식품외식산업학과,,,True,True,True
김천대학교,휴먼케어대학,항공비즈니스학과,,,True,True,True
김천대학교,휴먼케어대학,식품영양학과,,,True,True,True
김천대학교,휴먼케어대학,호텔조리외식경영학과,,,True,True,True
김천대학교,휴먼케어대학,항공관광호텔경영학과,,,True,True,True
김천대학교,휴먼케어대학,상담심리치료학과,,,True,True,True
김천대학교,휴먼케어대학,상담심리학과,,,True,True,True
김천대학교,휴먼케어대학,상담치유복지학과,,,True,True,True
김천대학교,휴먼케어대학,사회복지학과,,,True,True,True
김천대학교,공공안전대학,ICT군사학부(IT융합전공),,,True,True,True
경일대학교,SMART엔지니어링대학,기계자동차학부 자율주행모빌리티학과,,,True,True,True
성결대학교,글로벌경영기술대학,동아시아물류학부,,,True,True,True
경일대학교,SMART라이프대학,영상콘텐츠제작학과,,,True,True,True
경일대학교,미래융합대학,평생교육컨설팅학과,,,True,True,True
경일대학교,SMART엔지니어링대학,컴퓨터사이언스학부 AI소프트웨어전공,,,True,True,True
부경대학교,공과대학,의공학IT융합전공,,,True,True,True
호서대학교,더:함교양대학,혁신융합학부,,,True,True,True
호서대학교,공과대학,전자재료공학과,,,True,True,True
호서대학교,공과대학,건축학과(5년제),,,True,True,True
호서대학교,공과대학,기계자동차공학부,,,True,True,True
호서대학교,예체능대학,골프산업학과,,,True,True,True
호서대학교,생명보건대학,동물보건복지학과,,,True,True,True
호서대학교,경영대학,디지털기술경영학과,,,True,True,True
호서대학교,경영대학,경영학부,,,True,True,True
호서대학교,경영대학,글로벌통상학과,,,True,True,True
호서대학교,인문사회대학,산업심리학과,,,True,True,True
호서대학교,인문사회대학,항공서비스학과,,,True,True,True
호서대학교,인문사회대학,유아교육과,,,True,True,True
호서대학교,인문사회대학,청소년문화・상담학과,,,True,True,True
호서대학교,인문사회대학,사회복지학부,,,True,True,True
호서대학교,인문사회대학,법경찰행정학과,,,True,True,True
호서대학교,인문사회대학,영어영문학과,,,True,True,True
호서대학교,인문사회대학,미디어커뮤니케이션학과,,,True,True,True
호서대학교,인문사회대학,한국언어문화학과,,,True,True,True
호서대학교,인문사회대학,기독교학과,,,True,True,True
호서대학교,인문사회대학,인문융합학부,,,True,True,True
호서대학교,인문사회대학,중국지역학과,,,True,True,True
상명대학교,문화예술대학,스포츠무용학부,,,True,True,True
상명대학교,문화예술대학,외식의류학부,,,True,True,True
상명대학교,융합공과대학,전기전자공학부,,,True,True,True
상명대학교,융합공과대학,SW융합학부,,,True,True,True
전남대학교,수산해양대학,양식생물학과,,,True,True,True
전남대학교,수산해양대학,해양융합과학과,,,True,True,True
전남대학교,수산해양대학,기관시스템공학과,,,True,True,True
전남대학교,수산해양대학,조선해양공학과,,,True,True,True
강릉원주대학교,예술체육대학,조형예술・디자인학과,,,True,True,True
한남대학교,DH-SCHOOL,과학기술・행정융합전공,,,True,True,True
배재대학교,인문사회대학,경찰법학과,,,True,True,True
숙명여자대학교,문과대학,문화관광외식학부,,,True,True,True
초당대학교,단과대구분없음,국가안보학과,,,True,True,True
초당대학교,단과대구분없음,항공드론학과,,,True,True,True
초당대학교,단과대구분없음,자율전공학부,,,True,True,True
초당대학교,단과대구분없음,항공교통물류학과,,,True,True,True
경동대학교,단과대구분없음,한국학과,,,True,True,True
한남대학교,사회적경제융합대학,사회적경제기업학과,,,True,True,True
국제사이버대학교,단과대구분없음,웰빙귀농조경학과,,,True,True,True
울산대학교,디자인ㆍ건축융합대학,산업디자인학전공,,,True,True,True
우송대학교,단과대구분없음,글로벌조리학부 글로벌조리전공,,,True,True,True
우송대학교,단과대구분없음,글로벌조리학부 폴보퀴즈조리전공,,,True,True,True
호서대학교,예체능대학,문화영상학부,,,True,True,True
호서대학교,예체능대학,공연예술학부(실용음악트랙),,,True,True,True
호서대학교,예체능대학,공연예술학부(연극트랙),,,True,True,True
호서대학교,예체능대학,공연예술학부(클래식피아노트랙),,,True,True,True
호서대학교,예체능대학,공연예술학부,,,True,True,True
대구가톨릭대학교,단과대구분없음,엔터테인먼트SW연계전공,,,True,True,True
호서대학교,인문사회대학,어문학부,,,True,True,True
호서대학교,공과대학,건축토목공학부,,,True,True,True
김천대학교,휴먼케어대학,항공호텔조리학부(호텔조리전공),,,True,True,True
대구가톨릭대학교,단과대구분없음,스마트혁신경영전공,,,True,True,True
한남대학교,DH-SCHOOL,융복합창업전공,,,True,True,True
호서대학교,경영대학,세무회계학전공,,,True,True,True
호서대학교,인문사회대학,창업학전공,,,True,True,True
호서대학교,경영대학,경영학전공,,,True,True,True
호서대학교,인문사회대학,청소년문화.상담학과,,,True,True,True
호서대학교,인문사회대학,디지털비즈니스전공,,,True,True,True
호서대학교,인문사회대학,기술경영학전공,,,True,True,True
호서대학교,인문사회대학,응용통계학과,,,True,True,True
서경대학교,융합대학,융합대학,,,True,True,True
호서대학교,인문사회대학,사회복지학전공,,,True,True,True
고려사이버대학교,단과대구분없음,융합전공,,,True,True,True
단국대학교,SW융합대학,SW융합학부 SW융합법학전공,,,True,True,True
한림대학교,미래융합스쿨,마케팅커뮤니케이션테크놀로지융합전공,,,True,True,True
고려사이버대학교,단과대구분없음,미래학부,,,True,True,True
명지대학교,미래융합대학,멀티디자인학과,,,True,True,True
호서대학교,인문사회대학,노인복지학전공,,,True,True,True
호서대학교,인문사회대학,법경찰학전공,,,True,True,True
호서대학교,인문사회대학,행정학전공,,,True,True,True
호서대학교,인문사회대학,국제지역통상전공,,,True,True,True
호서대학교,인문사회대학,경제학전공,,,True,True,True
호서대학교,인문사회대학,법경찰행정학부,,,True,True,True
호서대학교,인문사회대학,문화콘텐츠창작전공,,,True,True,True
호서대학교,인문사회대학,국어국문학전공,,,True,True,True
호서대학교,인문사회대학,한국어문화학부,,,True,True,True
호서대학교,인문사회대학,신학전공,,,True,True,True
호서대학교,인문사회대학,기독교교육학전공,,,True,True,True
호서대학교,인문사회대학,기독교학부,,,True,True,True
호서대학교,인문사회대학,기독교연예학과,,,True,True,True
호서대학교,인문사회대학,중어중국학전공,,,True,True,True
호서대학교,인문사회대학,글로벌창업전공,,,True,True,True
세종대학교,경영경제대학,경제학과,,,True,True,True
을지대학교,바이오융합대학,보건환경안전학과,,,True,True,True
한림대학교,인문대학,글로컬융합인문학전공,,,True,True,True
한림대학교,일송자유교양대학,자유교양전공,,,True,True,True
한림대학교,미래융합스쿨,인터랙션디자인전공,,,True,True,True
한림대학교,미래융합스쿨,미래융합스쿨,,,True,True,True
한림대학교,미래융합스쿨,공공인재융합전공,,,True,True,True
경상국립대학교,단과대구분없음,P&P화학공학전공(공학),,,True,True,True
가야대학교(김해),단과대구분없음,사회복지재활학부,,,True,True,True
가야대학교(김해),단과대구분없음,언어치료청각학전공,,,True,True,True
경기대학교,관광문화대학,실용음악학과,,,True,True,True
한남대학교,DH-SCHOOL,한국어통・번역전공,,,True,True,True
김천대학교,공공안전대학,경찰소방학부(소방학전공),,,True,True,True
경희대학교,국제대학,글로벌한국학과,,,True,True,True
대구사이버대학교,단과대구분없음,장애인자립지원학과,,,True,True,True
광주여자대학교,단과대구분없음,한국어교육학과,,,True,True,True
한국폴리텍 특성화대학 반도체융합캠퍼스,단과대구분없음,반도체전기시스템과,,,True,True,True
한국폴리텍 특성화대학 반도체융합캠퍼스,단과대구분없음,반도체공정장비과,,,True,True,True
한국폴리텍 특성화대학 반도체융합캠퍼스,단과대구분없음,반도체품질측정과,,,True,True,True
상명대학교,예술대학,예술학부 문화예술경영전공,,,True,True,True
한국폴리텍 특성화대학 반도체융합캠퍼스,단과대구분없음,반도체장비설계과,,,True,True,True
한국폴리텍 특성화대학 반도체융합캠퍼스,단과대구분없음,반도체설계과,,,True,True,True
한국폴리텍 특성화대학 반도체융합캠퍼스,단과대구분없음,반도체융합SW과,,,True,True,True
경일대학교,미래융합대학,ICT경영학부(인문계열),,,True,True,True
대구대학교,정보통신대학,ICT융합학부,,,True,True,True
덕성여자대학교,과학기술대학,소프트웨어전공,,,True,True,True
세종대학교,공과대학,양자원자력공학과,,,True,True,True
김천대학교,휴먼케어대학,영어·글로벌경영학과,,,True,True,True
상지대학교,보건의료과학대학,한방의료공학과,,,True,True,True
상지대학교,보건의료과학대학,임상병리학과,,,True,True,True
상지대학교,보건의료과학대학,물리치료학과,,,True,True,True
상지대학교,보건의료과학대학,간호학과,,,True,True,True
상지대학교,보건의료과학대학,식품영양학과,,,True,True,True
조선대학교,미래사회융합대학,신산업융합학부(ICT응용전공),,,True,True,True
상지대학교,융합기술공과대학,환경공학과,,,True,True,True
상지대학교,융합기술공과대학,신에너지.자원공학과,,,True,True,True
상지대학교,융합기술공과대학,컴퓨터데이터정보학과,,,True,True,True
상지대학교,생명환경과학대학,동물생명공학과,,,True,True,True
상지대학교,생명환경과학대학,산림과학과,,,True,True,True
루터대학교,단과대구분없음,디아코니아학부(신학전공),,,True,True,True
루터대학교,단과대구분없음,디아코니아학부(상담심리학전공),,,True,True,True
루터대학교,단과대구분없음,디아코니아학부(사회복지학전공),,,True,True,True
루터대학교,단과대구분없음,디아코니아학부,,,True,True,True
단국대학교,SW융합대학,SW융합학부 SW융합경제경영전공,,,True,True,True
단국대학교,SW융합대학,SW융합학부 SW융합바이오전공,,,True,True,True
한국국제대학교,사회과학대학,호텔항공서비스학과,,,True,True,True
동양대학교,단과대구분없음,컴퓨터소프트웨어학과,,,True,True,True
서울여자대학교,단과대구분없음,데이터과학전공,,,True,True,True
신한대학교,사회과학대학,행정학과,,,True,True,True
신한대학교,사회과학대학,토지행정학과,,,True,True,True
김천대학교,휴먼케어대학,항공호텔조리학부(항공호텔전공),,,True,True,True
대구가톨릭대학교,소프트웨어융합대학,사이버보안전공,,,True,True,True
조선대학교,창의융합교양대학,글로벌비즈니스커뮤니케이션학과,,,True,True,True
한양대학교,인텔리전스컴퓨팅학부,데이터사이언스학과,,,True,True,True
단국대학교,SW융합대학,SW융합학부 SW융합콘텐츠전공,,,True,True,True
인제대학교,BNIT융합대학,의생명화학과,,,True,True,True
인제대학교,경영대학,경영학부,,,True,True,True
한남대학교,DH-SCHOOL,코스메틱사이언스전공,,,True,True,True
전북대학교,농업생명과학대학,생명자원융합학과,,,True,True,True
김천대학교,휴먼케어대학,항공호텔조리학부,,,True,True,True
김천대학교,공공안전대학,경찰소방학부,,,True,True,True
부산가톨릭대학교,보건과학대학,산업보건학과,,,True,True,True
덕성여자대학교,과학기술대학,사이버보안전공,,,True,True,True
목원대학교,사회과학대학,광고홍보언론학부,,,True,True,True
한국폴리텍 VI 대학 구미캠퍼스,단과대구분없음,IT융합과,,,True,True,True
한국폴리텍 VI 대학 구미캠퍼스,단과대구분없음,기계시스템과,,,True,True,True
서울여자대학교,사회과학대학,청소년학전공,,,True,True,True
경주대학교,보건복지산업대학,융합소프트웨어공학과,,,True,True,True
경주대학교,예술체육대학,디자인애니메이션학부,,,True,True,True
경주대학교,예술체육대학,음악예술학부,,,True,True,True
경주대학교,보건복지산업대학,전통건축학과,,,True,True,True
경주대학교,예술체육대학,스포츠재활심리학과,,,True,True,True
경주대학교,문화관광대학,호텔카지노경영학과,,,True,True,True
경주대학교,문화관광대학,문화관광콘텐츠학과,,,True,True,True
경주대학교,보건복지산업대학,군정보사관학과,,,True,True,True
경주대학교,보건복지산업대학,환경에너지학과,,,True,True,True
경주대학교,문화관광대학,항공서비스학과,,,True,True,True
경주대학교,문화관광대학,관광경영학과,,,True,True,True
청주대학교,공과대학,바이오산업공학전공,,,True,True,True
세한대학교,단과대구분없음,휴먼서비스융합학과,,,True,True,True
청주대학교,인문사회대학,신문방송한국문화전공,,,True,True,True
경주대학교,예술체육대학,만화애니메이션전공,,,True,True,True
중원대학교,사회문화대학,무예경호전공,,,True,True,True
중원대학교,사회문화대학,스포츠산업전공,,,True,True,True
중원대학교,사회문화대학,스포츠지도전공,,,True,True,True
중원대학교,사회문화대학,체육학부,,,True,True,True
한세대학교,단과대구분없음,스마트콘텐츠마케팅학과,,,True,True,True
경주대학교,보건복지산업대학,소방방재학과,,,True,True,True
한림대학교,미래융합스쿨,ICT융합전공,,,True,True,True
한국폴리텍 I 대학 서울강서캠퍼스,단과대구분없음,i-패션디자인과,,,True,True,True
호서대학교,AI융합대학,게임애니메이션융합학부,,,True,True,True
호서대학교,AI융합대학,게임애니메이션융합학부(애니메이션트랙),,,True,True,True
호서대학교,AI융합대학,정보통신공학부,,,True,True,True
중원대학교,사회문화대학,레저스포츠학과,,,True,True,True
경일대학교,기업인재대학,스마트푸드테크학과,,,True,True,True
경일대학교,기업인재대학,스마트팩토리융합학과,,,True,True,True
경일대학교,기업인재대학,스마트전력인프라학과,,,True,True,True
한국폴리텍 V 대학 전북캠퍼스,단과대구분없음,기계시스템과,,,True,True,True
배재대학교,문화예술대학,미술디자인학전공,,,True,True,True
배재대학교,문화예술대학,미술디자인학부,,,True,True,True
배재대학교,경영대학,기업컨설팅학과,,,True,True,True
배재대학교,AI·SW창의융합대학,컴퓨터수학과,,,True,True,True
배재대학교,AI·SW창의융합대학,전기공학과,,,True,True,True
배재대학교,자연과학대학,실버보건학과(인문사회계열),,,True,True,True
배재대학교,자연과학대학,제약공학전공,,,True,True,True
배재대학교,자연과학대학,나노고분자재료공학전공,,,True,True,True
배재대학교,자연과학대학,바이오・의생명공학과,,,True,True,True
배재대학교,자연과학대학,생물의약학과,,,True,True,True
배재대학교,인문사회대학,경찰소방전공,,,True,True,True
배재대학교,인문사회대학,정부・공기업전공,,,True,True,True
배재대학교,인문사회대학,공공인재학부,,,True,True,True
배재대학교,인문사회대학,공무원법학과,,,True,True,True
배재대학교,인문사회대학,스페인・중남미학과,,,True,True,True
배재대학교,인문사회대학,TESOL·비즈니스영어학과,,,True,True,True
배재대학교,인문사회대학,러시아・중앙아시아학전공,,,True,True,True
배재대학교,인문사회대학,영어영문학전공,,,True,True,True
배재대학교,인문사회대학,영어영문・러시아학부,,,True,True,True
배재대학교,문화예술대학,클래식음악전공,,,True,True,True
배재대학교,문화예술대학,음악학부,,,True,True,True
배재대학교,문화예술대학,연극영화학과,,,True,True,True
배재대학교,AI·SW창의융합대학,건설환경ㆍ철도공학과,,,True,True,True
배재대학교,AI·SW창의융합대학,드론・로봇공학과,,,True,True,True
배재대학교,자연과학대학,제약공학과,,,True,True,True
배재대학교,자연과학대학,나노고분자재료공학과,,,True,True,True
배재대학교,자연과학대학,조경학전공,,,True,True,True
배재대학교,자연과학대학,원예조경학부,,,True,True,True
배재대학교,경영대학,여가서비스경영학과,,,True,True,True
배재대학교,경영대학,글로벌관광호텔학전공,,,True,True,True
배재대학교,경영대학,글로벌관광호텔학부,,,True,True,True
배재대학교,인문사회대학,정치언론안보학과,,,True,True,True
배재대학교,인문사회대학,글로벌정치・커뮤니케이션전공,,,True,True,True
배재대학교,인문사회대학,글로벌공공인재학부,,,True,True,True
배재대학교,인문사회대학,러시아학과,,,True,True,True
배재대학교,인문사회대학,영어영문학과,,,True,True,True
경상국립대학교,단과대구분없음,미래교육원(자연과학),,,True,True,True
경상국립대학교,단과대구분없음,미래교육원(인문사회),,,True,True,True
경상국립대학교,단과대구분없음,미래교육원(의학),,,True,True,True
경상국립대학교,단과대구분없음,미래교육원(예체능),,,True,True,True
경상국립대학교,단과대구분없음,미래교육원(공학),,,True,True,True
한국폴리텍 특성화대학 바이오캠퍼스,단과대구분없음,바이오의약분석과,,,True,True,True
세종대학교,경영경제대학,경영학부,,,True,True,True
명지대학교,미래융합대학,복지상담경영학과,,,True,True,True
명지대학교,미래융합대학,스포츠산업경영학과,,,True,True,True
명지대학교,미래융합대학,아동복지경영학과,,,True,True,True
명지대학교,미래융합대학,융합디자인학과,,,True,True,True
대구가톨릭대학교,공과대학,신소재화학공학부,,,True,True,True
한성대학교,상상력교양대학,상상력교양대학,,,True,True,True
상지대학교,인문사회과학대학,교양학부,,,True,True,True
세한대학교,단과대구분없음,항공해양물류학과,,,True,True,True
세한대학교,단과대구분없음,항공교통관리학과,,,True,True,True
세한대학교,단과대구분없음,스포츠건강관리학과,,,True,True,True
상지대학교,생명환경과학대학,생명공학부,,,True,True,True
상지대학교,생명환경과학대학,동물생명자원학부,,,True,True,True
상지대학교,융합기술공과대학,건설시스템공학과,,,True,True,True
상지대학교,융합기술공과대학,컴퓨터정보공학부,,,True,True,True
상지대학교,융합기술공과대학,생활과학산업학과,,,True,True,True
상지대학교,생명환경과학대학,친환경식물학부,,,True,True,True
상지대학교,교양대학,교양학부,,,True,True,True
목원대학교,문화콘텐츠대학,국어국문학과,,,True,True,True
한경국립대학교,단과대구분없음,브라이트 칼리지,,,True,True,True
한경국립대학교,단과대구분없음,건축학전공,,,True,True,True
한경국립대학교,단과대구분없음,건축공학전공,,,True,True,True
금강대학교,단과대구분없음,일어통역전공,,,True,True,True
조선대학교,글로벌인문대학,글로벌비즈니스커뮤니케이션학과,,,True,True,True
조선대학교,미술체육대학,K-컬처엔터테인먼트학과,,,True,True,True
한남대학교,공과대학,화공신소재공학과,,,True,True,True
서원대학교,융복합대학,융복합대학,,,True,True,True
성균관대학교,사회과학대학,소비자학과,,,True,True,True
김천대학교,공공안전대학,소방안전공학과,,,True,True,True
김천대학교,공공안전대학,IT융복합공학과,,,True,True,True
서원대학교,BIT융합대학,IT학부,,,True,True,True
한국외국어대학교,일본학대학,일본지역학전공,,,True,True,True
한국외국어대학교,일본학대학,일본어학전공,,,True,True,True
한국외국어대학교,일본학대학,일본어과,,,True,True,True
한국외국어대학교,일본학대학,일본문학전공,,,True,True,True
한국외국어대학교,중국학대학,중국지역학전공,,,True,True,True
한국외국어대학교,중국학대학,중국어학전공,,,True,True,True
한국외국어대학교,중국학대학,중국문학전공,,,True,True,True
한국외국어대학교,중국학대학,중국어과,,,True,True,True
강서대학교,단과대구분없음,기타모집단위,,,True,True,True
한동대학교,단과대구분없음,기타모집단위,,,True,True,True
극동대학교,단과대구분없음,기타모집단위,,,True,True,True
전주대학교,수퍼스타칼리지,융합학부,,,True,True,True
전주대학교,수퍼스타칼리지,교양학부,,,True,True,True
한국외국어대학교,영어대학,ELLT학과,,,True,True,True
안양대학교,아리교양대학,아리교양대학,,,True,True,True
한국방송통신대학교,자연과학대학,생활과학부,,,True,True,True
한국방송통신대학교,자연과학대학,생활과학부 의류패션학전공,,,True,True,True
한국방송통신대학교,자연과학대학,생활과학부 식품영양학전공,,,True,True,True
한국방송통신대학교,자연과학대학,생활과학부 가정복지학전공,,,True,True,True
명지대학교,ICT융합대학,ICT융합대학,,,True,True,True
성결대학교,예술대학,뷰티디자인학과,,,True,True,True
성공회대학교,단과대구분없음,미디어콘텐츠융합자율학부,,,True,True,True
성공회대학교,단과대구분없음,디지털콘텐츠전공,,,True,True,True
원광대학교,사회과학대학,행정・언론학부 신문방송학전공,,,True,True,True
원광대학교,사회과학대학,행정・언론학부 행정학전공,,,True,True,True
순천향대학교,엔터프라이즈스쿨,컨버전스디자인학과,,,True,True,True
순천향대학교,산학평생대학,융합바이오화학공학과,,,True,True,True
순천향대학교,산학평생대학,스마트모빌리티공학과,,,True,True,True
순천향대학교,산학평생대학,스마트팩토리공학과,,,True,True,True
한일장신대학교,단과대구분없음,교양교육원,,,True,True,True
총신대학교,단과대구분없음,교육학과,,,True,True,True
세명대학교,사회과학대학,부동산권리분석학전공,,,True,True,True
세명대학교,인문예술대학,AR.VR콘텐츠디자인학전공,,,True,True,True
한동대학교,단과대구분없음,커뮤니케이션학부,,,True,True,True
부경대학교,인문사회과학대학,사회복지융합전공,,,True,True,True
서울여자대학교,교양대학,교양대학,,,True,True,True
청운대학교,사회서비스대학,부동산경영학과,,,True,True,True
청운대학교,창의융합대학,AI운영학과,,,True,True,True
청운대학교,창의융합대학,자율전공학부,,,True,True,True
서원대학교,휴머니티교양대학,휴머니티교양대학,,,True,True,True
서원대학교,사범대학,사범대학,,,True,True,True
인천대학교,도시과학대학,도시건설공학과,,,True,True,True
인천대학교,글로벌정경대학,글로벌무역물류학과,,,True,True,True
상명대학교,융합공과대학,SW융합학부(자연과학),,,True,True,True
상명대학교,융합공과대학,SW융합학부(예체능),,,True,True,True
상명대학교,융합공과대학,SW융합학부(인문사회),,,True,True,True
명지대학교,건축대학,건축대학,,,True,True,True
성균관대학교,단과대구분없음,기타모집단위,,,True,True,True
경남대학교,교양융합대학,프로네시스융합학부,,,True,True,True
가천대학교,가천리버럴아츠칼리지,한국학전공,,,True,True,True
한신대학교,IT대학,보험수리금융학연계전공,,,True,True,True
한신대학교,글로벌협력대학,동북아국제통상학연계전공,,,True,True,True
한신대학교,단과대구분없음,평생교육학연계전공,,,True,True,True
한신대학교,휴먼서비스대학,아동보육학연계전공,,,True,True,True
한신대학교,글로벌협력대학,사회적경제경영학연계전공,,,True,True,True
한신대학교,글로벌협력대학,마케팅사회조사학연계전공,,,True,True,True
경남대학교,교양융합대학,스타트업학전공,,,True,True,True
경남대학교,교양융합대학,빅데이터AI학전공,,,True,True,True
강남대학교,단과대구분없음,Wel-Tech융합전공,,,True,True,True
아주대학교,정보통신대학,인공지능융합학과,,,True,True,True
울산과학기술원,정보바이오융합대학,바이오메디컬공학과,,,True,True,True
울산과학기술원,단과대구분없음,인문학부,,,True,True,True
울산과학기술원,정보바이오융합대학,전기전자공학과,,,True,True,True
울산과학기술원,정보바이오융합대학,컴퓨터공학과,,,True,True,True
울산과학기술원,자연과학대학,물리학과,,,True,True,True
울산과학기술원,자연과학대학,수리과학과,,,True,True,True
울산과학기술원,자연과학대학,화학과,,,True,True,True
울산과학기술원,공과대학,에너지화학공학과,,,True,True,True
울산과학기술원,공과대학,신소재공학과,,,True,True,True
울산과학기술원,정보바이오융합대학,생명과학과,,,True,True,True
울산과학기술원,공과대학,도시환경공학과,,,True,True,True
울산과학기술원,단과대구분없음,새내기학부(이공계열),,,True,True,True
울산과학기술원,단과대구분없음,새내기학부(경영계열),,,True,True,True
울산과학기술원,공과대학,기계공학과,,,True,True,True
울산과학기술원,공과대학,원자력공학과,,,True,True,True
울산과학기술원,단과대구분없음,경영과학부,,,True,True,True
울산과학기술원,정보바이오융합대학,산업공학과,,,True,True,True
한남대학교,단과대구분없음,한국어통・번역전공,,,True,True,True
한남대학교,단과대구분없음,코스메틱사이언스전공,,,True,True,True
한남대학교,단과대구분없음,빅데이터전공,,,True,True,True
한남대학교,단과대구분없음,과학기술・행정융합전공,,,True,True,True
서울기독대학교,단과대구분없음,기타모집단위,,,True,True,True
한신대학교,글로벌협력대학,국제개발협력전공,,,True,True,True
부경대학교,공학대학,데이터사이언스전공,,,True,True,True
부경대학교,환경ㆍ해양대학,드론환경대기공간정보융합전공,,,True,True,True
한남대학교,단과대구분없음,융복합창업전공,,,True,True,True
서울여자대학교,미래산업융합대학,데이터사이언스학과,,,True,True,True
한남대학교,단과대구분없음,광고홍보학전공,,,True,True,True
한남대학교,단과대구분없음,XR스마트미디어융합전공,,,True,True,True
울산과학기술원,정보바이오융합대학,디자인학과,,,True,True,True
부산대학교,단과대구분없음,핀테크융합전공,,,True,True,True
한서대학교,단과대구분없음,기타모집단위,,,True,True,True
창신대학교,카리스교양대학,카리스교양대학,,,True,True,True
중부대학교,단과대구분없음,바이오한약학전공,,,True,True,True
중부대학교,단과대구분없음,화장품과학전공,,,True,True,True
한양대학교,인텔리전스컴퓨팅학부,심리뇌과학과,,,True,True,True
세종대학교,단과대구분없음,영상디자인융합전공,,,True,True,True
세종대학교,단과대구분없음,문화산업경영융합전공,,,True,True,True
세종대학교,단과대구분없음,럭셔리브랜드디자인융합전공,,,True,True,True
세종대학교,단과대구분없음,뉴미디어퍼포먼스융합전공,,,True,True,True
경기대학교,단과대구분없음,기타모집단위,,,True,True,True
건국대학교(글로컬),디자인대학,산업디자인학과,,,True,True,True
신라대학교,보건복지대학,체육학부,,,True,True,True
목포해양대학교,해양공과대학,해양컴퓨터공학과,,,True,True,True
신라대학교,항공대학,항공교통물류학과,,,True,True,True
신라대학교,항공대학,항공정비학과,,,True,True,True
신라대학교,공과대학,화학공학과,,,True,True,True
신라대학교,의생명과학대학,바이오식품공학과,,,True,True,True
신라대학교,보건복지대학,상담심리복지학과,,,True,True,True
신라대학교,보건복지대학,사회복지학과,,,True,True,True
신라대학교,글로벌경영대학,경영학부,,,True,True,True
신라대학교,글로벌경영대학,글로벌경제학과,,,True,True,True
신라대학교,글로벌경영대학,무역물류학과,,,True,True,True
신라대학교,글로벌경영대학,호텔・크루즈경영전공,,,True,True,True
신라대학교,글로벌경영대학,관광경영전공,,,True,True,True
신라대학교,글로벌경영대학,국제관광경영학부,,,True,True,True
신라대학교,글로벌경영대학,산업실무영어과,,,True,True,True
신라대학교,인문사회과학대학,일본어일본학과,,,True,True,True
신라대학교,인문사회과학대학,행정학과,,,True,True,True
신라대학교,인문사회과학대학,경찰행정학과,,,True,True,True
신라대학교,인문사회과학대학,공무원법학과,,,True,True,True
상명대학교,예술대학,예술학부,,,True,True,True
신라대학교,디자인대학,산업・패션디자인학부,,,True,True,True
신라대학교,디자인대학,디자인・아트학부,,,True,True,True
대구사이버대학교,단과대구분없음,미래과학융합대학,,,True,True,True
신라대학교,항공대학,항공서비스학과,,,True,True,True
신라대학교,항공대학,항공운항학과,,,True,True,True
신라대학교,글로벌경영대학,회계세무학과,,,True,True,True
건국대학교(글로컬),디자인대학,시각영상디자인학과,,,True,True,True
신라대학교,글로벌경영대학,광고홍보학과,,,True,True,True
신라대학교,글로벌경영대학,경영정보학전공,,,True,True,True
신라대학교,글로벌경영대학,경영학전공,,,True,True,True
신라대학교,공과대학,인공지능학과,,,True,True,True
건국대학교(글로컬),과학기술대학,바이오메디컬공학과,,,True,True,True
전주대학교,문화융합대학,인공지능학과,,,True,True,True
신라대학교,MICT융합공과대학,클라우드/빅데이터전공,,,True,True,True
강원대학교,공학대학,건축학전공,,,True,True,True
강원대학교,의과대학,의예과,,,True,True,True
순천대학교,미래융합대학,동물생명산업학과,,,True,True,True
순천대학교,공과대학,화학과,,,True,True,True
순천대학교,생명산업과학대학,바이오한약자원학과,,,True,True,True
대구사이버대학교,단과대구분없음,발달재활학과,,,True,True,True
대구사이버대학교,단과대구분없음,교양학부,,,True,True,True
전주대학교,경영대학,IT금융학과,,,True,True,True
전주대학교,경영대학,부동산국토정보학과,,,True,True,True
건국대학교(글로컬),인문사회융합대학,사회복지학과,,,True,True,True
순천대학교,공과대학,ICT융합공학부,,,True,True,True
순천대학교,생명산업과학대학,농생명과학과,,,True,True,True
순천대학교,단과대구분없음,첨단부품소재공학과,,,True,True,True
건국대학교(글로컬),과학기술대학,응용화학과,,,True,True,True
순천대학교,사회과학대학,경제무역학부,,,True,True,True
순천대학교,인문예술대학,아시아어문학부,,,True,True,True
건국대학교(글로컬),의료생명대학,스포츠건강학과,,,True,True,True
건국대학교(글로컬),과학기술대학,메카트로닉스공학과,,,True,True,True
대구사이버대학교,단과대구분없음,사회복지상담학과,,,True,True,True
대구사이버대학교,단과대구분없음,임상심리학과,,,True,True,True
건국대학교(글로컬),의료생명대학,식품학과,,,True,True,True
건국대학교(글로컬),의료생명대학,바이오의약학과,,,True,True,True
순천대학교,인문예술대학,아시아어문학부(일본어일본문화학전공),,,True,True,True
순천대학교,인문예술대학,아시아어문학부(중어중문학전공),,,True,True,True
순천대학교,사회과학대학,경제무역학부(무역학전공),,,True,True,True
순천대학교,사회과학대학,경제무역학부(경제학전공),,,True,True,True
순천대학교,생명산업과학대학,바이오식품기계공학부,,,True,True,True
건국대학교(글로컬),의료생명대학,뷰티화장품학과,,,True,True,True
가톨릭대학교,단과대구분없음,의생명과학과,,,True,True,True
건국대학교(글로컬),인문사회융합대학,경제통상학과,,,True,True,True
건국대학교(글로컬),인문사회융합대학,경영학과,,,True,True,True
동의대학교,IT융합부품소재공과대학,산업경영・빅데이터공학전공,,,True,True,True
건국대학교(글로컬),의료생명대학,골프산업학과,,,True,True,True
건국대학교(글로컬),디자인대학,미디어콘텐츠학과,,,True,True,True
건국대학교(글로컬),디자인대학,패션디자인학과,,,True,True,True
동의대학교,IT융합부품소재공과대학,미래형자동차학과,,,True,True,True
동의대학교,ICT공과대학,소프트웨어융합학과,,,True,True,True
남서울대학교,글로벌상경대학,유통마케팅학과,,,True,True,True
남서울대학교,공과대학,드론공간정보공학과,,,True,True,True
남서울대학교,미래융합대학,지능정보통신공학과,,,True,True,True
건국대학교(글로컬),인문사회융합대학,영어문화학과,,,True,True,True
경남과학기술대학교,융합기술공과대학,메카트로닉스공학부,,,True,True,True
경남과학기술대학교,융합기술공과대학,컴퓨터공학부(빅데이터전공),,,True,True,True
순천대학교,생명산업과학대학,바이오식품기계공학부(바이오시스템기계공학전공),,,True,True,True
순천대학교,생명산업과학대학,바이오식품기계공학부(식품생명공학전공),,,True,True,True
한국폴리텍 특성화대학 항공캠퍼스,단과대구분없음,항공전기전자정비과,,,True,True,True
한국폴리텍 VI 대학 영남융합기술캠퍼스,단과대구분없음,스마트패션디자인과,,,True,True,True
순천대학교,인문예술대학,아시아어문학부(국제한국어교육학전공),,,True,True,True
전남대학교,공학대학,산업기술융합공학과,,,True,True,True
남서울대학교,미래융합대학,가상증강현실융합학과,,,True,True,True
서울여자대학교,사회과학대학,스포츠운동과학과,,,True,True,True
경남과학기술대학교,융합기술공과대학,스마트전력공학전공,,,True,True,True
가야대학교(김해),단과대구분없음,경영물류학과,,,True,True,True
동의대학교,상경대학,스마트호스피탈리티학과,,,True,True,True
인제대학교,사회과학대학,미디어커뮤니케이션학과,,,True,True,True
인제대학교,i-LAC,인문문화학부,,,True,True,True
인제대학교,사회과학대학,스포츠헬스케어학과,,,True,True,True
인제대학교,i-LAC,국제어문학부,,,True,True,True
디지털서울문화예술대학교,단과대구분없음,시각영상디자인학과,,,True,True,True
디지털서울문화예술대학교,단과대구분없음,건축공학과,,,True,True,True
인제대학교,AI융합대학,컴퓨터공학과,,,True,True,True
인제대학교,AI융합대학,AI융합대학,,,True,True,True
인제대학교,단과대구분없음,통합선발(이공계열),,,True,True,True
인제대학교,단과대구분없음,통합선발(인문사회계열),,,True,True,True
인제대학교,i-LAC,음악학과,,,True,True,True
디지털서울문화예술대학교,단과대구분없음,미래문화예술계열,,,True,True,True
강원대학교,문화예술‧공과대학,화공・생물공학부,,,True,True,True
수원대학교,인문사회대학,소방행정학과,,,True,True,True
전남대학교,공학대학,석유화학소재공학과,,,True,True,True
전남대학교,수산해양대학,스마트수산자원관리학과,,,True,True,True
순천대학교,단과대구분없음,자유전공학부(인문사회・자연),,,True,True,True
건국대학교(글로컬),인문사회융합대학,동화・한국어문화학과,,,True,True,True
동아대학교,사회과학대학,경찰・소방학과,,,True,True,True
건국대학교(글로컬),인문사회융합대학,신문방송학과,,,True,True,True
계명대학교,인문국제학대학,철학과,,,True,True,True
신라대학교,공과대학,에너지환경・화학과,,,True,True,True
아신대학교,단과대구분없음,글로벌미션신학부,,,True,True,True
동아대학교,경영대학,융합경영학과,,,True,True,True
숭실대학교,IT대학,AI융합학부,,,True,True,True
아신대학교,단과대구분없음,글로벌융합리더학부,,,True,True,True
가톨릭대학교,단과대구분없음,에너지환경공학과,,,True,True,True
국민대학교,창의공과대학,지능전자공학전공,,,True,True,True
숭실사이버대학교,단과대구분없음,글로벌창의융합계열,,,True,True,True
가톨릭관동대학교,미디어예술대학,광고홍보학과,,,True,True,True
가톨릭관동대학교,미디어예술대학,CG디자인학과,,,True,True,True
가톨릭관동대학교,미디어예술대학,콘텐츠제작학과,,,True,True,True
목원대학교,사회과학대학,부동산금융보험융합학과,,,True,True,True
목원대학교,테크노과학대학,미생물생명공학과,,,True,True,True
영산대학교,미래융합대학,부동산학과,,,True,True,True
영산대학교,미래융합대학,연계전공학부,,,True,True,True
영산대학교,미래융합대학,사회복지학과,,,True,True,True
영산대학교,미래융합대학,미용건강관리전공,,,True,True,True
영산대학교,미래융합대학,웰빙조리창업전공,,,True,True,True
영산대학교,호텔관광대학,글로벌투어플랜학과,,,True,True,True
영산대학교,스마트공과대학,로봇공학과,,,True,True,True
영산대학교,스마트공과대학,드론교통공학과,,,True,True,True
영산대학교,스마트공과대학,건축공학과,,,True,True,True
영산대학교,스마트공과대학,사이버보안학과,,,True,True,True
영산대학교,스마트공과대학,AI・컴퓨터공학과,,,True,True,True
영산대학교,호텔관광대학,전시컨벤션전공,,,True,True,True
영산대학교,미래융합대학,아동・가족상담학과,,,True,True,True
영산대학교,미래융합대학,헬스케어학과,,,True,True,True
고려대학교,공과대학,융합에너지공학과,,,True,True,True
영산대학교,미래융합대학,실버건강복지전공,,,True,True,True
영산대학교,미래융합대학,글로벌조리비즈니스전공,,,True,True,True
용인대학교,AI융합대학,관광경영학과,,,True,True,True
동아대학교,공과대학,건설시스템공학과,,,True,True,True
용인대학교,보건복지과학대학,사회복지학과,,,True,True,True
경남과학기술대학교,상경대학,스마트유통물류학과,,,True,True,True
목원대학교,사회과학대학,중국어중국학과,,,True,True,True
목원대학교,사회과학대학,국제무역물류학과,,,True,True,True
가톨릭관동대학교,사회과학대학,행정학과,,,True,True,True
전남대학교,공학대학,헬스케어메디컬공학부,,,True,True,True
성신여자대학교,사회과학대학,사회복지학과,,,True,True,True
한일장신대학교,단과대구분없음,신기술혁신경영학과,,,True,True,True
남서울대학교,미래융합대학,글로벌한국학과,,,True,True,True
세종사이버대학교,단과대구분없음,건축・도시계획학과,,,True,True,True
목원대학교,사회과학대학,항공호텔관광경영학부,,,True,True,True
목원대학교,음악대학,실용음악과,,,True,True,True
목원대학교,음악대학,작곡과,,,True,True,True
목원대학교,사회과학대학,광고홍보커뮤니케이션학부,,,True,True,True
경남과학기술대학교,융합기술공과대학,융합전자공학부,,,True,True,True
대진대학교,휴먼IT공과대학,환경에너지공학과,,,True,True,True
목원대학교,공과대학,IT융합전자공학과,,,True,True,True
고려대학교,단과대구분없음,스마트보안학부,,,True,True,True
용인대학교,보건복지과학대학,식품조리학부,,,True,True,True
용인대학교,보건복지과학대학,물리치료학과,,,True,True,True
용인대학교,보건복지과학대학,생명과학과,,,True,True,True
용인대학교,AI융합대학,중국학과,,,True,True,True
고려대학교,공과대학,반도체공학과,,,True,True,True
용인대학교,AI융합대학,경찰행정학과,,,True,True,True
용인대학교,AI융합대학,경영학과,,,True,True,True
용인대학교,무도대학,무도스포츠학과,,,True,True,True
성신여자대학교,사회과학대학,경영학부,,,True,True,True
동아대학교,자연과학대학,정보수학과,,,True,True,True
동아대학교,인문과학대학,역사문화학부 사학전공,,,True,True,True
동아대학교,인문과학대학,역사문화학부 고고미술사학전공,,,True,True,True
목원대학교,문화콘텐츠대학,글로벌커뮤니케이션학부,,,True,True,True
목원대학교,미술ㆍ디자인대학,회화・미디어아트전공,,,True,True,True
목원대학교,공과대학,AI로봇융합학과,,,True,True,True
목원대학교,공과대학,융합컴퓨터・미디어학과,,,True,True,True
동아대학교,단과대구분없음,컴퓨터・AI공학부 컴퓨터공학과,,,True,True,True
동아대학교,단과대구분없음,컴퓨터・AI공학부 AI학과,,,True,True,True
호원대학교,사회안전대학,항공관광학과,,,True,True,True
대전대학교,미래융합대학,빅데이터사이언스학과,,,True,True,True
배재대학교,자연과학대학,외식조리학과,,,True,True,True
배재대학교,인문사회대학,기독교사회복지학과,,,True,True,True
성신여자대학교,법과대학,법학부,,,True,True,True
중부대학교,단과대구분없음,경찰탐정수사학전공,,,True,True,True
중부대학교,단과대구분없음,미디어커뮤니케이션학전공,,,True,True,True
중부대학교,단과대구분없음,뷰티케어학전공,,,True,True,True
목원대학교,미술ㆍ디자인대학,조형콘텐츠학부,,,True,True,True
영산대학교,창조인재대학,드론물류학과,,,True,True,True
영산대학교,미래융합대학,빅데이터융합전공,,,True,True,True
동아대학교,국제대학,영미학과,,,True,True,True
동아대학교,공과대학,환경・에너지공학부 미래에너지공학전공,,,True,True,True
동아대학교,국제대학,글로벌비즈니스학과,,,True,True,True
목원대학교,테크노과학대학,첨단소재학과,,,True,True,True
목원대학교,테크노과학대학,화장품뷰티학과,,,True,True,True
남서울대학교,미래융합대학,바이오헬스컨디셔닝학과,,,True,True,True
성신여자대학교,Health & Wellness College,바이오신약의과학부,,,True,True,True
목원대학교,미술ㆍ디자인대학,웹툰・애니메이션과,,,True,True,True
중부대학교,단과대구분없음,항공경영물류학전공,,,True,True,True
인제대학교,공과대학,토목도시환경공학부,,,True,True,True
동아대학교,자연과학대학,바이오메디컬학과,,,True,True,True
대진대학교,과학기술대학,데이터사이언스학과,,,True,True,True
대진대학교,휴먼IT공과대학,에너지공학부,,,True,True,True
대진대학교,공공인재대학,사회복지・아동학부,,,True,True,True
대진대학교,인문예술대학,미술만화게임학부,,,True,True,True
중부대학교,단과대구분없음,스포츠건강관리학전공,,,True,True,True
중부대학교,단과대구분없음,애완동물학부,,,True,True,True
국제사이버대학교,단과대구분없음,미래창조융합계열,,,True,True,True
목원대학교,미술ㆍ디자인대학,캐릭터조형전공,,,True,True,True
목원대학교,미술ㆍ디자인대학,환경조형전공,,,True,True,True
목원대학교,사회과학대학,공공인재학과,,,True,True,True
경성대학교,예술종합대학,디지털미디어학과,,,True,True,True
경성대학교,생명보건대학,바이오안전학과,,,True,True,True
경성대학교,공과대학,건축학과(5년제),,,True,True,True
경성대학교,공과대학,실내건축학과,,,True,True,True
경성대학교,생명보건대학,반려생물학과,,,True,True,True
경성대학교,생명보건대학,물리치료학과,,,True,True,True
경성대학교,생명보건대학,간호학과,,,True,True,True
경성대학교,사회과학대학,경찰행정학과,,,True,True,True
경성대학교,이과대학,화학신소재학과,,,True,True,True
경성대학교,이과대학,응용수학과,,,True,True,True
경성대학교,사회과학대학,미디어커뮤니케이션학과,,,True,True,True
경성대학교,사회과학대학,광고홍보학과,,,True,True,True
경성대학교,사회과학대학,사회복지학과,,,True,True,True
경성대학교,문과대학,역사문화학전공,,,True,True,True
영산대학교,창조인재대학,K-비즈니스전공,,,True,True,True
가톨릭관동대학교,사회과학대학,경찰행정학부,,,True,True,True
중부대학교,단과대구분없음,뷰티・패션비즈니스학전공,,,True,True,True
대진대학교,과학기술대학,스마트건축토목공학부,,,True,True,True
영산대학교,창조인재대학,비즈니스법전공,,,True,True,True
동아대학교,공과대학,환경・에너지공학부 환경안전전공,,,True,True,True
서울디지털대학교,단과대구분없음,창의인재계열,,,True,True,True
한국교통대학교,인문사회대학,미디어&콘텐츠학과,,,True,True,True
호원대학교,예술대학,실용음악학부,,,True,True,True
호원대학교,예술대학,공연미디어학부,,,True,True,True
호원대학교,사회안전대학,경영학과,,,True,True,True
호원대학교,융합공과대학,컴퓨터.게임학과,,,True,True,True
호원대학교,융합공과대학,건축학과,,,True,True,True
호원대학교,예술대학,K-POP학과,,,True,True,True
호원대학교,융합공과대학,IT소프트웨어보안학과,,,True,True,True
호원대학교,융합공과대학,전기공학과,,,True,True,True
호원대학교,융합공과대학,항공정비공학과,,,True,True,True
호원대학교,융합공과대학,군사과학기술학과,,,True,True,True
호원대학교,융합공과대학,미래자동차공학과,,,True,True,True
동아대학교,경영대학,금융학과,,,True,True,True
호원대학교,사회안전대학,호텔외식조리학과,,,True,True,True
동아대학교,자연과학대학,반도체학과,,,True,True,True
경남과학기술대학교,본부대학,휴먼헬스케어학과,,,True,True,True
동아대학교,국제대학,일본학과,,,True,True,True
가천대학교,미래산업대학,미래자동차학과,,,True,True,True
가천대학교,미래산업대학,디스플레이학과,,,True,True,True
가천대학교,미래산업대학,첨단의료기기학과,,,True,True,True
가천대학교,경영대학,글로벌경영학전공,,,True,True,True
가천대학교,경영대학,경영학부,,,True,True,True
가천대학교,경영대학,회계세무학전공,,,True,True,True
가천대학교,법과대학,경찰행정학과,,,True,True,True
경성대학교,생명보건대학,식품영양학과,,,True,True,True
중부대학교,단과대구분없음,동물보건학전공,,,True,True,True
배재대학교,AI·SW창의융합대학,컴퓨터공학전공,,,True,True,True
배재대학교,AI·SW창의융합대학,정보통신공학전공,,,True,True,True
경성대학교,단과대구분없음,글로벌Hospitality경영전공,,,True,True,True
배재대학교,AI·SW창의융합대학,지능SW공학부,,,True,True,True
한국방송통신대학교,자연과학대학,통계・데이터과학과,,,True,True,True
경남과학기술대학교,융합기술공과대학,IoT융합시스템전공,,,True,True,True
경남과학기술대학교,융합기술공과대학,전자공학전공,,,True,True,True
한국방송통신대학교,교육과학대학,생활체육지도과,,,True,True,True
중앙대학교,소프트웨어대학,AI학과,,,True,True,True
한신대학교,문화영상융합대학,한중문화콘텐츠학과,,,True,True,True
한신대학교,미래융합인재대학,글로벌인재학부,,,True,True,True
한신대학교,IT대학,소프트웨어융합학부,,,True,True,True
한신대학교,문화영상융합대학,IT영상콘텐츠학과,,,True,True,True
한신대학교,문화영상융합대학,중국어문화영상융합학과,,,True,True,True
한신대학교,인문대학,독일어문화학과,,,True,True,True
한신대학교,인문대학,영미문화학과,,,True,True,True
목원대학교,단과대구분없음,국제예술산업학부,,,True,True,True
대진대학교,휴먼IT공과대학,스마트융합시스템전공,,,True,True,True
경동대학교,단과대구분없음,국제학부,,,True,True,True
고려대학교,정보대학,데이터과학과,,,True,True,True
가천대학교,미래산업대학,게임・영상학과,,,True,True,True
우석대학교,단과대구분없음,건강기능식품융합전공,,,True,True,True
전남대학교,AI융합대학,지능형모빌리티융합학과,,,True,True,True
배재대학교,문화예술대학,클래식피아노전공,,,True,True,True
배재대학교,AI·SW창의융합대학,정보보안학전공,,,True,True,True
경성대학교,단과대구분없음,글로벌경영전공,,,True,True,True
경성대학교,상경대학,빅데이터응용통계학과,,,True,True,True
우석대학교,단과대구분없음,바이오정보시스템융합전공,,,True,True,True
우석대학교,자율전공대학,자율전공대학,,,True,True,True
연세대학교,글로벌인재대학,문화미디어전공,,,True,True,True
용인대학교,AI융합대학,AI학부,,,True,True,True
성신여자대학교,Health & Wellness College,스포츠과학부,,,True,True,True
안양대학교,스마트창의융합대학,스마트시티공학전공,,,True,True,True
경희대학교,생명과학대학,한방생명공학과,,,True,True,True
경희대학교,생명과학대학,유전생명공학과,,,True,True,True
한국폴리텍 V 대학 광주캠퍼스,단과대구분없음,스마트전기자동차과,,,True,True,True
한국교통대학교,융합기술대학,컴퓨터학부,,,True,True,True
동서대학교,단과대구분없음,자기설계융합전공,,,True,True,True
동서대학교,단과대구분없음,영화&비주얼이펙트전공,,,True,True,True
동서대학교,단과대구분없음,융합전자공학과,,,True,True,True
동서대학교,단과대구분없음,건축학과,,,True,True,True
동서대학교,단과대구분없음,토목환경공학과,,,True,True,True
동서대학교,단과대구분없음,인공지능로봇전공,,,True,True,True
동서대학교,단과대구분없음,건축공학과,,,True,True,True
동서대학교,바이오헬스융합대학,체육학과,,,True,True,True
동서대학교,바이오헬스융합대학,운동처방학과,,,True,True,True
동서대학교,바이오헬스융합대학,작업치료학과,,,True,True,True
동서대학교,바이오헬스융합대학,방사선학과,,,True,True,True
동서대학교,바이오헬스융합대학,치위생학과,,,True,True,True
동서대학교,바이오헬스융합대학,간호학과,,,True,True,True
동서대학교,바이오헬스융합대학,보건행정학과,,,True,True,True
동서대학교,바이오헬스융합대학,임상병리학과,,,True,True,True
동서대학교,바이오헬스융합대학,식품영양학과,,,True,True,True
동서대학교,바이오헬스융합대학,신소재화학공학과,,,True,True,True
동서대학교,소프트웨어융합대학,컴퓨터공학계열,,,True,True,True
동서대학교,바이오헬스융합대학,바이오제약공학과,,,True,True,True
충북대학교,전자정보대학,전자공학부 전자공학전공,,,True,True,True
충북대학교,전자정보대학,전자공학부 반도체공학전공,,,True,True,True
충북대학교,전자정보대학,지능로봇공학과,,,True,True,True
한국폴리텍 VII 대학 창원캠퍼스,단과대구분없음,전기공학과,,,True,True,True
디지털서울문화예술대학교,단과대구분없음,항공보안학과,,,True,True,True
우석대학교,단과대구분없음,글로벌비즈니스언어융합전공,,,True,True,True
경성대학교,생명보건대학,화장품학과,,,True,True,True
경동대학교,단과대구분없음,국제경영학전공,,,True,True,True
극동대학교,인재개발대학,중국통상법학과,,,True,True,True
극동대학교,인재개발대학,일본어학과,,,True,True,True
극동대학교,인재개발대학,영어학과,,,True,True,True
극동대학교,인재개발대학,언론홍보학과,,,True,True,True
극동대학교,인재개발대학,금융자산관리학과,,,True,True,True
극동대학교,인재개발대학,글로벌경영학과,,,True,True,True
극동대학교,인재개발대학,경찰행정학과,,,True,True,True
극동대학교,호텔관광대학,호텔경영전공,,,True,True,True
극동대학교,호텔관광대학,관광경영전공,,,True,True,True
극동대학교,호텔관광대학,호텔외식조리학과,,,True,True,True
극동대학교,인재개발대학,초등특수교육학과,,,True,True,True
극동대학교,인재개발대학,중등특수교육학과,,,True,True,True
극동대학교,인재개발대학,사회복지학과,,,True,True,True
극동대학교,인재개발대학,군사학과,,,True,True,True
극동대학교,의료보건과학대학,사회체육학과,,,True,True,True
극동대학교,과학기술대학,해킹보안학과,,,True,True,True
목원대학교,미술ㆍ디자인대학,애니메이션전공,,,True,True,True
목원대학교,사회과학대학,언론미디어전공,,,True,True,True
목원대학교,사회과학대학,광고홍보전공,,,True,True,True
영남대학교,자연과학대학,화학생화학과,,,True,True,True
창원대학교,메카트로닉스대학,전기전자제어공학부 전자공학전공,,,True,True,True
창원대학교,메카트로닉스대학,전기전자제어공학부 전기공학전공,,,True,True,True
영남대학교,디자인미술대학,회화과,,,True,True,True
성결대학교,신학대학,신학과,,,True,True,True
전남대학교,문화사회과학대학,글로벌비즈니스학부,,,True,True,True
전남대학교,문화사회과학대학,물류교통학과,,,True,True,True
전남대학교,AI융합대학,인공지능학부,,,True,True,True
한밭대학교,미래산업융합대학,기계소재융합시스템공학과,,,True,True,True
한밭대학교,경상대학,융합경영학과,,,True,True,True
한밭대학교,경상대학,회계학과,,,True,True,True
부경대학교,자연과학대학,데이터비즈니스융합전공,,,True,True,True
목포대학교,공과대학,기계・조선해양・신소재공학부,,,True,True,True
중부대학교,단과대구분없음,특수교육과(중등특수교육),,,True,True,True
중부대학교,단과대구분없음,특수교육과(초등특수교육),,,True,True,True
중부대학교,단과대구분없음,특수교육과(유아특수교육),,,True,True,True
한양대학교(ERICA),소프트웨어융합대학,인공지능학과,,,True,True,True
인제대학교,i-LAC,일어일문학과,,,True,True,True
인제대학교,i-LAC,영어영문학과,,,True,True,True
인제대학교,i-LAC,중국학부,,,True,True,True
경동대학교,의료생명보건대학,보건관리학과(자연과학),,,True,True,True
성신여자대학교,자연과학대학,화학・에너지융합학부,,,True,True,True
성결대학교,신학대학,문화선교학과,,,True,True,True
창원대학교,메카트로닉스대학,기계공학부 기계공학전공,,,True,True,True
창원대학교,메카트로닉스대학,기계공학부 스마트제조융합전공,,,True,True,True
창원대학교,메카트로닉스대학,전기전자제어공학부 로봇제어계측공학전공,,,True,True,True
고려대학교,단과대구분없음,심리학부,,,True,True,True
경남과학기술대학교,생명과학대학,항노화신소재과학과,,,True,True,True
한국열린사이버대학교,단과대구분없음,미래융합계열,,,True,True,True
동아대학교,국제대학,중국학과,,,True,True,True
전남대학교,AI융합대학,빅데이터융합학과,,,True,True,True
배재대학교,AI·SW창의융합대학,신소재・화장품공학부,,,True,True,True
가톨릭관동대학교,공과대학,기술창업학과,,,True,True,True
가톨릭관동대학교,관광스포츠대학,조리외식경영학과,,,True,True,True
한국교통대학교,철도대학,철도경영 ・ 물류 ・ 데이터사이언스학부,,,True,True,True
한국교통대학교,인문사회대학,스포츠의학전공,,,True,True,True
김천대학교,단과대구분없음,기초교양학부,,,True,True,True
순천향대학교,공과대학,전자정보공학과,,,True,True,True
대전대학교,미래융합대학,핀테크학과,,,True,True,True
홍익대학교,공과대학,건설환경공학과,,,True,True,True
홍익대학교,공과대학,컴퓨터・데이터공학부 산업・데이터공학전공,,,True,True,True
홍익대학교,공과대학,컴퓨터・데이터공학부,,,True,True,True
홍익대학교,공과대학,컴퓨터・데이터공학부 컴퓨터공학전공,,,True,True,True
배재대학교,AI·SW창의융합대학,게임공학전공,,,True,True,True
동양대학교,단과대구분없음,철도관제정보학과,,,True,True,True
순천향대학교,향설나눔대학,외국어로서의 한국어교육학전공,,,True,True,True
경성대학교,단과대구분없음,글로벌학부,,,True,True,True
중부대학교,단과대구분없음,특수교육과,,,True,True,True
고려사이버대학교,단과대구분없음,인문・사회・공학계열,,,True,True,True
우석대학교,단과대구분없음,K-콘텐츠스타트업융합전공,,,True,True,True
목원대학교,미술ㆍ디자인대학,웹툰전공,,,True,True,True
국제사이버대학교,단과대구분없음,노인복지학과,,,True,True,True
국제사이버대학교,단과대구분없음,인터넷방송학과,,,True,True,True
목원대학교,단과대구분없음,한국어전공,,,True,True,True
목원대학교,음악대학,성악전공,,,True,True,True
한밭대학교,노마드칼리지,인문교양학부,,,True,True,True
목원대학교,단과대구분없음,디지털만화애니메이션전공,,,True,True,True
한밭대학교,정보기술대학,전자공학과,,,True,True,True
한밭대학교,노마드칼리지,기초과학부,,,True,True,True
경성대학교,사회과학대학,법학과,,,True,True,True
한국열린사이버대학교,실용융합대학,디지털비즈니스학과,,,True,True,True
위덕대학교,단과대구분없음,신재생에너지공학과,,,True,True,True
경기대학교,사회과학대학,공공인재학부,,,True,True,True
경기대학교,소프트웨어경영대학,AI컴퓨터공학부,,,True,True,True
경기대학교,예술체육대학,FineArts학부,,,True,True,True
경기대학교,진성애교양대학,교직학부,,,True,True,True
경기대학교,진성애교양대학,교양학부,,,True,True,True
한국교통대학교,융합기술대학,소프트웨어전공,,,True,True,True
호서대학교,AI융합대학,컴퓨터공학부,,,True,True,True
호서대학교,AI융합대학,전자및디스플레이공학부,,,True,True,True
호서대학교,AI융합대학,로봇자동화공학과,,,True,True,True
경기대학교,창의공과대학,신소재공학전공,,,True,True,True
경기대학교,소프트웨어경영대학,산업경영공학전공,,,True,True,True
경기대학교,창의공과대학,스마트시티공학부,,,True,True,True
경기대학교,사회과학대학,공공안전학부,,,True,True,True
경기대학교,창의공과대학,융합에너지시스템공학부,,,True,True,True
경기대학교,창의공과대학,기계시스템공학부,,,True,True,True
경기대학교,사회과학대학,범죄교정전공,,,True,True,True
경기대학교,사회과학대학,경찰행정전공,,,True,True,True
경기대학교,사회과학대학,청소년전공,,,True,True,True
경기대학교,사회과학대학,국제학전공,,,True,True,True
경기대학교,소프트웨어경영대학,국제산업정보전공,,,True,True,True
경기대학교,소프트웨어경영대학,경영학전공,,,True,True,True
경기대학교,사회과학대학,사회복지전공,,,True,True,True
경기대학교,사회과학대학,무역학전공,,,True,True,True
경기대학교,사회과학대학,법학전공,,,True,True,True
경기대학교,사회과학대학,지식재산전공,,,True,True,True
경기대학교,사회과학대학,행정학전공,,,True,True,True
경기대학교,창의공과대학,토목공학전공,,,True,True,True
경기대학교,사회과학대학,경제학전공,,,True,True,True
경기대학교,사회과학대학,응용통계전공,,,True,True,True
경기대학교,창의공과대학,건축공학전공,,,True,True,True
경기대학교,예술체육대학,한국화전공,,,True,True,True
경기대학교,예술체육대학,서예전공,,,True,True,True
경기대학교,예술체육대학,서양화전공,,,True,True,True
경기대학교,예술체육대학,미술경영전공,,,True,True,True
경기대학교,소프트웨어경영대학,인공지능전공,,,True,True,True
경기대학교,소프트웨어경영대학,컴퓨터공학전공,,,True,True,True
경기대학교,소프트웨어경영대학,회계세무전공,,,True,True,True
경기대학교,관광문화대학,관광학부,,,True,True,True
경기대학교,관광문화대학,외식조리전공,,,True,True,True
경기대학교,관광문화대학,관광개발전공,,,True,True,True
경기대학교,관광문화대학,관광경영전공,,,True,True,True
경기대학교,관광문화대학,애니메이션학과,,,True,True,True
경기대학교,관광문화대학,관광이벤트전공,,,True,True,True
경기대학교,관광문화대학,호텔경영전공,,,True,True,True
경기대학교,창의공과대학,환경에너지공학전공,,,True,True,True
경기대학교,창의공과대학,화학공학전공,,,True,True,True
경기대학교,인문대학,중어중문전공,,,True,True,True
경기대학교,창의공과대학,지능형로봇전공,,,True,True,True
경기대학교,창의공과대학,기계공학전공,,,True,True,True
경기대학교,소프트웨어경영대학,경영학부,,,True,True,True
경기대학교,소프트웨어경영대학,ICT융합학부,,,True,True,True
경기대학교,사회과학대학,경제학부,,,True,True,True
경기대학교,소프트웨어경영대학,경영정보전공,,,True,True,True
나사렛대학교,단과대구분없음,재활학트랙,,,True,True,True
경기대학교,융합과학대학,나노공학과,,,True,True,True
나사렛대학교,단과대구분없음,IT인공지능학부(인공지능빅데이터트랙/정보통신보안트랙/멀티미디어콘텐츠트랙),,,True,True,True
나사렛대학교,단과대구분없음,상담심리학과,,,True,True,True
나사렛대학교,단과대구분없음,"재활스포츠학부(특수체육학트랙,스포츠재활트랙)",,,True,True,True
서울신학대학교,단과대구분없음,IT융합소프트웨어학과,,,True,True,True
서울신학대학교,단과대구분없음,글로벌경영학과,,,True,True,True
서울신학대학교,단과대구분없음,아동보육학과,,,True,True,True
서울신학대학교,단과대구분없음,일본어문화콘텐츠학과,,,True,True,True
서울신학대학교,단과대구분없음,중국언어문화콘텐츠학과,,,True,True,True
제주대학교,인문대학,독일학과,,,True,True,True
숭실사이버대학교,단과대구분없음,스포츠재활복지학과,,,True,True,True
영남대학교,디자인미술대학,트랜스아트과,,,True,True,True
숭실사이버대학교,단과대구분없음,요양복지학과,,,True,True,True
숭실사이버대학교,단과대구분없음,뉴미디어디자인학과,,,True,True,True
중앙대학교,공과대학,첨단소재공학과,,,True,True,True
대구가톨릭대학교,바이오메디대학,환경안전학전공,,,True,True,True
대구가톨릭대학교,바이오메디대학,산업보건학전공,,,True,True,True
대구가톨릭대학교,글로벌비즈니스대학,회계세무학과,,,True,True,True
대구가톨릭대학교,글로벌비즈니스대학,경영학과2,,,True,True,True
대구가톨릭대학교,음악ㆍ공연예술대학,무용학과,,,True,True,True
대구가톨릭대학교,음악ㆍ공연예술대학,관현악과,,,True,True,True
대구가톨릭대학교,음악ㆍ공연예술대학,피아노과,,,True,True,True
대구가톨릭대학교,음악ㆍ공연예술대학,성악과,,,True,True,True
대구가톨릭대학교,바이오메디대학,외식・조리학과,,,True,True,True
대구가톨릭대학교,사회과학대학,정치외교학과,,,True,True,True
대구가톨릭대학교,공과대학,인공지능로봇공학전공,,,True,True,True
대구가톨릭대학교,글로벌비즈니스대학,글로벌항공서비스학과,,,True,True,True
대구가톨릭대학교,공과대학,전기공학전공,,,True,True,True
중앙대학교,예술공학대학,예술공학부,,,True,True,True
중앙대학교,예술공학대학,예술공학대학,,,True,True,True
대구가톨릭대학교,바이오메디대학,산업보건안전학부,,,True,True,True
삼육대학교,인문사회대학,항공관광외국어학부,,,True,True,True
삼육대학교,문화예술대학,건축학과(4년제),,,True,True,True
아신대학교,단과대구분없음,글로벌융합리더학부 중국어전공,,,True,True,True
아신대학교,단과대구분없음,글로벌융합리더학부 영어전공,,,True,True,True
아신대학교,단과대구분없음,글로벌융합리더학부 사회복지전공,,,True,True,True
아신대학교,단과대구분없음,글로벌융합리더학부 청소년상담지도전공,,,True,True,True
아신대학교,단과대구분없음,글로벌융합리더학부 기독교교육과 미디어전공,,,True,True,True
아신대학교,단과대구분없음,글로벌미션신학부 신학전공,,,True,True,True
아신대학교,단과대구분없음,글로벌미션신학부 선교학전공,,,True,True,True
국민대학교,경영대학,글로벌경영전공,,,True,True,True
목원대학교,테크노과학대학,보건헬스케어전공,,,True,True,True
김천대학교,단과대구분없음,창의융합학부,,,True,True,True
대구예술대학교,단과대구분없음,예술심리치료전공,,,True,True,True
대구예술대학교,단과대구분없음,패션코스메틱디자인전공,,,True,True,True
대구예술대학교,단과대구분없음,디지털융합디자인전공,,,True,True,True
대구예술대학교,단과대구분없음,영상/만화애니메이션전공,,,True,True,True
동서대학교,단과대구분없음,AI콘텐츠전공,,,True,True,True
대구가톨릭대학교,음악ㆍ공연예술대학,실용음악과,,,True,True,True
경남과학기술대학교,생명과학대학,스마트농산업학과,,,True,True,True
한국교통대학교,철도대학,데이터사이언스전공,,,True,True,True
상지대학교,융합기술공과대학,IT통계학과,,,True,True,True
상지대학교,융합기술공과대학,반도체물리전자학과,,,True,True,True
상지대학교,경상대학,호텔컨벤션경영학과,,,True,True,True
상지대학교,경상대학,관광개발학과,,,True,True,True
상지대학교,융합기술공과대학,신에너지・자원공학과,,,True,True,True
상지대학교,인문사회과학대학,미디어영상광고학과,,,True,True,True
동명대학교,경영대학,항공서비스학과,,,True,True,True
동명대학교,AI융합대학,정보통신소프트웨어전공,,,True,True,True
서울대학교,미술대학,디자인과,,,True,True,True
서울대학교,공과대학,항공우주공학과,,,True,True,True
서울대학교,공과대학,기계공학부,,,True,True,True
동명대학교,AI융합대학,소프트웨어융합보안학과,,,True,True,True
동명대학교,AI융합대학,게임공학과,,,True,True,True
동명대학교,AI융합대학,컴퓨터공학과,,,True,True,True
동명대학교,공과대학,AI자동화설계공학과,,,True,True,True
동서대학교,단과대구분없음,빅데이터전공,,,True,True,True
목원대학교,사회과학대학,서비스경영전공,,,True,True,True
동서대학교,단과대구분없음,AI공학전공,,,True,True,True
목원대학교,공과대학,정보통신공학전공,,,True,True,True
목원대학교,테크노과학대학,의생명공학전공,,,True,True,True
목포대학교,인문대학,글로벌학부,,,True,True,True
건양대학교,의료공과대학,의료인공지능학과,,,True,True,True
조선대학교,글로벌인문대학,아시아언어문화학부,,,True,True,True
조선대학교,글로벌인문대학,한문학과,,,True,True,True
호서대학교,AI융합대학,빅데이터AI학과,,,True,True,True
조선대학교,자연과학.공공보건안전대학,물리학과,,,True,True,True
한국교원대학교,제1대학,특수교육과,,,True,True,True
한국폴리텍 VII 대학 부산캠퍼스,단과대구분없음,스마트전자과(융합전기전자),,,True,True,True
카이스트(KAIST/한국과학기술원),단과대구분없음,융합인재학부,,,True,True,True
동국대학교(WISE),상경대학,회계세무학전공,,,True,True,True
한세대학교,단과대구분없음,보건융합사회적기업학과,,,True,True,True
한세대학교,단과대구분없음,보건복지사회적기업학과,,,True,True,True
한세대학교,단과대구분없음,보건복지사회적경제학과,,,True,True,True
한국침례신학대학교,단과대구분없음,융합실용기악과,,,True,True,True
한세대학교,단과대구분없음,컴퓨터공학과,,,True,True,True
청운대학교,공과대학,설비소방학과,,,True,True,True
청운대학교,창의융합대학,패션디자인학과,,,True,True,True
청운대학교,창의융합대학,공간디자인학과,,,True,True,True
청운대학교,외국어대학,글로벌커뮤니케이션학과(영미문화전공),,,True,True,True
청운대학교,외국어대학,글로벌커뮤니케이션학과,,,True,True,True
청운대학교,외국어대학,글로벌커뮤니케이션학과(베트남비즈니스전공),,,True,True,True
청운대학교,호텔관광대학,호텔관광경영학부(관광경영전공),,,True,True,True
청운대학교,호텔관광대학,호텔관광경영학부(호텔경영전공),,,True,True,True
청운대학교,외국어대학,글로벌커뮤니케이션학과(중화통상비즈니스전공),,,True,True,True
한세대학교,단과대구분없음,경영학과,,,True,True,True
동신대학교,공과대학,컴퓨터공학과,,,True,True,True
영남대학교,상경대학,항공운송학과,,,True,True,True
부산외국어대학교,상경대학,호텔・관광・컨벤션학부,,,True,True,True
나사렛대학교,단과대구분없음,재활의료공학과,,,True,True,True
상명대학교,융합공과대학,지능・데이터융합학부,,,True,True,True
서울디지털대학교,단과대구분없음,전기전자공학과,,,True,True,True
서울디지털대학교,단과대구분없음,소방방재학과,,,True,True,True
서울디지털대학교,단과대구분없음,군경소방상담전공,,,True,True,True
서울디지털대학교,단과대구분없음,평생교육전공,,,True,True,True
서울디지털대학교,단과대구분없음,뷰티미용전공,,,True,True,True
동서대학교,단과대구분없음,사이버경찰보안전공,,,True,True,True
동서대학교,단과대구분없음,AI경험디자인전공,,,True,True,True
목원대학교,사회과학대학,항공호텔관광전공,,,True,True,True
부산외국어대학교,사회과학대학,상담심리학과,,,True,True,True
목원대학교,공과대학,인공지능전공,,,True,True,True
목원대학교,공과대학,스마트모바일전공,,,True,True,True
호서대학교,AI융합대학,게임소프트웨어학과,,,True,True,True
우석대학교,단과대구분없음,스마트문화전시콘텐츠융합전공,,,True,True,True
대구예술대학교,단과대구분없음,게임・웹툰전공,,,True,True,True
한밭대학교,공과대학,산학융합학부,,,True,True,True
동명대학교,AI융합대학,인공지능전공,,,True,True,True
한경국립대학교,단과대구분없음,식물자원조경학부,,,True,True,True
경희사이버대학교,단과대구분없음,청소년・가족전공,,,True,True,True
경희사이버대학교,단과대구분없음,뷰티・패션산업마케팅전공,,,True,True,True
경희사이버대학교,단과대구분없음,마케팅・리더십경영학부,,,True,True,True
경희사이버대학교,단과대구분없음,미디어영상홍보학과,,,True,True,True
경희사이버대학교,단과대구분없음,마케팅・지속경영리더십전공,,,True,True,True
대구예술대학교,단과대구분없음,공연융합예술전공,,,True,True,True
호남대학교,보건과학대학,임상병리학과,,,True,True,True
호남대학교,ICT융합대학,자율주행AI전공,,,True,True,True
호남대학교,보건과학대학,외식조리학과,,,True,True,True
세종대학교,생명과학대학,스마트생명산업융합학과,,,True,True,True
한라대학교,웰니스지역공헌대학,경찰행정학과,,,True,True,True
서울신학대학교,단과대구분없음,IT융합학부,,,True,True,True
서울신학대학교,단과대구분없음,아시아문화콘텐츠학부,,,True,True,True
서울신학대학교,단과대구분없음,예술학부,,,True,True,True
서울신학대학교,단과대구분없음,글로벌비즈니스학부,,,True,True,True
서울신학대학교,단과대구분없음,사범학부,,,True,True,True
서울신학대학교,단과대구분없음,휴먼서비스학부,,,True,True,True
서울신학대학교,단과대구분없음,신학부,,,True,True,True
한라대학교,웰니스지역공헌대학,뷰티디자인학과,,,True,True,True
한라대학교,스마트모빌리티융합대학,글로벌비즈니스학부,,,True,True,True
한라대학교,웰니스지역공헌대학,사회복지학과,,,True,True,True
한라대학교,웰니스지역공헌대학,건축학과,,,True,True,True
한라대학교,웰니스지역공헌대학,소방방재학과,,,True,True,True
단국대학교,공공·보건과학대학,환경자원경제학과,,,True,True,True
단국대학교,공공·보건과학대학,해병대군사학과,,,True,True,True
단국대학교,공공·보건과학대학,치위생학과,,,True,True,True
단국대학교,공공·보건과학대학,임상병리학과,,,True,True,True
단국대학교,공공·보건과학대학,심리치료학과,,,True,True,True
단국대학교,공공·보건과학대학,사회복지학과,,,True,True,True
단국대학교,공공·보건과학대학,보건행정학과,,,True,True,True
단국대학교,공공·보건과학대학,물리치료학과,,,True,True,True
단국대학교,공공·보건과학대학,공공정책학과,,,True,True,True
한동대학교,단과대구분없음,AI융합교육원(인문사회),,,True,True,True
한동대학교,단과대구분없음,AI융합교육원(자연과학),,,True,True,True
한동대학교,단과대구분없음,AI융합교육원(공학),,,True,True,True
고려대학교(세종),과학기술대학,미래모빌리티학과,,,True,True,True
고려대학교(세종),과학기술대학,지능형반도체공학과,,,True,True,True
대구가톨릭대학교,음악ㆍ공연예술대학,예술치료학과,,,True,True,True
성신여자대학교,Health & Wellness College,바이오헬스융합학부,,,True,True,True
유원대학교,단과대구분없음,공공인재행정학부,,,True,True,True
한경국립대학교,단과대구분없음,노동복지전공,,,True,True,True
대구가톨릭대학교,글로벌비즈니스대학,글로벌문화콘텐츠학과,,,True,True,True
우석대학교,단과대구분없음,웰빙식품영양융합전공,,,True,True,True
한국침례신학대학교,단과대구분없음,청소년학과,,,True,True,True
경기대학교,창의공과대학,도시・교통공학전공,,,True,True,True
한양사이버대학교,단과대구분없음,관광항공경영학과,,,True,True,True
한라대학교,스마트모빌리티융합대학,영상커뮤니케이션학부,,,True,True,True
한라대학교,경영사회대학,스포츠문화예술융합전공,,,True,True,True
한라대학교,웰니스지역공헌대학,미래라이프융합학부,,,True,True,True
서원대학교,휴먼서비스대학,뷰티학과,,,True,True,True
서원대학교,공공서비스대학,상담심리학과,,,True,True,True
서원대학교,공공서비스대학,소방행정학과,,,True,True,True
서원대학교,공공서비스대학,아동복지학과,,,True,True,True
서원대학교,BIT융합대학,정보보안전공,,,True,True,True
서원대학교,BIT융합대학,멀티미디어학부,,,True,True,True
서원대학교,BIT융합대학,영상크리에이티브전공,,,True,True,True
서원대학교,BIT융합대학,웹・모바일전공,,,True,True,True
서원대학교,BIT융합대학,컴퓨터공학전공,,,True,True,True
서원대학교,BIT융합대학,정보통신공학전공,,,True,True,True
성결대학교,신학대학,기독교교육상담학과,,,True,True,True
경남대학교,공과대학,토목안전공학과,,,True,True,True
경남대학교,건강과학대학,작업치료학과,,,True,True,True
경남대학교,경영대학,무역물류학과,,,True,True,True
고려대학교(세종),공공정책대학,빅데이터사이언스학부,,,True,True,True
서원대학교,휴먼서비스대학,호텔디저트식음료전공,,,True,True,True
서원대학교,공공서비스대학,복지행정학전공,,,True,True,True
서원대학교,공공서비스대학,사회복지학전공,,,True,True,True
서원대학교,공공서비스대학,사회복지학부,,,True,True,True
나사렛대학교,단과대구분없음,글로벌비즈니스학부,,,True,True,True
한국폴리텍 II 대학 인천캠퍼스,단과대구분없음,스마트금형과(스마트금형),,,True,True,True
가톨릭꽃동네대학교,단과대구분없음,상담심리학과,,,True,True,True
가톨릭꽃동네대학교,단과대구분없음,사회복지학과,,,True,True,True
배재대학교,자연과학대학,바이오헬스케어융합학부,,,True,True,True
가톨릭관동대학교,미디어예술대학,실용음악학과,,,True,True,True
가톨릭관동대학교,미디어예술대학,뷰티디자인학과,,,True,True,True
가톨릭관동대학교,미디어예술대학,방송연예학과,,,True,True,True
배재대학교,문화예술대학,실용음악전공,,,True,True,True
배재대학교,문화예술대학,공연예술학부,,,True,True,True
가톨릭관동대학교,사회과학대학,해양경찰학전공,,,True,True,True
한국폴리텍 II 대학 화성캠퍼스,단과대구분없음,스마트전기과(ICT융합제어),,,True,True,True
울산대학교,공과대학,AI융합전공,,,True,True,True
화신사이버대학교,단과대구분없음,융합스포츠지도학과,,,True,True,True
우송대학교,단과대구분없음,융합경영학부 경영학전공,,,True,True,True
우송대학교,단과대구분없음,융합경영학부 금융・세무경영전공,,,True,True,True
우송대학교,단과대구분없음,글로벌조리학부 글로벌외식창업전공,,,True,True,True
우송대학교,단과대구분없음,철도시스템학부 철도전기시스템전공,,,True,True,True
우송대학교,단과대구분없음,철도시스템학부 철도소프트웨어전공,,,True,True,True
우송대학교,단과대구분없음,글로벌융합비즈니스학과,,,True,True,True
한라대학교,스마트모빌리티융합대학,빅데이터사이언스학과,,,True,True,True
한라대학교,스마트모빌리티융합대학,ICT융합공학부,,,True,True,True
서경대학교,미용예술대학,헤어디자인학과,,,True,True,True
서경대학교,사회과학대학,공공인재전공,,,True,True,True
서경대학교,사회과학대학,경찰행정전공,,,True,True,True
서경대학교,사회과학대학,공공인재학부,,,True,True,True
서경대학교,미용예술대학,메이크업디자인학과,,,True,True,True
서경대학교,이공대학,나노화학생명공학과,,,True,True,True
서경대학교,인문과학대학,글로벌비즈니스어학부,,,True,True,True
서경대학교,인문과학대학,광고홍보콘텐츠학과,,,True,True,True
목원대학교,문화콘텐츠대학,비즈니스영어전공,,,True,True,True
청주대학교,공과대학,시스템반도체공학전공,,,True,True,True
청주대학교,공과대학,에너지・응용화학전공,,,True,True,True
청주대학교,공과대학,에너지융합공학전공,,,True,True,True
강릉원주대학교,사회과학대학,도시계획・부동산학과,,,True,True,True
한국폴리텍 특성화대학 로봇캠퍼스,단과대구분없음,로봇기계과,,,True,True,True
한국폴리텍 특성화대학 로봇캠퍼스,단과대구분없음,로봇전자과,,,True,True,True
단국대학교,SW융합대학,SW융합학부,,,True,True,True
한국항공대학교,공과대학,공학계열,,,True,True,True
한국항공대학교,공과대학,신소재공학과,,,True,True,True
단국대학교,외국어대학,글로벌한국어과,,,True,True,True
단국대학교,외국어대학,아시아중동학부 베트남학전공,,,True,True,True
전북대학교,단과대구분없음,스마트팜학과,,,True,True,True
동의대학교,ICT공과대학,게임공학전공,,,True,True,True
동의대학교,ICT공과대학,디지털콘텐츠게임공학부,,,True,True,True
상지대학교,융합기술공과대학,로봇공학과,,,True,True,True
서울디지털대학교,단과대구분없음,디자인학과,,,True,True,True
서울디지털대학교,단과대구분없음,보건의료행정전공,,,True,True,True
상명대학교,융합공과대학,지능・데이터융합학부 핀테크전공,,,True,True,True
상명대학교,융합공과대학,SW융합학부 전기공학전공,,,True,True,True
상명대학교,융합공과대학,지능・데이터융합학부 휴먼지능정보공학전공,,,True,True,True
상명대학교,인문사회과학대학,행정학부,,,True,True,True
선문대학교,공과대학,건설시스템안전공학과,,,True,True,True
선문대학교,건강보건대학,식품과학부,,,True,True,True
선문대학교,인문사회대학,행정・공기업학과,,,True,True,True
선문대학교,인문사회대학,역사・영상콘텐츠학부,,,True,True,True
선문대학교,신학대학,신학과,,,True,True,True
한국폴리텍 VI 대학 구미캠퍼스,단과대구분없음,스마트전자과(스마트융합전자),,,True,True,True
한밭대학교,노마드칼리지,다중전공학부,,,True,True,True
한국폴리텍 I 대학 서울정수캠퍼스,단과대구분없음,기계설계공학과,,,True,True,True
한국교통대학교,융합기술대학,바이오메디컬융합학과,,,True,True,True
한국교통대학교,공과대학,나노화학소재공학전공,,,True,True,True
한국교통대학교,공과대학,에너지소재공학전공,,,True,True,True
호남대학교,ICT융합대학,전기자동차전공,,,True,True,True
경성대학교,단과대구분없음,글로벌한국학전공,,,True,True,True
목원대학교,음악대학,뮤지컬전공,,,True,True,True
한국폴리텍 II 대학 인천캠퍼스,단과대구분없음,AI융합소프트웨어과,,,True,True,True
우석대학교,단과대구분없음,임상운동관리융합전공,,,True,True,True
영산대학교,창조인재대학,한・베트남통역전공,,,True,True,True
경동대학교,단과대구분없음,호텔관광경영학과,,,True,True,True
우석대학교,단과대구분없음,스마트재난안전융합전공,,,True,True,True
한신대학교,미래융합인재대학,공공인재학부,,,True,True,True
한국교통대학교,공과대학,응용화학에너지공학부,,,True,True,True
상명대학교,디자인대학,디자인학부 AR・VR미디어디자인전공,,,True,True,True
호서대학교,생명보건대학,건강기능식품학과,,,True,True,True
호서대학교,생명보건대학,제약공학과,,,True,True,True
호서대학교,예체능대학,공연예술학부(피아노트랙),,,True,True,True
고신대학교,의료과학대학,화학신소재전공,,,True,True,True
고신대학교,보건복지대학,IT경영학과,,,True,True,True
고신대학교,의료과학대학,의생명과학전공,,,True,True,True
고신대학교,의료과학대학,시각디자인학과,,,True,True,True
고신대학교,보건복지대학,국제통상영어전공,,,True,True,True
대구대학교,공과대학,융합산업공학과,,,True,True,True
대구대학교,공과대학,신소재에너지시스템공학부(에너지시스템공학전공),,,True,True,True
대구대학교,정보통신대학,전자전기공학부(전기・지능로봇공학전공),,,True,True,True
대구대학교,공과대학,신소재에너지시스템공학부(신소재에너지공학전공),,,True,True,True
대구대학교,과학생명융합대학,화학과,,,True,True,True
대구대학교,과학생명융합대학,수리빅데이터학부(수학・산업수학전공),,,True,True,True
대구대학교,인문대학,한국어문학부(한국어통번역학전공),,,True,True,True
연세대학교(미래),글로벌창의융합대학,인문콘텐츠학부,,,True,True,True
대구대학교,인문대학,한국어문학부,,,True,True,True
대구대학교,인문대학,한국어문학부(국어국문학전공),,,True,True,True
대구대학교,인문대학,한국어문학부(국제한국어교육전공),,,True,True,True
경남대학교,건강과학대학,화장품식품개발학부,,,True,True,True
서울시립대학교,공과대학,인공지능학과,,,True,True,True
고신대학교,의료과학대학,뷰티케어전공,,,True,True,True
연세대학교(미래),과학기술융합대학,환경에너지공학부,,,True,True,True
서울시립대학교,자연과학대학,융합응용화학과,,,True,True,True
조선대학교,공과대학,첨단에너지공학과,,,True,True,True
한국폴리텍 I 대학 서울강서캠퍼스,단과대구분없음,정보보안과(융합보안소프트웨어),,,True,True,True
포항공과대학교(POSTECH),공과대학,IT융합공학과,,,True,True,True
중원대학교,항공대학,신소재공학과,,,True,True,True
중원대학교,융합과학기술대학,소방방재학과,,,True,True,True
중원대학교,융합과학기술대학,말산업학과,,,True,True,True
중원대학교,융합과학기술대학,전기전자공학과,,,True,True,True
중원대학교,융합과학기술대학,의료공학과,,,True,True,True
중원대학교,사회문화대학,무예경호학과,,,True,True,True
중원대학교,사회문화대학,스포츠산업학과,,,True,True,True
중원대학교,사회문화대학,스포츠지도학과,,,True,True,True
중원대학교,융합과학기술대학,의약바이오학과,,,True,True,True
중원대학교,사회문화대학,종교문화재학과,,,True,True,True
서울여자대학교,단과대구분없음,예술심리치료전공,,,True,True,True
한서대학교,Hans 국제항공대학,항공보안학과,,,True,True,True
한서대학교,단과대구분없음,해양바이오수산생명의학과,,,True,True,True
한서대학교,Hans 국제항공대학,항공기계정비학과,,,True,True,True
연세대학교(미래),소프트웨어디지털헬스케어융합대학,의공학부,,,True,True,True
연세대학교(미래),소프트웨어디지털헬스케어융합대학,보건행정학부,,,True,True,True
연세대학교(미래),소프트웨어디지털헬스케어융합대학,임상병리학과,,,True,True,True
연세대학교(미래),소프트웨어디지털헬스케어융합대학,물리치료학과,,,True,True,True
연세대학교(미래),소프트웨어디지털헬스케어융합대학,작업치료학과,,,True,True,True
연세대학교(미래),소프트웨어디지털헬스케어융합대학,방사선학과,,,True,True,True
연세대학교(미래),소프트웨어디지털헬스케어융합대학,치위생학과,,,True,True,True
성신여자대학교,자연과학대학,수리통계데이터사이언스학부,,,True,True,True
유원대학교,단과대구분없음,와인사이언스학과,,,True,True,True
제주대학교,생명자원과학대학,분자생명공학전공,,,True,True,True
광주여자대학교,단과대구분없음,미용과학부,,,True,True,True
광주여자대학교,단과대구분없음,자율전공학부(인문사회계열),,,True,True,True
광주여자대학교,단과대구분없음,애완동물보건학과,,,True,True,True
광주여자대학교,단과대구분없음,자율전공학부(자연과학계열),,,True,True,True
광주여자대학교,단과대구분없음,AI융합학과,,,True,True,True
광주여자대학교,단과대구분없음,경찰행정학과,,,True,True,True
광주여자대학교,단과대구분없음,항공서비스학부,,,True,True,True
나사렛대학교,단과대구분없음,방송・영상콘텐츠학부,,,True,True,True
광주대학교,문화산업대학,문화산업대학,,,True,True,True
광주대학교,보건복지대학,보건복지대학,,,True,True,True
한국폴리텍 II 대학 인천캠퍼스,단과대구분없음,스마트금형과,,,True,True,True
광운대학교,소프트웨어융합대학,비주얼테크놀로지전공,,,True,True,True
광운대학교,소프트웨어융합대학,소프트웨어전공,,,True,True,True
광운대학교,소프트웨어융합대학,인공지능전공,,,True,True,True
광운대학교,소프트웨어융합대학,지능정보공학전공,,,True,True,True
광주대학교,공과대학,공과대학,,,True,True,True
초당대학교,단과대구분없음,보건의료행정학과,,,True,True,True
공주대학교,인문사회과학대학,관광경영학과,,,True,True,True
공주대학교,인문사회과학대학,관광&영어통역융복합학과,,,True,True,True
공주대학교,공과대학,미래자동차공학과,,,True,True,True
공주대학교,공과대학,사회환경공학과,,,True,True,True
공주대학교,공과대학,도시융합시스템공학과,,,True,True,True
공주대학교,산업과학대학,지역건설공학과,,,True,True,True
공주대학교,산업과학대학,스마트팜공학과,,,True,True,True
공주대학교,산업과학대학,식품영양학과,,,True,True,True
공주대학교,예술대학,주얼리디자인학과,,,True,True,True
공주대학교,산업과학대학,외식상품학과,,,True,True,True
공주대학교,예술대학,세라믹디자인학과,,,True,True,True
공주대학교,공과대학,스마트정보기술공학전공,,,True,True,True
공주대학교,자연과학대학,데이터정보물리학과,,,True,True,True
공주대학교,산업과학대학,산림과학과,,,True,True,True
조선대학교,글로벌인문대학,유럽언어문화학부,,,True,True,True
조선대학교,IT융합대학,인공지능공학과,,,True,True,True
백석대학교,단과대구분없음,컴퓨터공학부,,,True,True,True
백석대학교,단과대구분없음,스마트IT공학부,,,True,True,True
한라대학교,스마트모빌리티융합대학,스마트모빌리티공학부,,,True,True,True
공주대학교,단과대구분없음,인공지능학부,,,True,True,True
사이버한국외국어대학교,단과대구분없음,마케팅・경영학과,,,True,True,True
대구한의대학교,재활보건대학,재활의료공학전공,,,True,True,True
대구한의대학교,재활보건대학,반려동물보건학과,,,True,True,True
대구한의대학교,재활보건대학,임상병리학과,,,True,True,True
대구한의대학교,재활보건대학,시니어스포츠학전공,,,True,True,True
대구한의대학교,재활보건대학,물리치료학과,,,True,True,True
대구한의대학교,재활보건대학,노인복지학전공,,,True,True,True
대구한의대학교,재활보건대학,시니어웰니스학부,,,True,True,True
대구한의대학교,재활보건대학,보건관리전공,,,True,True,True
대구한의대학교,재활보건대학,보건학부,,,True,True,True
대구한의대학교,웰니스융합대학,스마트시티건축학전공,,,True,True,True
대구한의대학교,웰니스융합대학,상담심리학전공,,,True,True,True
대구한의대학교,웰니스융합대학,아동복지학전공,,,True,True,True
대구한의대학교,웰니스융합대학,청소년교육상담학전공,,,True,True,True
대구한의대학교,웰니스융합대학,뷰티케어학과,,,True,True,True
대구한의대학교,재활보건대학,중등특수교육과,,,True,True,True
대구한의대학교,재활보건대학,미술치료학전공,,,True,True,True
대구한의대학교,재활보건대학,한방스포츠의학전공,,,True,True,True
대구한의대학교,의과학대학,안전보건전공,,,True,True,True
대구한의대학교,바이오산업대학,호텔외식조리전공,,,True,True,True
대구한의대학교,바이오산업대학,푸드케어학부,,,True,True,True
대구한의대학교,웰니스융합대학,경영학부,,,True,True,True
대구한의대학교,웰니스융합대학,물류통상전공,,,True,True,True
서울디지털대학교,단과대구분없음,국방융합인재전공,,,True,True,True
대구한의대학교,웰니스융합대학,스마트빅데이터전공,,,True,True,True
대구한의대학교,바이오산업대학,아로마약리학전공,,,True,True,True
한국교통대학교,융합기술대학,AI로봇공학과,,,True,True,True
대전대학교,디자인ㆍ아트대학,공연예술융합학과,,,True,True,True
경남대학교,건강과학대학,화장품학전공,,,True,True,True
대구한의대학교,웰니스융합대학,스마트영상애니메이션전공,,,True,True,True
대구한의대학교,웰니스융합대학,의료서비스경영학전공,,,True,True,True
한라대학교,웰니스지역공헌대학,항공서비스학과,,,True,True,True
한라대학교,웰니스지역공헌대학,호텔관광경영학부,,,True,True,True
광주여자대학교,단과대구분없음,글로벌영어교육학과,,,True,True,True
부산외국어대학교,아시아대학,일본어융합학부(일본IT전공),,,True,True,True
나사렛대학교,단과대구분없음,특수체육학트랙,,,True,True,True
나사렛대학교,단과대구분없음,스포츠재활트랙,,,True,True,True
사이버한국외국어대학교,단과대구분없음,다문화・심리상담학과,,,True,True,True
사이버한국외국어대학교,단과대구분없음,글로벌융합계열,,,True,True,True
연세대학교(미래),소프트웨어디지털헬스케어융합대학,데이터사이언스학전공,,,True,True,True
연세대학교(미래),소프트웨어디지털헬스케어융합대학,과학수사학전공,,,True,True,True
연세대학교(미래),글로벌창의융합대학,글로벌엘리트학부,,,True,True,True
연세대학교(미래),글로벌창의융합대학,East Asian Politics and Culture,,,True,True,True
연세대학교(미래),글로벌창의융합대학,동아시아국제학부,,,True,True,True
연세대학교(미래),글로벌창의융합대학,국제관계학전공,,,True,True,True
연세대학교(미래),글로벌창의융합대학,글로벌행정학전공,,,True,True,True
연세대학교(미래),글로벌창의융합대학,경제학전공,,,True,True,True
연세대학교(미래),글로벌창의융합대학,경영학전공,,,True,True,True
연세대학교(미래),글로벌창의융합대학,경영학부,,,True,True,True
연세대학교(미래),글로벌창의융합대학,국어국문학전공,,,True,True,True
경주대학교,디자인&IT문화융합대학,산업토탈디자인전공,,,True,True,True
경주대학교,의료복지생활문화대학,스포츠재활심리전공,,,True,True,True
경주대학교,디자인&IT문화융합대학,시각디자인전공,,,True,True,True
경주대학교,문화관광대학,전통건축학과,,,True,True,True
경주대학교,의료복지생활문화대학,태권도전공,,,True,True,True
경주대학교,디자인&IT문화융합대학,융합소프트웨어공학과,,,True,True,True
경주대학교,의료복지생활문화대학,축구전공,,,True,True,True
경주대학교,단과대구분없음,미래융합전공학부,,,True,True,True
경주대학교,문화관광대학,문화재학전공,,,True,True,True
경주대학교,문화관광대학,문화재보존학전공,,,True,True,True
경주대학교,의료복지생활문화대학,소방방재드론학과,,,True,True,True
경주대학교,의료복지생활문화대학,특수체육교육학과,,,True,True,True
경주대학교,의료복지생활문화대학,사회복지학과,,,True,True,True
경주대학교,의료복지생활문화대학,간호학과,,,True,True,True
경주대학교,의료복지생활문화대학,스포츠과학부,,,True,True,True
경주대학교,문화관광대학,악기제작학과,,,True,True,True
경주대학교,문화관광대학,전통연희학과,,,True,True,True
경주대학교,문화관광대학,음악학과,,,True,True,True
경주대학교,의료복지생활문화대학,외식조리학과,,,True,True,True
경주대학교,문화관광대학,글로벌마이스관광학과,,,True,True,True
경주대학교,디자인&IT문화융합대학,게임엔터테인먼트디자인전공,,,True,True,True
경주대학교,디자인&IT문화융합대학,2D디자인웹툰학부,,,True,True,True
경주대학교,문화관광대학,문화재학부,,,True,True,True
경주대학교,의료복지생활문화대학,식품영양・가공학과,,,True,True,True
경주대학교,디자인&IT문화융합대학,애니메이션전공,,,True,True,True
경주대학교,디자인&IT문화융합대학,3D디자인게임애니메이션학부,,,True,True,True
서울디지털대학교,단과대구분없음,탐정전공,,,True,True,True
목원대학교,문화콘텐츠대학,글로벌문화콘텐츠전공,,,True,True,True
광주대학교,문화산업대학,패션・주얼리디자인학부,,,True,True,True
광주대학교,문화산업대학,인테리어디자인학과,,,True,True,True
광주대학교,문화산업대학,사진영상드론학과,,,True,True,True
광주대학교,공과대학,미래자동차공학과,,,True,True,True
광주대학교,공과대학,융합기계공학과,,,True,True,True
광주대학교,문화산업대학,문예창작과,,,True,True,True
공주대학교,예술대학,가구리빙디자인학과,,,True,True,True
부산외국어대학교,아시아대학,일본어융합학부(비즈니스일본어전공),,,True,True,True
부산외국어대학교,아시아대학,일본어융합학부(한일문화콘텐츠전공),,,True,True,True
부산외국어대학교,아시아대학,한국어문화학부(한국어교육전공),,,True,True,True
부산외국어대학교,IT대학,소프트웨어학부(사물인터넷(IoT)전공),,,True,True,True
부산외국어대학교,IT대학,소프트웨어학부(소프트웨어전공),,,True,True,True
부산외국어대학교,상경대학,항공서비스학과,,,True,True,True
부산외국어대학교,사회과학대학,스포츠재활학과,,,True,True,True
부산외국어대학교,사회과학대학,글로벌인재학부,,,True,True,True
경일대학교,SMART라이프대학,스포츠학부,,,True,True,True
경일대학교,SMART인프라대학,화학공학과,,,True,True,True
경일대학교,미래융합대학,평생교육컨설팅학부,,,True,True,True
경일대학교,SMART라이프대학,복지서비스학부 노인체육복지학과,,,True,True,True
경일대학교,SMART라이프대학,복지서비스학부 사회복지학과,,,True,True,True
경일대학교,SMART라이프대학,만화애니메이션학부,,,True,True,True
연세대학교(미래),반도체시스템공학부,응용전기전자융합공학전공,,,True,True,True
연세대학교(미래),반도체시스템공학부,반도체시스템융합공학전공,,,True,True,True
연세대학교(미래),소프트웨어디지털헬스케어융합대학,데이터사이언스학부,,,True,True,True
연세대학교(미래),RC융합대학,동아시아국제학부,,,True,True,True
연세대학교(미래),RC융합대학,글로벌엘리트학부,,,True,True,True
연세대학교(미래),RC융합대학,자율융합계열(인문),,,True,True,True
연세대학교(미래),소프트웨어디지털헬스케어융합대학,소프트웨어전공,,,True,True,True
연세대학교(미래),RC융합대학,치위생학과,,,True,True,True
연세대학교(미래),RC융합대학,방사선학과,,,True,True,True
연세대학교(미래),RC융합대학,작업치료학과,,,True,True,True
경일대학교,SMART인프라대학,건설방재공학과,,,True,True,True
연세대학교(미래),RC융합대학,물리치료학과,,,True,True,True
연세대학교(미래),RC융합대학,자율융합계열(공학),,,True,True,True
연세대학교(미래),RC융합대학,자율융합계열(자연),,,True,True,True
연세대학교(미래),RC융합대학,자율융합계열(사회),,,True,True,True
경일대학교,SMART엔지니어링대학,기계자동차학부 로봇・모빌리티전공,,,True,True,True
경일대학교,SMART엔지니어링대학,기계자동차학부 자율주행자동차전공,,,True,True,True
경일대학교,SMART인프라대학,부동산지적학과,,,True,True,True
연세대학교(미래),소프트웨어디지털헬스케어융합대학,의공학전공,,,True,True,True
연세대학교(미래),소프트웨어디지털헬스케어융합대학,바이오공학전공,,,True,True,True
충남대학교,생명시스템과학대학,생명정보융합학과,,,True,True,True
충남대학교,공과대학,인공지능학과,,,True,True,True
충남대학교,공과대학,스마트시티건축공학과,,,True,True,True
연세대학교(미래),반도체시스템공학부,반도체인프라및환경융합공학전공,,,True,True,True
연세대학교(미래),글로벌창의융합대학,사회과학부,,,True,True,True
연세대학교(미래),소프트웨어디지털헬스케어융합대학,보건과학부,,,True,True,True
연세대학교(미래),소프트웨어디지털헬스케어융합대학,소프트웨어학부,,,True,True,True
건국대학교(글로컬),의과대학,의예과,,,True,True,True
연세대학교(미래),소프트웨어디지털헬스케어융합대학,재활보건학전공,,,True,True,True
연세대학교(미래),소프트웨어디지털헬스케어융합대학,분자진단과학전공,,,True,True,True
연세대학교(미래),RC융합대학,데이터사이언스학부,,,True,True,True
연세대학교(미래),RC융합대학,소프트웨어학부,,,True,True,True
연세대학교(미래),RC융합대학,임상병리학과,,,True,True,True
연세대학교(미래),과학기술융합대학,생명과학기술학부,,,True,True,True
연세대학교(미래),과학기술융합대학,화학및의화학전공,,,True,True,True
연세대학교(미래),과학기술융합대학,물리및공학물리학전공,,,True,True,True
연세대학교(미래),과학기술융합대학,친환경에너지공학전공,,,True,True,True
연세대학교(미래),과학기술융합대학,환경공학전공,,,True,True,True
연세대학교(미래),RC융합대학,디자인예술학부,,,True,True,True
연세대학교(미래),글로벌창의융합대학,디지털아트학전공,,,True,True,True
연세대학교(미래),글로벌창의융합대학,시각디자인학전공,,,True,True,True
연세대학교(미래),글로벌창의융합대학,산업디자인학전공,,,True,True,True
연세대학교(미래),글로벌창의융합대학,디자인예술학부,,,True,True,True
연세대학교(미래),글로벌창의융합대학,한국문화・경영전공,,,True,True,True
연세대학교(미래),글로벌창의융합대학,철학전공,,,True,True,True
연세대학교(미래),글로벌창의융합대학,역사문화학전공,,,True,True,True
연세대학교(미래),글로벌창의융합대학,영어영문학전공,,,True,True,True
연세대학교(미래),RC융합대학,디지털헬스케어학부,,,True,True,True
연세대학교(미래),소프트웨어디지털헬스케어융합대학,디지털헬스케어학부,,,True,True,True
경주대학교,디자인&IT문화융합대학,게임프로그래밍학과,,,True,True,True
광주대학교,문화산업대학,항공서비스학과,,,True,True,True
한라대학교,웰니스지역공헌대학,건설방재공학과,,,True,True,True
동덕여자대학교,미래인재융합대학,미래인재융합대학,,,True,True,True
동덕여자대학교,미래인재융합대학,세무회계학과,,,True,True,True
동덕여자대학교,문화지식융합대학,글로벌MICE전공,,,True,True,True
대진대학교,휴먼IT공과대학,전자공학과,,,True,True,True
한국공학대학교,단과대구분없음,디자인공학부(미디어디자인공학전공),,,True,True,True
한국공학대학교,단과대구분없음,디자인공학부(산업디자인공학전공),,,True,True,True
대구한의대학교,바이오산업대학,약선전공,,,True,True,True
광주대학교,인문사회과학대학,경영학과,,,True,True,True
광주대학교,보건복지대학,작업치료학과,,,True,True,True
광주대학교,보건복지대학,언어치료학과,,,True,True,True
광주대학교,보건복지대학,식품영양학과,,,True,True,True
광주대학교,보건복지대학,사회복지학부,,,True,True,True
광주대학교,보건복지대학,간호학과,,,True,True,True
광주대학교,보건복지교육대학,보건행정학부,,,True,True,True
광주대학교,문화산업대학,호텔관광경영학부,,,True,True,True
광주대학교,문화산업대학,융합디자인학부,,,True,True,True
광주대학교,문화산업대학,스포츠과학부,,,True,True,True
광주대학교,문화산업대학,뷰티미용학과,,,True,True,True
인하대학교,단과대구분없음,디자인테크놀로지학과,,,True,True,True
인하대학교,단과대구분없음,스마트모빌리티공학과,,,True,True,True
인하대학교,단과대구분없음,데이터사이언스학과,,,True,True,True
인하대학교,단과대구분없음,인공지능공학과,,,True,True,True
광주대학교,인문사회과학대학,부동산금융학과,,,True,True,True
광주대학교,인문사회과학대학,물류무역학과,,,True,True,True
광주대학교,인문사회과학대학,청소년상담ㆍ평생교육학과,,,True,True,True
광주대학교,인문사회과학대학,한국어교육과,,,True,True,True
광주대학교,인문사회과학대학,유아교육과,,,True,True,True
광주대학교,인문사회과학대학,아동학과,,,True,True,True
광주대학교,인문사회과학대학,심리학과,,,True,True,True
광주대학교,인문사회과학대학,소방행정학과,,,True,True,True
광주대학교,인문사회과학대학,세무경영학과,,,True,True,True
한국공학대학교,단과대구분없음,디자인공학부,,,True,True,True
인하대학교,단과대구분없음,KLC학과,,,True,True,True
인하대학교,단과대구분없음,ISE학과,,,True,True,True
인하대학교,단과대구분없음,IBT학과,,,True,True,True
세한대학교,단과대구분없음,항공물류학과,,,True,True,True
세한대학교,단과대구분없음,인공지능소프트웨어학과,,,True,True,True
목포대학교,인문대학,문화콘텐츠학과,,,True,True,True
강남대학교,경영관리대학,정경학부,,,True,True,True
강남대학교,ICT건설공과대학,ICT공학부,,,True,True,True
강남대학교,경영관리대학,경영관리자율전공학부,,,True,True,True
강남대학교,경영관리대학,융합자율전공학부,,,True,True,True
강남대학교,복지융합대학,예체능학부 음악학전공,,,True,True,True
강남대학교,복지융합대학,예체능학부 스포츠복지전공,,,True,True,True
강남대학교,복지융합대학,예체능학부 유니버설아트디자인전공,,,True,True,True
경일대학교,SMART엔지니어링대학,컴퓨터사이언스학부,,,True,True,True
경일대학교,SMART라이프대학,스포츠학부 스포츠코칭전공,,,True,True,True
부산대학교,단과대구분없음,기타모집단위,,,True,True,True
부산외국어대학교,아시아대학,한국어문화학부,,,True,True,True
부산외국어대학교,사회과학대학,글로벌인재학부(외교전공),,,True,True,True
부산외국어대학교,상경대학,호텔・관광・컨벤션학부(국제문화관광전공),,,True,True,True
부산외국어대학교,사회과학대학,경찰행정학과,,,True,True,True
부산외국어대학교,사회과학대학,국제학부,,,True,True,True
부산외국어대학교,사회과학대학,사이버경찰학과,,,True,True,True
부산외국어대학교,유럽미주대학,터키・중앙아시아어과,,,True,True,True
부산외국어대학교,IT대학,전자로봇공학과,,,True,True,True
부산외국어대학교,아시아대학,중국학부(중국어전공),,,True,True,True
부산외국어대학교,상경대학,세무회계학과,,,True,True,True
부산외국어대학교,유럽미주대학,유럽지역통상학과,,,True,True,True
부산외국어대학교,유럽미주대학,미주비즈니스학과,,,True,True,True
부산외국어대학교,사회과학대학,사회체육학과,,,True,True,True
부산외국어대학교,아시아대학,아랍학과,,,True,True,True
부산외국어대학교,아시아대학,G2융합학과,,,True,True,True
부산외국어대학교,사회과학대학,영상콘텐츠융합학과,,,True,True,True
부산외국어대학교,상경대학,경제금융학과,,,True,True,True
부산외국어대학교,IT대학,컴퓨터공학과,,,True,True,True
부산외국어대학교,IT대학,빅데이터학과,,,True,True,True
부산외국어대학교,사회과학대학,정보보호학과,,,True,True,True
부산외국어대학교,사회과학대학,사회복지학과,,,True,True,True
한신대학교,미래융합인재대학,국제관계학전공,,,True,True,True
제주대학교,공과대학,통신공학전공,,,True,True,True
경희대학교,단과대구분없음,자율전공학부,,,True,True,True
경희대학교,정경대학,미디어학과,,,True,True,True
경희대학교,정경대학,국제통상・금융투자학부,,,True,True,True
광주대학교,단과대구분없음,기타모집단위,,,True,True,True
광주대학교,문화산업대학,호텔외식조리학과,,,True,True,True
경남대학교,공과대학,스마트기계융합공학전공,,,True,True,True
부산외국어대학교,아시아대학,인도학과,,,True,True,True
서울디지털대학교,단과대구분없음,문화예술경영학과,,,True,True,True
경일대학교,SMART엔지니어링대학,컴퓨터사이언스학부 게임전공,,,True,True,True
부산외국어대학교,아시아대학,일본어융합학부,,,True,True,True
부산외국어대학교,유럽미주대학,러시아학과,,,True,True,True
한신대학교,미래융합인재대학,행정학전공,,,True,True,True
배재대학교,자연과학대학,식품영양학전공,,,True,True,True
경남대학교,공과대학,컴퓨터보안전공,,,True,True,True
경희사이버대학교,단과대구분없음,IT・디자인융합학부,,,True,True,True
광주대학교,인문사회과학대학,문헌정보학과,,,True,True,True
광주대학교,보건복지대학,보건행정학부,,,True,True,True
한국폴리텍 III 대학 춘천캠퍼스,단과대구분없음,전기과(ICT융합제어),,,True,True,True
한국폴리텍 II 대학 인천캠퍼스,단과대구분없음,방송미디어과,,,True,True,True
순천향대학교,공과대학,정보보호학과,,,True,True,True
부산외국어대학교,IT대학,소프트웨어학부,,,True,True,True
대전대학교,미래융합대학,AI융합학과,,,True,True,True
상명대학교,융합공과대학,지능・데이터융합학부 빅데이터융합전공,,,True,True,True
동명대학교,AI융합대학,AI학부,,,True,True,True
경상국립대학교,해양과학대학,해양수산경영학과,,,True,True,True
경상국립대학교,해양과학대학,미래산업융합학과,,,True,True,True
경상국립대학교,해양과학대학,지능형통신공학과,,,True,True,True
경상국립대학교,해양과학대학,스마트자동화공학과,,,True,True,True
대구대학교,정보통신대학,컴퓨터정보공학부(정보보호전공),,,True,True,True
경운대학교,항공서비스대학,항공교통물류학과,,,True,True,True
삼육대학교,미래융합대학,지능정보융합학부,,,True,True,True
건국대학교(글로컬),인문사회융합대학,소방방재융합학과,,,True,True,True
배재대학교,자연과학대학,헬스케어생명공학전공,,,True,True,True
동덕여자대학교,문화지식융합대학,커뮤니케이션콘텐츠전공,,,True,True,True
경일대학교,기업인재대학,스마트경영공학과,,,True,True,True
경상국립대학교,공과대학,항공우주및소프트웨어공학부,,,True,True,True
경상국립대학교,농업생명과학대학,지역시스템공학과,,,True,True,True
경상국립대학교,해양과학대학,양식생명과학과,,,True,True,True
연세대학교(미래),글로벌창의융합대학,East Asian Economy and Business,,,True,True,True
대구한의대학교,웰니스융합대학,IoT소프트웨어전공,,,True,True,True
상명대학교,융합공과대학,지능・데이터융합학부 스마트생산전공,,,True,True,True
고려대학교(세종),과학기술대학,인공지능사이버보안학과,,,True,True,True
경상국립대학교,공과대학,나노・신소재공학부(고분자공학전공),,,True,True,True
경상국립대학교,공과대학,나노・신소재공학부(금속재료공학전공),,,True,True,True
경상국립대학교,공과대학,나노・신소재공학부(세라믹공학전공),,,True,True,True
한라대학교,웰니스지역공헌대학,스포츠문화예술융합전공,,,True,True,True
을지대학교,바이오융합대학,빅데이터의료융합학과,,,True,True,True
대구가톨릭대학교,글로벌비즈니스대학,외국어자율전공학부,,,True,True,True
서원대학교,공공서비스대학,경찰학부,,,True,True,True
서원대학교,공공서비스대학,경찰행정전공,,,True,True,True
서원대학교,공공서비스대학,범죄수사전공,,,True,True,True
한국해양대학교,해양과학기술융합대학,조선・해양개발공학부(조선해양시스템공학전공),,,True,True,True
한국해양대학교,해양과학기술융합대학,조선・해양개발공학부(해양공학전공),,,True,True,True
한국해양대학교,해양과학기술융합대학,해양건축・에너지자원공학부(에너지자원공학전공),,,True,True,True
한국해양대학교,해사대학,"해양경찰학부(항해전공, 기관전공)",,,True,True,True
한국해양대학교,해사대학,항해융합학부,,,True,True,True
한국해양대학교,해양과학기술융합대학,"해양건축・에너지자원공학부(공간디자인전공, 건축방재공학전공)",,,True,True,True
한국해양대학교,해양과학기술융합대학,"해양과학융합학부(해양생물공학전공, 수산바이오공학전공)",,,True,True,True
한국해양대학교,해양과학기술융합대학,해양과학융합학부(해양환경학전공),,,True,True,True
경주대학교,디자인&IT문화융합대학,웹툰사진전공,,,True,True,True
경주대학교,문화관광대학,파티디자인학과,,,True,True,True
한국해양대학교,해양과학기술융합대학,기계공학부(기계시스템공학전공),,,True,True,True
한국해양대학교,해양과학기술융합대학,해양신소재융합공학과,,,True,True,True
한국해양대학교,해양과학기술융합대학,기계공학부(냉동공조공학전공),,,True,True,True
한국해양대학교,해양과학기술융합대학,전자전기정보공학부(전기전자공학전공),,,True,True,True
한국해양대학교,해양과학기술융합대학,전자전기정보공학부(전자통신공학전공),,,True,True,True
한국해양대학교,해양과학기술융합대학,전자전기정보공학부(전자소재공학전공),,,True,True,True
한국해양대학교,해양과학기술융합대학,제어자동화공학부(제어계측공학전공),,,True,True,True
한국해양대학교,해양과학기술융합대학,전자전기정보공학부(데이터사이언스전공),,,True,True,True
한국해양대학교,해양과학기술융합대학,전자전기정보공학부(전파융합공학전공),,,True,True,True
한국해양대학교,해양과학기술융합대학,제어자동화공학부(IT융합전공),,,True,True,True
한국해양대학교,해양인문사회과학대학,해양경영경제학부(국제무역전공),,,True,True,True
한국해양대학교,해양인문사회과학대학,해양경영경제학부(경제전공),,,True,True,True
한국해양대학교,해양인문사회과학대학,해사법정학부(국제관계학전공),,,True,True,True
한국해양대학교,해양인문사회과학대학,"해사법정학부(법학전공, 해사법전공)",,,True,True,True
세명대학교,인문예술대학,시각・영상디자인학과,,,True,True,True
세명대학교,인문예술대학,실내디자인학과,,,True,True,True
세명대학교,인문예술대학,산업디자인학과,,,True,True,True
한국해양대학교,해양인문사회과학대학,글로벌해양인문학부(동아시아문화전공),,,True,True,True
한국해양대학교,해양인문사회과학대학,글로벌해양인문학부(해양영어영문학전공),,,True,True,True
한국해양대학교,해양인문사회과학대학,해사법정학부(해양행정학전공),,,True,True,True
세명대학교,인문예술대학,공연영상학부,,,True,True,True
한국해양대학교,해양인문사회과학대학,해양경영경제학부(해운경영전공),,,True,True,True
한국해양대학교,해양인문사회과학대학,해양경영경제학부(해양정보・금융전공),,,True,True,True
한국해양대학교,해양과학기술융합대학,물류・환경・도시인프라공학부(건설공학전공),,,True,True,True
한국해양대학교,해양과학기술융합대학,물류・환경・도시인프라공학부(환경공학전공),,,True,True,True
한국해양대학교,해양과학기술융합대학,물류・환경・도시인프라공학부(물류시스템공학전공),,,True,True,True
세명대학교,한의과대학,빅데이터의료융합학,,,True,True,True
세명대학교,보건바이오대학,동물보건의료융합학,,,True,True,True
한국해양대학교,해양과학기술융합대학,해양스포츠과학과,,,True,True,True
세명대학교,사회과학대학,경찰학과,,,True,True,True
세명대학교,보건바이오대학,동물바이오헬스학과,,,True,True,True
한국폴리텍 IV 대학 청주캠퍼스,단과대구분없음,스마트팩토리ICT융합과,,,True,True,True
한국체육대학교,스포츠문화예술대학,공연예술학과,,,True,True,True
한국체육대학교,스포츠문화예술대학,태권도학과,,,True,True,True
한국체육대학교,생활체육대학,스포츠산업학과,,,True,True,True
한국체육대학교,스포츠과학대학,경기지도학과,,,True,True,True
동덕여자대학교,문화지식융합대학,HCI사이언스전공,,,True,True,True
단국대학교,음악‧예술대학,음악학부 피아노전공,,,True,True,True
동덕여자대학교,미래인재융합대학,금융융합경영학과,,,True,True,True
단국대학교,음악‧예술대학,음악학부 관현악전공,,,True,True,True
부산디지털대학교,단과대구분없음,영상크리에이터학과,,,True,True,True
강남대학교,글로벌인재대학,글로벌문화학부,,,True,True,True
상명대학교,융합공과대학,SW융합학부 지능IOT융합전공,,,True,True,True
건양사이버대학교,단과대구분없음,IT비즈니스학과,,,True,True,True
극동대학교,융합대학,융합학과,,,True,True,True
극동대학교,인재개발대학,글로벌문화콘텐츠학과,,,True,True,True
동덕여자대학교,문화지식융합대학,문화예술경영전공,,,True,True,True
부산디지털대학교,단과대구분없음,외식산업경영학과,,,True,True,True
부산디지털대학교,단과대구분없음,심리치료학과,,,True,True,True
부산디지털대학교,단과대구분없음,가족청소년상담학과,,,True,True,True
광주대학교,인문사회과학대학,사이버보안경찰학과,,,True,True,True
제주대학교,사회과학대학,언론홍보학과,,,True,True,True
세명대학교,인문예술대학,패션디자인학과,,,True,True,True
세종대학교,소프트웨어융합대학,인공지능학과,,,True,True,True
부산외국어대학교,아시아대학,인도네시아・말레이시아학과,,,True,True,True
창원대학교,미래융합대학,신산업융합경영학과(야),,,True,True,True
창원대학교,미래융합대학,문화테크노학과,,,True,True,True
세한대학교,단과대구분없음,휴먼서비스학과,,,True,True,True
한국국제대학교,공과대학,항공기계자동차공학과,,,True,True,True
부산가톨릭대학교,단과대구분없음,기타모집단위,,,True,True,True
한국국제대학교,생활문화대학,영양조리학부,,,True,True,True
한국외국어대학교,단과대구분없음,글로벌스포츠산업전공,,,True,True,True
한국외국어대학교,단과대구분없음,글로벌스포츠산업학부,,,True,True,True
한국폴리텍 V 대학 광주캠퍼스,단과대구분없음,기계시스템과(기계시스템설계),,,True,True,True
상명대학교,융합기술대학,그린스마트시티학과,,,True,True,True
충남대학교,공과대학,자율운항시스템공학과,,,True,True,True
한신대학교,미래융합인재대학,국제지역학전공,,,True,True,True
한신대학교,IT대학,소프트웨어융합학전공,,,True,True,True
한신대학교,미래융합인재대학,정책학전공,,,True,True,True
한국외국어대학교,아시아언어문화대학,페르시아어・이란학과,,,True,True,True
한국외국어대학교,공과대학,컴퓨터공학전공,,,True,True,True
한국외국어대학교,공과대학,컴퓨터공학부,,,True,True,True
한국국제대학교,체육대학,경기지도학과,,,True,True,True
한국국제대학교,체육대학,스포츠재활운동학과,,,True,True,True
한국국제대학교,사회과학대학,도시재생학과,,,True,True,True
광주여자대학교,단과대구분없음,항공보안경호학과,,,True,True,True
중부대학교,단과대구분없음,미래자동차융합공학과,,,True,True,True
한국폴리텍 특성화대학 로봇캠퍼스,단과대구분없음,로봇IT과,,,True,True,True
유원대학교,단과대구분없음,문화복지융합학과,,,True,True,True
경동대학교,단과대구분없음,스마트컴퓨팅학전공,,,True,True,True
경동대학교,단과대구분없음,국제호텔경영학전공,,,True,True,True
경동대학교,단과대구분없음,한국학전공,,,True,True,True
연세대학교(미래),소프트웨어디지털헬스케어융합대학,보건행정학전공,,,True,True,True
연세대학교(미래),반도체시스템공학부,반도체시스템공학부,,,True,True,True
차의과학대학교,건강과학대학,AI보건의료학부,,,True,True,True
서울사이버대학교,디자인대학,뷰티디자인학과,,,True,True,True
루터대학교,단과대구분없음,디아코니아학부(언어치료학전공),,,True,True,True
대구한의대학교,웰니스융합대학,스마트IT융합학부,,,True,True,True
경성대학교,생명보건대학,식품생명공학과,,,True,True,True
경북대학교,단과대구분없음,융합학부 수소 및 신재생에너지전공,,,True,True,True
경북대학교,단과대구분없음,융합학부 로봇및스마트시스템공학전공,,,True,True,True
연세대학교(미래),소프트웨어디지털헬스케어융합대학,보건의료정보관리학전공,,,True,True,True
한림대학교,글로벌융합대학,기후변화융합전공,,,True,True,True
한국외국어대학교,융합인재대학,융합인재학부,,,True,True,True
경북대학교,단과대구분없음,융합학부 의생명융합공학전공,,,True,True,True
경상국립대학교,인문사회과학대학,사회복지학과,,,True,True,True
경상국립대학교,인문사회과학대학,아동가족학과,,,True,True,True
경상국립대학교,인문사회과학대학,교양학부,,,True,True,True
경상국립대학교,인문사회과학대학,영어학과,,,True,True,True
경상국립대학교,융합기술공과대학,전자공학전공,,,True,True,True
경상국립대학교,융합기술공과대학,IoT융합시스템전공,,,True,True,True
경상국립대학교,융합기술공과대학,융합전자공학부,,,True,True,True
경상국립대학교,융합기술공과대학,스마트전력공학전공,,,True,True,True
경상국립대학교,융합기술공과대학,컴퓨터공학부(빅데이터전공),,,True,True,True
경상국립대학교,융합기술공과대학,메카트로닉스공학부,,,True,True,True
경상국립대학교,융합기술공과대학,메카트로닉스공학전공,,,True,True,True
경상국립대학교,융합기술공과대학,스마트자동화시스템전공,,,True,True,True
경상국립대학교,융합기술공과대학,항공기계시스템전공,,,True,True,True
경상국립대학교,융합기술공과대학,정밀기계시스템전공,,,True,True,True
경상국립대학교,융합기술공과대학,컴퓨터공학부(컴퓨터소프트웨어전공),,,True,True,True
경상국립대학교,융합기술공과대학,기계공학부,,,True,True,True
경상국립대학교,융합기술공과대학,에너지공학과,,,True,True,True
경상국립대학교,융합기술공과대학,자동차공학과,,,True,True,True
경상국립대학교,생명과학대학,스마트농산업학과,,,True,True,True
경상국립대학교,생명과학대학,항노화신소재과학과,,,True,True,True
경상국립대학교,생명과학대학,원예과학과,,,True,True,True
경상국립대학교,생명과학대학,동물생명과학과,,,True,True,True
경상국립대학교,생명과학대학,산림자원학과,,,True,True,True
경상국립대학교,생명과학대학,간호학과,,,True,True,True
경상국립대학교,생명과학대학,식품과학부 식품생명공학전공,,,True,True,True
경상국립대학교,생명과학대학,식품과학부 영양학전공,,,True,True,True
경상국립대학교,생명과학대학,제약공학과,,,True,True,True
경상국립대학교,생명과학대학,동물소재공학과,,,True,True,True
경상국립대학교,상경대학,스마트유통물류학과,,,True,True,True
경상국립대학교,상경대학,회계학과,,,True,True,True
경상국립대학교,상경대학,경영학과,,,True,True,True
경상국립대학교,상경대학,경제학과,,,True,True,True
경상국립대학교,상경대학,글로벌무역통상학과,,,True,True,True
경상국립대학교,본부대학,휴먼헬스케어학과,,,True,True,True
경상국립대학교,건설환경공과대학,텍스타일디자인학과,,,True,True,True
경상국립대학교,건설환경공과대학,건축학과(5),,,True,True,True
경상국립대학교,건설환경공과대학,환경공학과,,,True,True,True
경상국립대학교,건설환경공과대학,건축공학과,,,True,True,True
경상국립대학교,건설환경공과대학,조경학과,,,True,True,True
경상국립대학교,건설환경공과대학,인테리어재료공학과,,,True,True,True
경상국립대학교,건설환경공과대학,토목공학과,,,True,True,True
경북대학교,단과대구분없음,융합학부 인공지능전공,,,True,True,True
한경국립대학교,단과대구분없음,AI스마트팜융합전공,,,True,True,True
한경국립대학교,단과대구분없음,스마트헬스케어융합전공,,,True,True,True
명지대학교,미래융합대학,웹툰콘텐츠학과,,,True,True,True
명지대학교,미래융합대학,미용예술학과,,,True,True,True
한국폴리텍 V 대학 전북캠퍼스,단과대구분없음,기계시스템과(ICT기계가공),,,True,True,True
연세대학교(미래),과학기술융합대학,생명과학기술학전공,,,True,True,True
대구한의대학교,재활보건대학,안전보건전공,,,True,True,True
한서대학교,Hans 국제항공대학,항공운항학과,,,True,True,True
강남대학교,ICT건설공과대학,부동산건설학부,,,True,True,True
건양사이버대학교,단과대구분없음,융합계열,,,True,True,True
한국해양대학교,해양과학기술융합대학,조선해양플랜트융합학과,,,True,True,True
한국해양대학교,해양과학기술융합대학,스마트선박융합전공,,,True,True,True
한국해양대학교,해양인문사회과학대학,법무비즈니스학부(부동산법전공),,,True,True,True
한국해양대학교,해양인문사회과학대학,법무비즈니스학부(법무비즈니스전공),,,True,True,True
한국해양대학교,해양인문사회과학대학,법무비즈니스학부,,,True,True,True
한국해양대학교,해양인문사회과학대학,교직과,,,True,True,True
한국해양대학교,해양인문사회과학대학,경제산업학부,,,True,True,True
한경국립대학교,단과대구분없음,AI융합학부,,,True,True,True
평택대학교,단과대구분없음,기타모집단위,,,True,True,True
한경국립대학교,단과대구분없음,AI빅데이터융합전공,,,True,True,True
경주대학교,의료복지생활문화대학,생활체육전공,,,True,True,True
신한대학교,평생학습중심대학,기후환경에너지공학과,,,True,True,True
연세대학교(미래),소프트웨어디지털헬스케어융합대학,디지털헬스케어전공,,,True,True,True
대전대학교,미래융합대학,정보보안학과,,,True,True,True
인하대학교,단과대구분없음,컴퓨터공학과,,,True,True,True
대구가톨릭대학교,프란치스코칼리지,국제한국어전공,,,True,True,True
대구가톨릭대학교,프란치스코칼리지,바이오・화학・의약융합전공,,,True,True,True
대구가톨릭대학교,프란치스코칼리지,환대산업경영전공,,,True,True,True
대구가톨릭대학교,프란치스코칼리지,정보기술경영전공,,,True,True,True
호남대학교,AI융합대학,전기자동차전공,,,True,True,True
호남대학교,AI융합대학,전기공학과,,,True,True,True
호남대학교,AI융합대학,자율주행AI전공,,,True,True,True
호남대학교,AI교양대학,융합학부,,,True,True,True
호남대학교,사회경영대학,유아교육학과,,,True,True,True
호남대학교,사회경영대학,영어영문학과,,,True,True,True
호남대학교,문화예술체육대학,연극뮤지컬음악전공,,,True,True,True
호남대학교,사회경영대학,신문방송학과,,,True,True,True
호남대학교,문화예술체육대학,스포츠레저학과,,,True,True,True
호남대학교,AI융합대학,소프트웨어학과,,,True,True,True
호남대학교,사회경영대학,소방행정학과,,,True,True,True
호남대학교,사회경영대학,상담심리학과,,,True,True,True
호남대학교,문화예술체육대학,산업디자인학과,,,True,True,True
호남대학교,사회경영대학,사회복지학과,,,True,True,True
호남대학교,문화예술체육대학,뷰티미용학과,,,True,True,True
호남대학교,문화예술체육대학,미디어영화영상제작전공,,,True,True,True
호남대학교,문화예술체육대학,미디어영상공연학과,,,True,True,True
호남대학교,사회경영대학,무역학전공,,,True,True,True
호남대학교,AI교양대학,교양학부,,,True,True,True
호남대학교,사회경영대학,경영학전공,,,True,True,True
호남대학교,문화예술체육대학,e스포츠산업학과,,,True,True,True
호남대학교,AI융합대학,건축학과,,,True,True,True
호남대학교,사회경영대학,경영학부,,,True,True,True
호남대학교,사회경영대학,경찰행정학과,,,True,True,True
호남대학교,사회경영대학,관광경영학과,,,True,True,True
호남대학교,문화예술체육대학,만화애니메이션학과,,,True,True,True
호남대학교,AI융합대학,미래자동차공학부,,,True,True,True
호남대학교,사회경영대학,행정학과,,,True,True,True
호남대학교,사회경영대학,항공서비스학과,,,True,True,True
호남대학교,사회경영대학,한국어학과,,,True,True,True
호남대학교,문화예술체육대학,패션디자인학과,,,True,True,True
호남대학교,AI융합대학,토목환경공학과,,,True,True,True
호남대학교,문화예술체육대학,태권도경호학과,,,True,True,True
호남대학교,AI융합대학,컴퓨터공학과,,,True,True,True
호남대학교,문화예술체육대학,축구학과,,,True,True,True
호남대학교,사회경영대학,중국어학과,,,True,True,True
호남대학교,AI융합대학,조경학과,,,True,True,True
호남대학교,AI융합대학,정보통신공학과,,,True,True,True
호남대학교,AI융합대학,전자공학과,,,True,True,True
부산외국어대학교,상경대학,글로벌비즈니스학과,,,True,True,True
호남대학교,사회경영대학,호텔경영학과,,,True,True,True
한국항공대학교,AI융합대학,스마트드론공학과,,,True,True,True
한국항공대학교,AI융합대학,소프트웨어학과,,,True,True,True
광주여자대학교,단과대구분없음,자율전공학부 2,,,True,True,True
광주여자대학교,단과대구분없음,자율전공학부 1,,,True,True,True
칼빈대학교,단과대구분없음,아동・복지상담학과,,,True,True,True
칼빈대학교,단과대구분없음,실용음악과,,,True,True,True
칼빈대학교,단과대구분없음,교회음악과,,,True,True,True
칼빈대학교,단과대구분없음,아동보육학과,,,True,True,True
칼빈대학교,단과대구분없음,복지상담학과,,,True,True,True
칼빈대학교,단과대구분없음,목회비서학과,,,True,True,True
전북대학교,상과대학,지역산업학과,,,True,True,True
전북대학교,농업생명과학대학,에코농산업벤처시스템학과,,,True,True,True
칼빈대학교,단과대구분없음,아동청소년복지상담학과,,,True,True,True
칼빈대학교,단과대구분없음,영유아보육학과,,,True,True,True
칼빈대학교,단과대구분없음,글로벌문화산업경영학과,,,True,True,True
광주과학기술원,단과대구분없음,화학과,,,True,True,True
광주과학기술원,단과대구분없음,물리・광과학과,,,True,True,True
광주과학기술원,단과대구분없음,생명과학부,,,True,True,True
광주과학기술원,단과대구분없음,지구환경공학부,,,True,True,True
광주과학기술원,단과대구분없음,기계공학부,,,True,True,True
광주과학기술원,단과대구분없음,신소재공학부,,,True,True,True
광주과학기술원,단과대구분없음,전기전자컴퓨터공학부,,,True,True,True
칼빈대학교,단과대구분없음,신학부,,,True,True,True
대진대학교,휴먼IT공과대학,IT융합학부,,,True,True,True
성균관대학교,소프트웨어융합대학,글로벌융합학부,,,True,True,True
성균관대학교,소프트웨어융합대학,소프트웨어학과,,,True,True,True
강남대학교,복지융합대학,음악학과,,,True,True,True
강남대학교,ICT건설공과대학,산업시스템공학과,,,True,True,True
강남대학교,ICT건설공과대학,부동산학과,,,True,True,True
강남대학교,ICT건설공과대학,문헌정보학과,,,True,True,True
강남대학교,ICT건설공과대학,도시공학과,,,True,True,True
강남대학교,ICT건설공과대학,건축공학과,,,True,True,True
강남대학교,ICT건설공과대학,응용수학과,,,True,True,True
강남대학교,ICT건설공과대학,전자공학과,,,True,True,True
강남대학교,ICT건설공과대학,컴퓨터미디어정보공학부,,,True,True,True
강남대학교,ICT건설공과대학,IoT전자공학과,,,True,True,True
강남대학교,ICT건설공과대학,산업데이터사이언스학부,,,True,True,True
강남대학교,ICT건설공과대학,소프트웨어응용학부,,,True,True,True
조선대학교,글로벌인문대학,K-컬쳐공연・기획학과,,,True,True,True
조선대학교,글로벌인문대학,영어과,,,True,True,True
조선대학교,자연과학.공공보건안전대학,기초의과학부,,,True,True,True
조선대학교,법사회대학,글로벌법학과,,,True,True,True
조선대학교,글로벌인문대학,유럽언어문화학부(러시아어전공),,,True,True,True
전북대학교,글로벌융합대학,공공인재학부,,,True,True,True
전북대학교,글로벌융합대학,국제인문사회학부,,,True,True,True
전북대학교,글로벌융합대학,국제이공학부,,,True,True,True
조선대학교,글로벌인문대학,아시아언어문화학부(중국어문화학전공),,,True,True,True
조선대학교,글로벌인문대학,아시아언어문화학부(철학전공),,,True,True,True
조선대학교,글로벌인문대학,유럽언어문화학부(스페인어전공),,,True,True,True
조선대학교,글로벌인문대학,유럽언어문화학부(독일어문화학전공),,,True,True,True
극동대학교,호텔관광대학,호텔・관광경영학과,,,True,True,True
동덕여자대학교,자연정보과학대학,정보통계학과,,,True,True,True
동덕여자대학교,자연정보과학대학,컴퓨터학과,,,True,True,True
동덕여자대학교,자연정보과학대학,체육학과,,,True,True,True
동덕여자대학교,자연정보과학대학,화장품학전공,,,True,True,True
동덕여자대학교,자연정보과학대학,응용화학전공,,,True,True,True
동덕여자대학교,자연정보과학대학,보건관리학과,,,True,True,True
동덕여자대학교,자연정보과학대학,식품영양학과,,,True,True,True
조선대학교,글로벌인문대학,아시아언어문화학부(아랍어전공),,,True,True,True
전북대학교,글로벌융합대학,융합학부(IAB융합전공),,,True,True,True
전북대학교,글로벌융합대학,융합학부(예술융합창작전공),,,True,True,True
추계예술대학교,단과대구분없음,국제학부(예술),,,True,True,True
용인대학교,보건복지과학대학,산업환경보건학과,,,True,True,True
호남대학교,문화예술체육대학,미술학과,,,True,True,True
호남대학교,AI융합대학,인터넷소프트웨어학과,,,True,True,True
호남대학교,사회경영대학,문화산업경영학과,,,True,True,True
호남대학교,사회경영대학,법학과,,,True,True,True
호남대학교,사회경영대학,일본어학과,,,True,True,True
성균관대학교,소프트웨어융합대학,소프트웨어융합대학,,,True,True,True
성균관대학교,소프트웨어융합대학,컴퓨터공학과,,,True,True,True
성균관대학교,소프트웨어융합대학,컬처앤테크놀로지융합전공,,,True,True,True
성균관대학교,소프트웨어융합대학,인공지능융합전공,,,True,True,True
성균관대학교,소프트웨어융합대학,데이터사이언스융합전공,,,True,True,True
동명대학교,AI융합대학,정보통신소프트웨어공학과,,,True,True,True
가톨릭꽃동네대학교,단과대구분없음,기타모집단위,,,True,True,True
서울한영대학교,단과대구분없음,기타모집단위,,,True,True,True
동덕여자대학교,문화지식융합대학,미래융합학부,,,True,True,True
동덕여자대학교,디자인대학,디자인계열,,,True,True,True
동덕여자대학교,예술대학,음악계열,,,True,True,True
동덕여자대학교,예술대학,미술계열,,,True,True,True
동덕여자대학교,자연정보과학대학,정보계열,,,True,True,True
동덕여자대학교,자연정보과학대학,자연계열,,,True,True,True
동덕여자대학교,사회과학대학,사회계열,,,True,True,True
동덕여자대학교,사회과학대학,상경계열,,,True,True,True
동덕여자대학교,인문대학,어학계열,,,True,True,True
동덕여자대학교,인문대학,인문계열,,,True,True,True
루터대학교,단과대구분없음,기타모집단위,,,True,True,True
부산외국어대학교,아시아대학,한국어문화학부(한국언어문화전공),,,True,True,True
고려대학교(세종),단과대구분없음,스마트도시학부,,,True,True,True
신한대학교,평생학습중심대학,사회복지상담학과,,,True,True,True
목원대학교,문화콘텐츠대학,글로벌비즈니스영어전공,,,True,True,True
화신사이버대학교,단과대구분없음,사회서비스계열,,,True,True,True
한경국립대학교,단과대구분없음,기타모집단위,,,True,True,True
신한대학교,리나시타교양대학,리나시타교양대학,,,True,True,True
서울여자대학교,아트앤디자인스쿨,첨단미디어디자인전공,,,True,True,True
경기대학교,예술체육대학,입체조형학과,,,True,True,True
목포대학교,단과대구분없음,교양학부,,,True,True,True
순천향대학교,SW융합대학,정보보호학과,,,True,True,True
순천향대학교,SW융합대학,컴퓨터소프트웨어공학과,,,True,True,True
동국대학교(WISE),간호대학,간호학과,,,True,True,True
조선대학교,글로벌인문대학,K-컬처공연・기획학과,,,True,True,True
한신대학교,휴먼서비스대학,평생교육학・HRD연계전공,,,True,True,True
충북대학교,전자정보대학,미래자동차공학과,,,True,True,True
경남대학교,교양융합대학,공동체혁신전공,,,True,True,True
경남대학교,교양융합대학,스마트도시건설전공,,,True,True,True
경남대학교,교양융합대학,스마트제조ICT전공,,,True,True,True
경남대학교,교양융합대학,빅데이터융합학전공,,,True,True,True
경남대학교,교양융합대학,지능로봇전공,,,True,True,True
경남대학교,교양융합대학,스마트기계설계해석전공,,,True,True,True
경남대학교,교양융합대학,SW응용학전공,,,True,True,True
경남대학교,교양융합대학,고전강독학전공,,,True,True,True
경남대학교,교양융합대학,탐정학전공,,,True,True,True
경남대학교,교양융합대학,USG융합학부,,,True,True,True
순천향대학교,창의라이프대학,화학공학과,,,True,True,True
순천향대학교,창의라이프대학,자동차산업공학과,,,True,True,True
순천향대학교,창의라이프대학,융합바이오화학공학과,,,True,True,True
순천향대학교,창의라이프대학,융합기계학과,,,True,True,True
순천향대학교,창의라이프대학,영유아학과,,,True,True,True
순천향대학교,창의라이프대학,신뢰성품질공학과,,,True,True,True
순천향대학교,창의라이프대학,스마트팩토리공학과,,,True,True,True
순천향대학교,창의라이프대학,스마트모빌리티공학과,,,True,True,True
순천향대학교,창의라이프대학,산업경영공학과,,,True,True,True
한림대학교,글로벌융합대학,글로벌비즈니스전공,,,True,True,True
순천향대학교,창의라이프대학,메카트로닉스공학과,,,True,True,True
동명대학교,단과대구분없음,IP창업융합학과,,,True,True,True
동명대학교,단과대구분없음,글로벌비즈니스융합학과,,,True,True,True
아주대학교,다산학부대학,글로벌교양학부,,,True,True,True
성결대학교,글로벌경영기술대학,스마트무역물류학과,,,True,True,True
인하대학교,예술체육대학,조형예술학과,,,True,True,True
인하대학교,소프트웨어융합대학,컴퓨터공학과,,,True,True,True
인하대학교,소프트웨어융합대학,디자인테크놀로지학과,,,True,True,True
인하대학교,소프트웨어융합대학,스마트모빌리티공학과,,,True,True,True
인하대학교,소프트웨어융합대학,데이터사이언스학과,,,True,True,True
인하대학교,예술체육대학,의류디자인학과,,,True,True,True
인하대학교,예술체육대학,연극영화학과,,,True,True,True
인하대학교,예술체육대학,스포츠과학과,,,True,True,True
인하대학교,예술체육대학,디자인융합학과,,,True,True,True
한국폴리텍 I 대학 제주캠퍼스,단과대구분없음,소프트웨어융합디자인과,,,True,True,True
세명대학교,인문예술대학,엔터테인먼트디자인학과,,,True,True,True
한국항공대학교,AI융합대학,AI융합학부,,,True,True,True
경남대학교,교양융합대학,E-mobility전공,,,True,True,True
연세대학교(미래),글로벌창의융합대학,재활보건학전공,,,True,True,True
연세대학교(미래),글로벌창의융합대학,의료영상및방사선과학전공,,,True,True,True
중앙대학교,창의ICT공과대학,차세대반도체학과,,,True,True,True
연세대학교(미래),글로벌창의융합대학,디지털미디어디자인전공,,,True,True,True
전북대학교,글로벌융합대학,융합학부(에너지신산업전공),,,True,True,True
부산대학교,단과대구분없음,EES융합전공,,,True,True,True
연세대학교(미래),글로벌창의융합대학,구강보건학전공,,,True,True,True
연세대학교(미래),글로벌창의융합대학,글로벌산업경영전공,,,True,True,True
광주대학교,인문사회과학대학,경찰・법・행정학부,,,True,True,True
광주대학교,인문사회대학,경찰・법・행정학부,,,True,True,True
한림대학교,글로벌융합대학,AI범죄수사융합전공,,,True,True,True
한국해양대학교,해양과학기술융합대학,해양미래도시융합전공,,,True,True,True
인하대학교,예술체육대학,예술체육대학,,,True,True,True
강원대학교,예술대학,산업디자인학과,,,True,True,True
동덕여자대학교,문화지식융합대학,문화지식융합대학,,,True,True,True
송원대학교,단과대구분없음,기타모집단위,,,True,True,True
신라대학교,인문・상경대학,역사문화학과,,,True,True,True
영산대학교,단과대구분없음,글로벌학부,,,True,True,True
한국폴리텍 IV 대학 아산캠퍼스,단과대구분없음,자동차융합기계과,,,True,True,True
강원대학교,공학대학,건축학전공(5년제),,,True,True,True
신라대학교,인문・상경대학,문예창작비평학과,,,True,True,True
우석대학교,자율전공대학,자율전공학부(진천),,,True,True,True
우석대학교,자율전공대학,자율전공학부(전주),,,True,True,True
신라대학교,인문・상경대학,관광경영학과,,,True,True,True
신라대학교,인문・상경대학,경영학과,,,True,True,True
신라대학교,인문・상경대학,일본어일본학과,,,True,True,True
신라대학교,인문・상경대학,문헌정보학과,,,True,True,True
신라대학교,인문・상경대학,행정공무원학과,,,True,True,True
신라대학교,인문・상경대학,경찰행정학과,,,True,True,True
대전대학교,디자인ㆍ아트대학,뷰티디자인학과,,,True,True,True
신라대학교,인문・상경대학,광고홍보학과,,,True,True,True
홍익대학교,과학기술대학,나노신소재학과,,,True,True,True
남서울대학교,글로벌상경대학,영어과,,,True,True,True
남서울대학교,글로벌상경대학,중국학과,,,True,True,True
남서울대학교,글로벌상경대학,일어일문학과,,,True,True,True
신라대학교,항공대학,항공물류학과,,,True,True,True
한국폴리텍 IV 대학 아산캠퍼스,단과대구분없음,방송미디어과,,,True,True,True
한국폴리텍 VI 대학 영주캠퍼스,단과대구분없음,AI융합전자과,,,True,True,True
신라대학교,보건복지대학,제약공학과,,,True,True,True
서경대학교,공연예술대학,무용예술학부,,,True,True,True
한국폴리텍 VII 대학 창원캠퍼스,단과대구분없음,금형가공시스템과,,,True,True,True
성결대학교,글로벌경영기술대학,글로벌물류학부,,,True,True,True
서경대학교,공연예술대학,뮤지컬전공,,,True,True,True
서경대학교,사회과학대학,아동학과,,,True,True,True
서경대학교,디자인&영상대학,영화영상학과,,,True,True,True
서경대학교,디자인&영상대학,시각정보디자인전공,,,True,True,True
서경대학교,디자인&영상대학,생활문화디자인전공,,,True,True,True
서경대학교,디자인&영상대학,디자인학부,,,True,True,True
서경대학교,공연예술대학,피아노전공,,,True,True,True
서경대학교,공연예술대학,음악학부,,,True,True,True
서경대학교,공연예술대학,연출전공,,,True,True,True
서경대학교,공연예술대학,연기전공,,,True,True,True
서경대학교,공연예술대학,실용음악학부,,,True,True,True
서경대학교,공연예술대학,무대패션전공,,,True,True,True
서경대학교,공연예술대학,무대기술전공,,,True,True,True
서경대학교,공연예술대학,모델연기전공,,,True,True,True
서경대학교,공연예술대학,관현악전공,,,True,True,True
서경대학교,공연예술대학,공연예술학부,,,True,True,True
충북대학교,바이오헬스공유대학,화장품산업학과,,,True,True,True
충북대학교,바이오헬스공유대학,천연물소재학과,,,True,True,True
충북대학교,바이오헬스공유대학,제약바이오학과,,,True,True,True
충북대학교,자연과학대학,생명과학과,,,True,True,True
충북대학교,전자정보대학,소프트웨어학부,,,True,True,True
영산대학교,단과대구분없음,글로벌디자인전공,,,True,True,True
영산대학교,단과대구분없음,비즈니스법전공,,,True,True,True
영산대학교,단과대구분없음,K-비즈니스전공,,,True,True,True
영산대학교,단과대구분없음,한・베트남통역전공,,,True,True,True
영산대학교,Art&Technology대학,게임VR학부,,,True,True,True
대전대학교,혜화리버럴아츠컬리지,생명과학전공,,,True,True,True
대전대학교,혜화리버럴아츠컬리지,국어국문창작학전공,,,True,True,True
대전대학교,경영대학,비즈니스일본어학과,,,True,True,True
대전대학교,디지털미래융합대학,정보보안학과,,,True,True,True
대전대학교,디지털미래융합대학,빅데이터학과,,,True,True,True
숭실대학교,공과대학,산업・정보시스템공학과,,,True,True,True
숭실대학교,공과대학,유기신소재・파이버공학과,,,True,True,True
우석대학교,문화사회대학,경찰학과,,,True,True,True
전주대학교,미래융합대학,기술경영공학과,,,True,True,True
전주대학교,미래융합대학,문화콘텐츠학과,,,True,True,True
우석대학교,과학기술대학,토목재난안전공학과,,,True,True,True
우석대학교,식품과학대학,호텔외식조리학과,,,True,True,True
한국폴리텍 III 대학 춘천캠퍼스,단과대구분없음,전기과(융합제어),,,True,True,True
극동대학교,항공대학,항공기계전공,,,True,True,True
극동대학교,항공대학,항공전자전공,,,True,True,True
극동대학교,미래교양대학,미래교양대학,,,True,True,True
우석대학교,문화사회대학,뮤지컬학과,,,True,True,True
강원대학교,산림환경과학대학,목재・종이과학부,,,True,True,True
극동대학교,호텔관광대학,글로벌호텔경영학과,,,True,True,True
극동대학교,인재개발대학,초등특수교육전공,,,True,True,True
극동대학교,인재개발대학,중등특수교육전공,,,True,True,True
극동대학교,과학기술대학,글로벌반도체공학과,,,True,True,True
명지대학교,인문대학,글로벌아시아문화학과,,,True,True,True
명지대학교,예술체육대학,예술학부(아트앤멀티미디어작곡전공),,,True,True,True
명지대학교,인문대학,글로벌한국어학과,,,True,True,True
강원대학교,인문사회‧디자인스포츠대학,관광전공,,,True,True,True
강원대학교,공학대학,AI소프트웨어학과,,,True,True,True
우석대학교,과학기술대학,군사기술학과,,,True,True,True
국민대학교,사회과학대학,미디어·광고학부,,,True,True,True
국민대학교,사회과학대학,일본학과,,,True,True,True
국민대학교,사회과학대학,러시아・유라시아학과,,,True,True,True
국민대학교,창의공과대학,지능형반도체융합전자전공,,,True,True,True
한국폴리텍 VI 대학 구미캠퍼스,단과대구분없음,AI전자과,,,True,True,True
한국폴리텍 VI 대학 구미캠퍼스,단과대구분없음,AI소프트웨어과,,,True,True,True
국민대학교,창의공과대학,기계공학전공,,,True,True,True
우석대학교,문화사회대학,항공관광학과,,,True,True,True
우석대학교,보건복지대학,재활상담학과,,,True,True,True
우석대학교,보건복지대학,아동사회복지학부,,,True,True,True
영산대학교,단과대구분없음,EGL전공,,,True,True,True
영산대학교,미래융합대학,연계전공학부(웰빙조리창업전공),,,True,True,True
영산대학교,성심교양대학,자유전공학부,,,True,True,True
영산대학교,미래융합대학,연계전공학부(미용건강관리전공),,,True,True,True
영산대학교,호텔관광대학,호텔・컨벤션학부,,,True,True,True
영산대학교,호텔관광대학,호텔・컨벤션학부(호텔경영전공),,,True,True,True
영산대학교,호텔관광대학,호텔・컨벤션학부(전시컨벤션관광전공),,,True,True,True
영산대학교,창조인재대학,경찰행정학부(해양경찰전공),,,True,True,True
영산대학교,창조인재대학,경찰행정학부(경찰행정전공),,,True,True,True
영산대학교,Art&Technology대학,웹툰학과,,,True,True,True
영산대학교,스마트공과대학,드론공간정보공학과,,,True,True,True
영산대학교,창조인재대학,해운항공・드론물류학과,,,True,True,True
영산대학교,창조인재대학,동양무예학과,,,True,True,True
영산대학교,창조인재대학,태권도학과,,,True,True,True
남서울대학교,공과대학,빅데이터경영공학과,,,True,True,True
대전대학교,공과대학,에너지신소재공학과,,,True,True,True
대구사이버대학교,단과대구분없음,인플루언서학과,,,True,True,True
신라대학교,항공대학,항공교통관리학과,,,True,True,True
신라대학교,MICT융합공과대학,융합기계공학과,,,True,True,True
신라대학교,MICT융합공과대학,전기전자공학과,,,True,True,True
신라대학교,MICT융합공과대학,컴퓨터공학부,,,True,True,True
신라대학교,디자인대학,디자인・미술학부,,,True,True,True
신라대학교,보건복지대학,소방안전학과,,,True,True,True
신라대학교,보건복지대학,반려동물학과,,,True,True,True
신라대학교,보건복지대학,식품영양조리학부,,,True,True,True
숭실사이버대학교,단과대구분없음,금융자산관리학과,,,True,True,True
숭실사이버대학교,단과대구분없음,음악학과,,,True,True,True
목포대학교,자연과학대학,반도체응용물리학과,,,True,True,True
국민대학교,경영대학,AI빅데이터융합경영학과,,,True,True,True
강원대학교,사회과학대학,미디어커뮤니케이션학과,,,True,True,True
강원대학교,IT대학,AI융합학과,,,True,True,True
계명대학교,인문국제학대학,영어영문학과,,,True,True,True
강원대학교,산림환경과학대학,목재과학전공,,,True,True,True
강원대학교,산림환경과학대학,종이소재과학전공,,,True,True,True
계명대학교,인문국제학대학,스페인어중남미학과,,,True,True,True
계명대학교,인문국제학대학,러시아중앙아시아학과,,,True,True,True
계명대학교,인문국제학대학,한국어교육전공,,,True,True,True
한양대학교(ERICA),약학대학,약학과(6년제),,,True,True,True
대전대학교,공과대학,건설안전공학과,,,True,True,True
대전대학교,보건의료과학대학,보건의료경영학과,,,True,True,True
대전대학교,디지털미래융합대학,핀테크학과,,,True,True,True
대전대학교,경영대학,비즈니스중국어학과,,,True,True,True
대전대학교,경영대학,비즈니스영어학과,,,True,True,True
대전대학교,혜화리버럴아츠컬리지,글로벌문화콘텐츠학전공,,,True,True,True
대전대학교,혜화리버럴아츠컬리지,역사문화학전공,,,True,True,True
대구예술대학교,단과대구분없음,응용스포츠산업전공,,,True,True,True
우석대학교,과학기술대학,건축인테리어디자인학과,,,True,True,True
한림대학교,미래융합스쿨,글로벌협력전공,,,True,True,True
숭실사이버대학교,단과대구분없음,연예스포츠경영학과,,,True,True,True
대전대학교,경영대학,물류통상학과,,,True,True,True
안동대학교,공과대학,반도체・에너지신소재공학부,,,True,True,True
안동대학교,공과대학,AI융합학과,,,True,True,True
한라대학교,스마트모빌리티융합대학,신소재화학공학과,,,True,True,True
한라대학교,웰니스지역공헌대학,토목공학과,,,True,True,True
우석대학교,문화사회대학,경영학부,,,True,True,True
우석대학교,식품과학대학,식품생명영양학과,,,True,True,True
상지대학교,세종창의교양대학,교양학부,,,True,True,True
상지대학교,보건의료과학대학,정밀화학신소재학과,,,True,True,True
상지대학교,디지털융합공과대학,신에너지・자원공학과,,,True,True,True
상지대학교,디지털융합공과대학,소방공학과,,,True,True,True
국민대학교,소프트웨어융합대학,인공지능학부,,,True,True,True
상지대학교,디지털융합공과대학,반도체・에너지공학과,,,True,True,True
상지대학교,디지털융합공과대학,전자・보안공학부 전자공학전공,,,True,True,True
상지대학교,생명환경융합대학,동물생명자원학부 동물자원학전공,,,True,True,True
상지대학교,생명환경융합대학,동물생명자원학부 동물생명공학전공,,,True,True,True
상지대학교,생명환경융합대학,산림조경학부 환경조경학전공,,,True,True,True
상지대학교,경상대학,글로벌항공서비스학과,,,True,True,True
상지대학교,경상대학,융합관광기획학과,,,True,True,True
상지대학교,경상대학,비즈니스융합학부 기업회계전공,,,True,True,True
상지대학교,경상대학,비즈니스융합학부 무역・물류전공,,,True,True,True
상지대학교,경상대학,경영경제데이터산업학부 IT경영데이터분석전공,,,True,True,True
상지대학교,경상대학,경영경제데이터산업학부 금융경제데이터분석전공,,,True,True,True
상지대학교,세종창의교양대학,자유전공학부,,,True,True,True
상지대학교,글로벌문화융합대학,패션뷰티학부 뷰티화장품전공,,,True,True,True
상지대학교,글로벌문화융합대학,패션뷰티학부 패션디자인전공,,,True,True,True
상지대학교,디지털융합공과대학,건설시스템공학과,,,True,True,True
상지대학교,미래인재대학,도시계획부동산학과,,,True,True,True
상지대학교,글로벌문화융합대학,만화애니메이션학과,,,True,True,True
상지대학교,미래인재대학,법률행정학과,,,True,True,True
상지대학교,미래인재대학,국가안보학부 국제관계학전공,,,True,True,True
상지대학교,미래인재대학,국가안보학부 군사학전공,,,True,True,True
상지대학교,미래인재대학,유아교육학과,,,True,True,True
상지대학교,미래인재대학,미디어영상광고학과,,,True,True,True
상지대학교,미래인재대학,사회복지학과,,,True,True,True
상지대학교,미래인재대학,공공행정학과,,,True,True,True
상지대학교,미래인재대학,경찰법학과,,,True,True,True
상지대학교,글로벌문화융합대학,문화콘텐츠학과,,,True,True,True
상지대학교,글로벌문화융합대학,중국문화산업학과,,,True,True,True
상지대학교,글로벌문화융합대학,영어학과,,,True,True,True
상지대학교,글로벌문화융합대학,한국어문화학과,,,True,True,True
상지대학교,디지털융합공과대학,지구환경공학과,,,True,True,True
상지대학교,디지털융합공과대학,컴퓨터공학과,,,True,True,True
상지대학교,디지털융합공과대학,인공지능융합공학부 정보통신소프트웨어전공,,,True,True,True
상지대학교,디지털융합공과대학,전자・보안공학부 사이버보안공학전공,,,True,True,True
상지대학교,디지털융합공과대학,인공지능융합공학부 스마트자동차전공,,,True,True,True
상지대학교,디지털융합공과대학,인공지능융합공학부 지능형로봇전공,,,True,True,True
상지대학교,디지털융합공과대학,빅데이터사이언스학과,,,True,True,True
상지대학교,생명환경융합대학,스마트팜학과,,,True,True,True
상지대학교,생명환경융합대학,생명과학과,,,True,True,True
상지대학교,생명환경융합대학,산림조경학부 산림과학전공,,,True,True,True
상지대학교,보건의료과학대학,디지털헬스케어학과,,,True,True,True
영산대학교,스마트공과대학,수소시스템공학과,,,True,True,True
계명대학교,경영대학,경영빅데이터전공,,,True,True,True
계명대학교,인문국제학대학,일본어일본학과,,,True,True,True
계명대학교,인문국제학대학,중국어중국학과,,,True,True,True
계명대학교,인문국제학대학,독일유럽학과,,,True,True,True
영산대학교,스마트공과대학,기계・자동차공학과,,,True,True,True
성신여자대학교,지식서비스공과대학,AI융합학부,,,True,True,True
송원대학교,단과대구분없음,항공관광학과,,,True,True,True
송원대학교,단과대구분없음,스포츠지도학과,,,True,True,True
조선대학교,IT융합대학,정보통신공학부(정보보안전공),,,True,True,True
조선대학교,미래사회융합대학,신산업융합학부(소방에너지시스템전공),,,True,True,True
조선대학교,자연과학.공공보건안전대학,융합수리과학부,,,True,True,True
조선대학교,자연과학.공공보건안전대학,자연과학계열,,,True,True,True
조선대학교,글로벌인문대학,국어국문학부(고전번역전공),,,True,True,True
조선대학교,글로벌인문대학,국어국문학부(국어국문학전공),,,True,True,True
조선대학교,글로벌인문대학,국어국문학부,,,True,True,True
한국폴리텍 I 대학 성남캠퍼스,단과대구분없음,AI자동화과,,,True,True,True
한국폴리텍 I 대학 성남캠퍼스,단과대구분없음,IoT소프트웨어과,,,True,True,True
극동대학교,과학기술대학,친환경에너지공학과,,,True,True,True
극동대학교,과학기술대학,AI컴퓨터공학과,,,True,True,True
동서대학교,단과대구분없음,관광계열,,,True,True,True
대전대학교,혜화리버럴아츠컬리지,경제학전공,,,True,True,True
우석대학교,문화사회대학,스포츠마케팅학과,,,True,True,True
신라대학교,단과대구분없음,미래융합학과,,,True,True,True
조선대학교,미래사회융합대학,휴먼융합서비스학부(부동산비즈니스전공),,,True,True,True
조선대학교,미래사회융합대학,신산업융합학부(스마트ICT융합전공),,,True,True,True
목포대학교,공과대학,기계・조선・첨단재료자율전공학부,,,True,True,True
홍익대학교,과학기술대학,소프트웨어융합학과,,,True,True,True
신라대학교,MICT융합공과대학,빅데이터/클라우드전공,,,True,True,True
신라대학교,MICT융합공과대학,컴퓨터공학전공,,,True,True,True
신라대학교,디자인대학,패션디자인학전공,,,True,True,True
신라대학교,디자인대학,산업디자인학전공,,,True,True,True
신라대학교,디자인대학,현대미술학전공,,,True,True,True
신라대학교,디자인대학,주얼리디자인학전공,,,True,True,True
신라대학교,디자인대학,시각디자인학전공,,,True,True,True
신라대학교,보건복지대학,식품조리학전공,,,True,True,True
한국교통대학교,철도대학,AI・데이터공학부,,,True,True,True
동서대학교,바이오헬스융합대학,화장품・신소재학과,,,True,True,True
대전대학교,공과대학,토목환경공학과,,,True,True,True
서원대학교,미디어융합대학,디자인학과,,,True,True,True
서원대학교,미디어융합대학,광고홍보학과,,,True,True,True
상지대학교,디지털융합공과대학,전자・보안공학부,,,True,True,True
상지대학교,생명환경융합대학,동물생명자원학부,,,True,True,True
상지대학교,생명환경융합대학,산림조경학부,,,True,True,True
경희대학교,소프트웨어융합대학,인공지능학과,,,True,True,True
상지대학교,경상대학,비즈니스융합학부,,,True,True,True
상지대학교,경상대학,경영경제데이터산업학부,,,True,True,True
상지대학교,평생교육융합대학,평생교육융합계열,,,True,True,True
상지대학교,글로벌문화융합대학,패션뷰티학부,,,True,True,True
상지대학교,미래인재대학,국가안보학부,,,True,True,True
상지대학교,디지털융합공과대학,인공지능융합공학부,,,True,True,True
상지대학교,디지털융합공과대학,인공지능융합공학부 인공지능전공,,,True,True,True
상지대학교,보건의료과학대학,보건융합계열,,,True,True,True
군산대학교,산학융합공과대학,기계공학부(자동차공학전공),,,True,True,True
군산대학교,산학융합공과대학,기계공학부(기계설계공학전공),,,True,True,True
군산대학교,산학융합공과대학,기계공학부(기계공학전공),,,True,True,True
군산대학교,산학융합공과대학,기계공학부,,,True,True,True
대전대학교,디지털미래융합대학,AI융합학과,,,True,True,True
한림대학교,글로벌융합대학,AI의료융합전공,,,True,True,True
한림대학교,글로벌융합대학,AI로봇융합전공,,,True,True,True
한림대학교,글로벌융합대학,AI기술경영융합전공,,,True,True,True
한림대학교,글로벌융합대학,인공지능융합학부,,,True,True,True
서울한영대학교,예능대학,공연음악예술학부,,,True,True,True
서울한영대학교,인문대학,글로벌기독학부,,,True,True,True
한국국제대학교,스포츠과학대학,경기지도학과,,,True,True,True
서원대학교,휴먼서비스대학,레저스포츠학부,,,True,True,True
서원대학교,미디어융합대학,건축학과,,,True,True,True
안양대학교,예술체육대학,공연예술학과,,,True,True,True
안양대학교,창의융합대학,도시정보공학과,,,True,True,True
안양대학교,인문대학,러시아언어문화학과,,,True,True,True
한국폴리텍 I 대학 성남캠퍼스,단과대구분없음,융합기계과,,,True,True,True
안양대학교,예술체육대학,디지털미디어디자인학과,,,True,True,True
목포대학교,공과대학,첨단재료공학과,,,True,True,True
인하대학교,소프트웨어융합대학,인공지능공학과,,,True,True,True
한국교통대학교,미래융합대학,스마트철도교통공학과,,,True,True,True
한국교통대학교,미래융합대학,안전융합공학과,,,True,True,True
동서대학교,단과대구분없음,관광경영・컨벤션학과,,,True,True,True
동서대학교,단과대구분없음,호텔경영학과,,,True,True,True
부경대학교,정보융합대학,소프트웨어・인공지능전공,,,True,True,True
가천대학교,약학대학,약학과,,,True,True,True
가천대학교,IT융합대학,전자공학부(전자공학전공),,,True,True,True
가천대학교,IT융합대학,컴퓨터공학부(컴퓨터공학전공),,,True,True,True
가천대학교,공과대학,기계・스마트・산업공학부(산업공학전공),,,True,True,True
가천대학교,공과대학,기계・스마트・산업공학부(기계공학전공),,,True,True,True
가천대학교,미래산업대학,반도체・디스플레이학과,,,True,True,True
가천대학교,IT융합대학,의공학과,,,True,True,True
가천대학교,보건과학대학,운동재활학과,,,True,True,True
가천대학교,바이오나노대학,식품생명공학과,,,True,True,True
우석대학교,단과대구분없음,소방안전빅데이터융합전공,,,True,True,True
우석대학교,단과대구분없음,응급위기관리융합전공,,,True,True,True
숭실사이버대학교,단과대구분없음,환경안전공학과,,,True,True,True
제주대학교,공과대학,인공지능전공,,,True,True,True
제주대학교,공과대학,기계시스템공학과,,,True,True,True
제주대학교,공과대학,화학공학과,,,True,True,True
경기대학교,사회과학대학,경찰행정학전공,,,True,True,True
경기대학교,사회과학대학,범죄교정학전공,,,True,True,True
경기대학교,창의공과대학,건설시스템공학전공,,,True,True,True
송원대학교,철도대학,철도차량・전기시스템학과,,,True,True,True
전북대학교,공과대학,IT지능정보공학과,,,True,True,True
극동대학교,항공대학,항공모빌리티학과,,,True,True,True
극동대학교,항공대학,헬리콥터UAM조종학과,,,True,True,True
신라대학교,MICT융합공과대학,자동차기계공학과,,,True,True,True
신라대학교,보건복지대학,식품영양학전공,,,True,True,True
한남대학교,스마트융합대학,빅데이터응용학과,,,True,True,True
한남대학교,공과대학,멀티미디어공학과,,,True,True,True
국제사이버대학교,단과대구분없음,영상문화학부,,,True,True,True
국제사이버대학교,단과대구분없음,미래융합학부,,,True,True,True
국제사이버대학교,단과대구분없음,휴먼복지학부,,,True,True,True
제주대학교,자연과학대학,데이터사이언스학과,,,True,True,True
국제사이버대학교,단과대구분없음,스마트경영학부,,,True,True,True
제주대학교,예술디자인대학,융합디자인학과,,,True,True,True
한국폴리텍 I 대학 서울강서캠퍼스,단과대구분없음,패션디자인과,,,True,True,True
한국폴리텍 I 대학 서울강서캠퍼스,단과대구분없음,정보보안과,,,True,True,True
서원대학교,바이오융합대학,바이오코스메틱학과,,,True,True,True
광운대학교,전자정보공과대학,지능형로봇학과,,,True,True,True
대구대학교,단과대구분없음,AI학부,,,True,True,True
대구대학교,과학생명융합대학,화학생명과학부,,,True,True,True
대구대학교,경영대학,경제금융학부,,,True,True,True
대구대학교,인문대학,문화예술학부,,,True,True,True
대구대학교,경영대학,경영학부,,,True,True,True
군산대학교,산학융합공과대학,소프트웨어학과,,,True,True,True
군산대학교,해양과학대학,해양생물자원학과,,,True,True,True
군산대학교,공과대학,화학공학과,,,True,True,True
군산대학교,자연과학대학,생명과학과,,,True,True,True
서원대학교,글로벌경영대학,중국언어문화전공,,,True,True,True
서원대학교,미래대학,스포츠웰니스전공,,,True,True,True
서원대학교,미디어융합대학,웹툰콘텐츠학과,,,True,True,True
동서대학교,소프트웨어융합대학,디지털콘텐츠계열,,,True,True,True
동서대학교,글로벌비즈니스대학,국제통상물류계열,,,True,True,True
동서대학교,바이오헬스융합대학,식품.화장품계열,,,True,True,True
동서대학교,단과대구분없음,창의공학계열,,,True,True,True
동서대학교,단과대구분없음,사회복지계열,,,True,True,True
우석대학교,단과대구분없음,지역기반도시재생융합전공,,,True,True,True
서원대학교,바이오융합대학,헬스케어운동학과,,,True,True,True
서원대학교,미디어융합대학,패션의류학과,,,True,True,True
서원대학교,바이오융합대학,식품공학전공,,,True,True,True
서원대학교,바이오융합대학,제약공학전공,,,True,True,True
서원대학교,바이오융합대학,제약식품공학부,,,True,True,True
서원대학교,바이오융합대학,식품영양학과,,,True,True,True
서원대학교,미디어융합대학,소프트웨어학부,,,True,True,True
서원대학교,바이오융합대학,환경공학과,,,True,True,True
화신사이버대학교,단과대구분없음,스마트팜농수산복지학과,,,True,True,True
경희대학교,생명과학대학,스마트팜과학과,,,True,True,True
한국공학대학교,단과대구분없음,메카트로닉스공학부(메카트로닉스전공),,,True,True,True
한국공학대학교,단과대구분없음,메카트로닉스공학부(AI로봇전공),,,True,True,True
한국공학대학교,단과대구분없음,메카트로닉스공학부,,,True,True,True
국민대학교,단과대구분없음,미래모빌리티학과,,,True,True,True
국민대학교,조형대학,AI디자인학과,,,True,True,True
한국국제대학교,교육과학대학,특수교육학부,,,True,True,True
인하대학교,공과대학,바이오제약공학과,,,True,True,True
충북대학교,바이오헬스공유대학,방사광융합학과,,,True,True,True
동국대학교,단과대구분없음,인텔리전스로봇융합전공,,,True,True,True
동국대학교,단과대구분없음,공공인재융합전공,,,True,True,True
강남대학교,공과대학,IoT전자공학과,,,True,True,True
강남대학교,공과대학,소프트웨어응용학부,,,True,True,True
강남대학교,공과대학,산업데이터사이언스학부,,,True,True,True
강남대학교,공과대학,문헌정보학과,,,True,True,True
강남대학교,공과대학,부동산학과,,,True,True,True
한경국립대학교,단과대구분없음,안전공학전공,,,True,True,True
한국폴리텍 IV 대학 대전캠퍼스,단과대구분없음,AI융합과,,,True,True,True
경기대학교,소프트웨어경영대학,회계세무학전공,,,True,True,True
경북대학교,사회과학대학,미디어커뮤니케이션학과,,,True,True,True
경기대학교,소프트웨어경영대학,산업시스템공학전공,,,True,True,True
한국폴리텍 II 대학 인천캠퍼스,단과대구분없음,AI정보통신과(ICT융합전자),,,True,True,True
한국국제대학교,생활체육대학,스포츠재활운동학과,,,True,True,True
한국국제대학교,생활체육대학,사회체육학과,,,True,True,True
한국국제대학교,스포츠무도대학,태권도학과,,,True,True,True
한국국제대학교,스포츠과학대학,체육학과,,,True,True,True
서울과학기술대학교,창의융합대학,지능형반도체공학과,,,True,True,True
한국폴리텍 II 대학 인천캠퍼스,단과대구분없음,AI정보통신과,,,True,True,True
서울과학기술대학교,창의융합대학,인공지능응용학과,,,True,True,True
경기대학교,사회과학대학,청소년학전공,,,True,True,True
경기대학교,사회과학대학,사회복지학전공,,,True,True,True
경기대학교,사회과학대학,지식재산학전공,,,True,True,True
경기대학교,사회과학대학,응용통계학전공,,,True,True,True
우석대학교,과학기술대학,전기자동차공학부,,,True,True,True
서원대학교,미디어융합대학,미디어콘텐츠학부,,,True,True,True
건양사이버대학교,단과대구분없음,아동복지학과,,,True,True,True
우석대학교,체육과학대학,생활체육학과,,,True,True,True
안양대학교,창의융합대학,식품영양학과,,,True,True,True
안양대학교,인문대학,중국언어문화학과,,,True,True,True
안양대학교,인문대학,영미언어문화학과,,,True,True,True
조선대학교,약학대학,약학과(6년제),,,True,True,True
한국공학대학교,기업인재대학,소재시스템공학과,,,True,True,True
한국공학대학교,기업인재대학,제품시스템디자인공학과,,,True,True,True
한국공학대학교,기업인재대학,지능형ICT융합공학과,,,True,True,True
대구예술대학교,단과대구분없음,피규어메타버스전공,,,True,True,True
강남대학교,공과대학,부동산건설학부,,,True,True,True
강릉원주대학교,생명과학대학,해양생명과학과,,,True,True,True
강릉원주대학교,예술체육대학,음악학과,,,True,True,True
한밭대학교,건설환경조형대학,시각・영상디자인학과,,,True,True,True
한밭대학교,정보기술대학,인공지능소프트웨어학과,,,True,True,True
한밭대학교,미래산업융합대학,생활디자인학과,,,True,True,True
공주대학교,공과대학,그린스마트건축공학과,,,True,True,True
공주대학교,예술대학,도자문화융합디자인학과,,,True,True,True
호원대학교,국방대학,IT소프트웨어보안학과,,,True,True,True
호원대학교,보건대학,간호학과,,,True,True,True
호원대학교,인문사회대학,경영학과,,,True,True,True
호원대학교,국방대학,군사과학기술학과,,,True,True,True
호원대학교,보건대학,물리치료학과,,,True,True,True
호원대학교,공과대학,미래자동차공학과,,,True,True,True
호원대학교,인문사회대학,법경찰학과,,,True,True,True
호원대학교,산업융합대학,뷰티산업학과,,,True,True,True
안양대학교,창의융합대학,소프트웨어학과,,,True,True,True
강릉원주대학교,생명과학대학,수산생명의학과,,,True,True,True
호원대학교,인문사회대학,스포츠경호학과,,,True,True,True
호원대학교,산업융합대학,아동복지학과,,,True,True,True
전북대학교,약학대학,약학과,,,True,True,True
안양대학교,예술체육대학,음악학과,,,True,True,True
호원대학교,보건대학,응급구조학과,,,True,True,True
호원대학교,보건대학,작업치료학과,,,True,True,True
안양대학교,창의융합대학,정보전기전자공학과,,,True,True,True
호원대학교,보건대학,치위생학과,,,True,True,True
호원대학교,국방대학,컴퓨터.게임학과,,,True,True,True
안양대학교,창의융합대학,컴퓨터공학과,,,True,True,True
연세대학교,인공지능융합대학,컴퓨터과학과,,,True,True,True
호원대학교,인문사회대학,항공관광학과,,,True,True,True
호원대학교,국방대학,항공정비공학과,,,True,True,True
강릉원주대학교,생명과학대학,해양생태환경학과,,,True,True,True
호원대학교,인문사회대학,호텔외식조리학과,,,True,True,True
안양대학교,창의융합대학,환경에너지공학과,,,True,True,True
호원대학교,산업융합대학,사회복지학과,,,True,True,True
홍익대학교,공과대학,산업・데이터공학과,,,True,True,True
순천향대학교,창의라이프대학,세무회계학과,,,True,True,True
호원대학교,산업융합대학,식음료베이커리창업학과,,,True,True,True
안양대학교,예술체육대학,실용음악과,,,True,True,True
홍익대학교,공과대학,컴퓨터공학과,,,True,True,True
부경대학교,수산과학대학,해양수산경영경제학부,,,True,True,True
부경대학교,공과대학,기계설계공학전공,,,True,True,True
동아대학교,공과대학,도시공학과,,,True,True,True
동서대학교,International College,캠퍼스아시아학과,,,True,True,True
순천대학교,공과대학,인공지능공학부,,,True,True,True
조선대학교,미래사회융합대학,공공서비스학부(문화여가서비스전공),,,True,True,True
조선대학교,미래사회융합대학,공공서비스학부,,,True,True,True
인제대학교,경영대학,경영학과,,,True,True,True
인제대학교,경영대학,경제통상학과,,,True,True,True
연세대학교,인공지능융합대학,인공지능학과,,,True,True,True
건양사이버대학교,단과대구분없음,군경상담복지학과,,,True,True,True
동아대학교,예술체육대학,현대미술학과,,,True,True,True
안양대학교,창의융합대학,스마트시티공학과,,,True,True,True
건양사이버대학교,단과대구분없음,행동재활치료학과,,,True,True,True
안양대학교,창의융합대학,해양바이오공학과,,,True,True,True
세종사이버대학교,단과대구분없음,드론학과,,,True,True,True
성공회대학교,단과대구분없음,인공지능전공,,,True,True,True
공주대학교,공과대학,소프트웨어학과,,,True,True,True
공주대학교,공과대학,컴퓨터공학과,,,True,True,True
공주대학교,공과대학,정보통신공학과,,,True,True,True
공주대학교,공과대학,지능형모빌리티공학과,,,True,True,True
우석대학교,단과대구분없음,K-뷰티바이오비즈니스융합전공,,,True,True,True
한국폴리텍 VII 대학 진주캠퍼스,단과대구분없음,기계시스템과(ICT기계가공),,,True,True,True
중부대학교,단과대구분없음,자율전공설계학부,,,True,True,True
청운대학교,경영대학,무역학과,,,True,True,True
호남대학교,AI융합대학,AI빅데이터학과,,,True,True,True
이화여자대학교,스크랜튼대학,뇌・인지과학부,,,True,True,True
부경대학교,정보융합대학,정보통신공학전공,,,True,True,True
이화여자대학교,엘텍공과대학,화공신소재공학전공,,,True,True,True
국제사이버대학교,단과대구분없음,한국어교육전공,,,True,True,True
이화여자대학교,엘텍공과대학,식품생명공학전공,,,True,True,True
한남대학교,사회과학대학,법학전공,,,True,True,True
한남대학교,사회과학대학,법무법학전공,,,True,True,True
한남대학교,사회과학대학,법학부,,,True,True,True
한남대학교,아트&디자인테크놀로지대학,의류학과,,,True,True,True
한남대학교,아트&디자인테크놀로지대학,융합디자인학과,,,True,True,True
한남대학교,사회과학대학,정치ㆍ언론학과,,,True,True,True
한남대학교,사회과학대학,경찰학과,,,True,True,True
한남대학교,경상대학,호텔항공경영학과,,,True,True,True
한남대학교,스마트융합대학,수학과,,,True,True,True
한남대학교,스마트융합대학,산업경영공학과,,,True,True,True
한남대학교,스마트융합대학,컴퓨터공학과,,,True,True,True
한남대학교,아트&디자인테크놀로지대학,회화과,,,True,True,True
경북대학교,IT대학,컴퓨터학부 인공지능컴퓨팅전공,,,True,True,True
경북대학교,IT대학,"컴퓨터학부(플랫폼소프트웨어전공, 데이터과학전공, 인공지능컴퓨팅전공)",,,True,True,True
경북대학교,생태환경대학,관광학과,,,True,True,True
경북대학교,생태환경대학,곤충생명과학과,,,True,True,True
경북대학교,농업생명과학대학,식품자원경제학과,,,True,True,True
국민대학교,소프트웨어융합대학,인공지능전공,,,True,True,True
국제사이버대학교,단과대구분없음,평생교육전공,,,True,True,True
국제사이버대학교,단과대구분없음,건강스포츠학과,,,True,True,True
국제사이버대학교,단과대구분없음,아동가족상담학과,,,True,True,True
가톨릭관동대학교,미디어예술대학,연기예술전공,,,True,True,True
가톨릭관동대학교,휴먼서비스대학,중독재활상담학과,,,True,True,True
가톨릭관동대학교,항공대학,항공교통물류학과,,,True,True,True
가톨릭관동대학교,관광스포츠대학,스포츠지도학과,,,True,True,True
가톨릭관동대학교,휴먼서비스대학,언어재활학과,,,True,True,True
동서대학교,소프트웨어융합대학,웹툰학과,,,True,True,True
경동대학교,단과대구분없음,국제융합학부,,,True,True,True
경동대학교,단과대구분없음,군사학과,,,True,True,True
한성대학교,창의융합대학,AI응용학과,,,True,True,True
한성대학교,창의융합대학,상상력인재학부,,,True,True,True
경일대학교,SMART스포츠대학,스포츠재활의학과,,,True,True,True
경일대학교,SMART스포츠대학,스포츠융합학과,,,True,True,True
경일대학교,미래융합대학,스마트경영학부,,,True,True,True
경일대학교,SMART엔지니어링대학,철도학부,,,True,True,True
경일대학교,SMART엔지니어링대학,건축학부 건축학전공(5년제),,,True,True,True
경일대학교,SMART엔지니어링대학,건축학부 건축공학전공,,,True,True,True
경일대학교,SMART엔지니어링대학,건설방재학과,,,True,True,True
경일대학교,SMART엔지니어링대학,컴퓨터사이언스학부 클라우드컴퓨팅전공,,,True,True,True
경일대학교,SMART엔지니어링대학,컴퓨터사이언스학부 게임엔터테인먼트전공,,,True,True,True
경일대학교,SMART엔지니어링대학,기계자동차학부 기계공학과,,,True,True,True
경일대학교,SMART엔지니어링대학,기계자동차학부 자율주행자동차학과,,,True,True,True
경일대학교,SMART라이프대학,K-컬쳐엔터테인먼트학부,,,True,True,True
경일대학교,SMART라이프대학,글로벌비즈니스학과,,,True,True,True
경일대학교,SMART라이프대학,K-뷰티학과,,,True,True,True
경일대학교,SMART스포츠대학,전문스포츠학부 태권도학과,,,True,True,True
경일대학교,SMART스포츠대학,전문스포츠학부 축구학과,,,True,True,True
경일대학교,SMART라이프대학,부동산지적학과,,,True,True,True
경일대학교,SMART엔지니어링대학,전기공학과,,,True,True,True
경일대학교,미래융합대학,평생교육학부,,,True,True,True
경일대학교,SMART스포츠대학,전문스포츠학부 엘리트육성전공,,,True,True,True
경일대학교,SMART엔지니어링대학,소방방재학부,,,True,True,True
경일대학교,SMART라이프대학,경찰학과,,,True,True,True
경일대학교,SMART스포츠대학,노인체육복지학과,,,True,True,True
경일대학교,SMART라이프대학,사회복지학과,,,True,True,True
ICT폴리텍대학,단과대구분없음,정보보안학과,,,True,True,True
ICT폴리텍대학,단과대구분없음,이동통신학과,,,True,True,True
대구대학교,정보통신대학,전자전기공학부(정보통신공학전공),,,True,True,True
대구대학교,인문대학,문화예술학부(디지털문예창작전공),,,True,True,True
대구대학교,법・행정대학,법학부,,,True,True,True
공주대학교,공과대학,스마트정보기술공학과,,,True,True,True
글로벌사이버대학교,단과대구분없음,뇌교육학과,,,True,True,True
글로벌사이버대학교,단과대구분없음,글로벌문화경영계열,,,True,True,True
글로벌사이버대학교,단과대구분없음,휴먼테크놀로지계열,,,True,True,True
고신대학교,보건복지대학,외국어로서의 한국어교육학과,,,True,True,True
광주대학교,문화산업대학,문화산업대학(예체능),,,True,True,True
광주대학교,문화산업대학,문화산업대학(문화),,,True,True,True
광주대학교,보건복지대학,언어재활상담학과,,,True,True,True
대구예술대학교,단과대구분없음,복지&심리상담전공,,,True,True,True
대구대학교,과학생명융합대학,화학생명과학부(생명과학전공),,,True,True,True
대구대학교,과학생명융합대학,화학생명과학부(나노화학전공),,,True,True,True
대구대학교,단과대구분없음,AI학부(AI소프트웨어전공),,,True,True,True
대구대학교,공과대학,환경기술공학과,,,True,True,True
대구대학교,단과대구분없음,미래융합학부(실버복지상담학전공),,,True,True,True
대구대학교,단과대구분없음,미래융합학부(평생교육・청소년학전공),,,True,True,True
대구대학교,사범대학,지구과학교육과,,,True,True,True
대구대학교,사범대학,생물교육과,,,True,True,True
대구대학교,사범대학,화학교육과,,,True,True,True
대구대학교,사범대학,물리교육과,,,True,True,True
대구대학교,조형예술대학,시각디자인융합학부(시각디자인전공),,,True,True,True
대구대학교,공과대학,기계공학부(기계자동차공학전공),,,True,True,True
대구대학교,사회과학대학,아동가정복지학과,,,True,True,True
광주대학교,공과대학,AI소프트웨어학과,,,True,True,True
대구대학교,사회과학대학,청소년상담복지학과,,,True,True,True
대구대학교,경영대학,호텔관광경영학부(호텔관광전공),,,True,True,True
대구대학교,경영대학,호텔관광경영학부(관광경영전공),,,True,True,True
대구대학교,경영대학,경제금융학부(금융보험전공),,,True,True,True
대구대학교,경영대학,경제금융학부(경제금융전공),,,True,True,True
대구대학교,경영대학,경영학부(회계학전공),,,True,True,True
대구대학교,사회과학대학,지역사회개발・복지학과,,,True,True,True
대구대학교,법・행정대학,부동산・지적학과,,,True,True,True
대구대학교,법・행정대학,경찰학부(자치경찰학전공),,,True,True,True
대구대학교,법・행정대학,경찰학부(경찰행정학전공),,,True,True,True
대구대학교,법・행정대학,행정학과,,,True,True,True
대구대학교,법・행정대학,법학부(공직법학전공),,,True,True,True
대구대학교,법・행정대학,법학부(법학전공),,,True,True,True
대구대학교,인문대학,글로벌언어문화학부(영어영문학전공),,,True,True,True
대구대학교,인문대학,글로벌언어문화학부(일본어일본학전공),,,True,True,True
대구대학교,인문대학,글로벌언어문화학부(중국어중국학전공),,,True,True,True
대구대학교,인문대학,한국어교육학부(한국어통번역학전공),,,True,True,True
대구대학교,인문대학,한국어교육학부(한국어교육전공),,,True,True,True
한국교통대학교,철도대학,철도경영・물류학과,,,True,True,True
인제대학교,BNIT융합대학,헬스케어IT공학과,,,True,True,True
인제대학교,보건의료융합대학,의공학부,,,True,True,True
인제대학교,보건의료융합대학,식품영양・식품공학부,,,True,True,True
광주대학교,공과대학,AI자동차학과,,,True,True,True
광주대학교,보건복지대학,건강기능식품학과,,,True,True,True
광주대학교,인문사회과학대학,인문사회과학대학,,,True,True,True
경성대학교,공과대학,기계자동차공학과,,,True,True,True
경성대학교,생명보건대학,스마트바이오학과,,,True,True,True
경성대학교,예술종합대학,현대미술학과,,,True,True,True
경성대학교,예술종합대학,미디어콘텐츠학과,,,True,True,True
인제대학교,BNIT융합대학,바이오테크놀로지학과,,,True,True,True
대구대학교,인문대학,한국어교육학부,,,True,True,True
대구대학교,단과대구분없음,미래융합학부,,,True,True,True
대구대학교,간호대학,보건행정학과,,,True,True,True
대구대학교,간호대학,간호학과,,,True,True,True
서원대학교,미디어융합대학,멀티미디어전공,,,True,True,True
강남대학교,공과대학,ICT융합공학부,,,True,True,True
강남대학교,공과대학,인공지능융합공학부,,,True,True,True
서원대학교,미디어융합대학,소프트웨어응용전공,,,True,True,True
서원대학교,미디어융합대학,컴퓨터공학전공,,,True,True,True
고려대학교,국제대학,국제학부,,,True,True,True
한경국립대학교,단과대구분없음,미래융합학부,,,True,True,True
배재대학교,AI·SW창의융합대학,모바일소프트웨어학전공,,,True,True,True
배재대학교,AI·SW창의융합대학,인터넷소프트웨어학전공,,,True,True,True
배재대학교,AI·SW창의융합대학,AI소프트웨어공학부,,,True,True,True
배재대학교,문화예술대학,공연예술학과,,,True,True,True
배재대학교,문화예술대학,아트앤웹툰학부,,,True,True,True
배재대학교,문화예술대학,아트앤웹툰전공,,,True,True,True
배재대학교,문화예술대학,게임애니메이션전공,,,True,True,True
배재대학교,생명보건대학,식품영양학과,,,True,True,True
배재대학교,생명보건대학,의생명과학과,,,True,True,True
배재대학교,문화예술대학,실내건축학과,,,True,True,True
배재대학교,문화예술대학,건축학과,,,True,True,True
배재대학교,생명보건대학,원예산림학과,,,True,True,True
배재대학교,생명보건대학,실버보건학과,,,True,True,True
부산가톨릭대학교,사회과학대학,사회복지상담심리학과,,,True,True,True
부산가톨릭대학교,응용과학대학,소방방재학과,,,True,True,True
배재대학교,생명보건대학,간호학과,,,True,True,True
김천대학교,공공안전대학,군사학과,,,True,True,True
김천대학교,공공안전대학,스마트모빌리티학과,,,True,True,True
고려대학교,국제대학,글로벌한국융합학부,,,True,True,True
배재대학교,인문사회대학,영어과,,,True,True,True
배재대학교,인문사회대학,스페인어・중남미학과,,,True,True,True
김천대학교,휴먼케어대학,생활체육학과,,,True,True,True
배재대학교,경영대학,항공서비스학과,,,True,True,True
배재대학교,경영대학,호텔항공경영학과,,,True,True,True
배재대학교,경영대학,관광경영학과,,,True,True,True
배재대학교,경영대학,e-비즈니스학과,,,True,True,True
부산가톨릭대학교,사회과학대학,유통마케팅학과,,,True,True,True
배재대학교,인문사회대학,중국통상학과,,,True,True,True
동서대학교,소프트웨어융합대학,인공지능응용학과,,,True,True,True
이화여자대학교,단과대구분없음,AI융합학부,,,True,True,True
한국국제대학교,생활체육대학,스포츠복지학부,,,True,True,True
경남대학교,AI・SW융합대학,소프트웨어전공,,,True,True,True
경남대학교,공과대학,건설시스템공학과,,,True,True,True
경남대학교,경영대학,관광항공서비스학 전공,,,True,True,True
경남대학교,건강보건대학,제약공학과,,,True,True,True
이화여자대학교,약학대학,약학부,,,True,True,True
이화여자대학교,약학대학,미래산업약학전공,,,True,True,True
이화여자대학교,단과대구분없음,인공지능전공,,,True,True,True
경남대학교,공공인재대학,정치외교학전공,,,True,True,True
경남대학교,공공인재대학,경찰학전공,,,True,True,True
경남대학교,공공인재대학,미디어영상학과,,,True,True,True
대전대학교,디지털미래융합대학,지역문화예술콘텐츠전공,,,True,True,True
대전대학교,디지털미래융합대학,창업학부,,,True,True,True
한국폴리텍 V 대학 광주캠퍼스,단과대구분없음,AI융합과,,,True,True,True
한국폴리텍 V 대학 광주캠퍼스,단과대구분없음,스마트팩토리과,,,True,True,True
대전대학교,디지털미래융합대학,안보융합학전공,,,True,True,True
대전대학교,디지털미래융합대학,범죄심리학전공,,,True,True,True
대전대학교,디지털미래융합대학,도시재생전공,,,True,True,True
순천대학교,생명산업과학대학,산림자원・조경학부(조경학전공),,,True,True,True
순천대학교,생명산업과학대학,산림자원・조경학부(산림자원학전공),,,True,True,True
경남대학교,AI・SW융합대학,정보통신AI공학과,,,True,True,True
경남대학교,AI・SW융합대학,전자공학과,,,True,True,True
경남대학교,AI・SW융합대학,컴퓨터보안전공,,,True,True,True
경남대학교,AI・SW융합대학,컴퓨터공학전공,,,True,True,True
경남대학교,AI・SW융합대학,컴퓨터공학부,,,True,True,True
경남대학교,공공인재대학,군사학과,,,True,True,True
경남대학교,공공인재대학,경호보안학과,,,True,True,True
경남대학교,공공인재대학,행정학과,,,True,True,True
경남대학교,공공인재대학,법학과,,,True,True,True
경남대학교,건강보건대학,외식프랜차이즈학과,,,True,True,True
경남대학교,건강보건대학,작업치료학과,,,True,True,True
경남대학교,건강보건대학,물리치료학과,,,True,True,True
경남대학교,건강보건대학,간호학과,,,True,True,True
경남대학교,건강보건대학,스포츠과학과,,,True,True,True
경남대학교,건강보건대학,식품영양학과,,,True,True,True
경남대학교,인문사회대학,심리학과,,,True,True,True
경남대학교,인문사회대학,사회복지학과,,,True,True,True
경남대학교,인문사회대학,문화콘텐츠학과,,,True,True,True
경남대학교,인문사회대학,중국학과,,,True,True,True
경남대학교,인문사회대학,역사학과,,,True,True,True
부산대학교,약학대학,약학부(통합6년제),,,True,True,True
한국폴리텍 VI 대학 대구캠퍼스,단과대구분없음,스마트제품디자인과(정밀금형),,,True,True,True
한국폴리텍 VI 대학 대구캠퍼스,단과대구분없음,융합기계과,,,True,True,True
한국폴리텍 VI 대학 대구캠퍼스,단과대구분없음,스마트제품디자인과,,,True,True,True
한국폴리텍 VI 대학 구미캠퍼스,단과대구분없음,AI전자과(스마트융합전자),,,True,True,True
한국국제대학교,교육과학대학,특수교육학부(초등특수전공),,,True,True,True
한국국제대학교,교육과학대학,특수교육학부(유아특수전공),,,True,True,True
한국열린사이버대학교,실용융합대학,인공지능융합학과,,,True,True,True
한국폴리텍 IV 대학 대전캠퍼스,단과대구분없음,스마트자동화과,,,True,True,True
부산외국어대학교,아시아대학,한국어교육학과,,,True,True,True
부산외국어대학교,상경대학,호텔・관광학부(호텔・컨벤션전공),,,True,True,True
부산외국어대학교,상경대학,호텔・관광학부(국제문화관광전공),,,True,True,True
부산외국어대학교,상경대학,호텔・관광학부,,,True,True,True
부산외국어대학교,상경대학,국제마케팅학과,,,True,True,True
부산외국어대학교,사회과학대학,스마트융합보안학과,,,True,True,True
부산외국어대학교,사회과학대학,외교・국제개발학부(외교전공),,,True,True,True
부산외국어대학교,사회과학대학,외교・국제개발학부(국제개발협력전공),,,True,True,True
부산외국어대학교,사회과학대학,외교・국제개발학부,,,True,True,True
부산외국어대학교,상경대학,스마트자산경영학과,,,True,True,True
부산외국어대학교,IT대학,인공지능융합학과,,,True,True,True
대전대학교,공과대학,바이오응용화학과,,,True,True,True
경주대학교,의료복지생활문화대학,스포츠건강학부,,,True,True,True
대구가톨릭대학교,디자인대학,인터미디어아트과,,,True,True,True
대구가톨릭대학교,글로벌비즈니스대학,호텔컨벤션학과,,,True,True,True
대구가톨릭대학교,바이오메디대학,바이오메디컬학과,,,True,True,True
대구가톨릭대학교,바이오메디대학,보건안전학부,,,True,True,True
대구가톨릭대학교,소프트웨어융합대학,소프트웨어융합전공,,,True,True,True
대구가톨릭대학교,소프트웨어융합대학,인공지능・빅데이터공학전공,,,True,True,True
대구가톨릭대학교,공과대학,신소재공학전공,,,True,True,True
대구가톨릭대학교,공과대학,제어공학전공,,,True,True,True
대구가톨릭대학교,공과대학,미래자동차공학전공,,,True,True,True
중부대학교,단과대구분없음,K-POP전공,,,True,True,True
중부대학교,단과대구분없음,경찰경호학전공,,,True,True,True
경주대학교,의료복지생활문화대학,환경에너지학과,,,True,True,True
중원대학교,의료보건대학,AI의료공학과,,,True,True,True
중원대학교,사회문화대학,군사학과,,,True,True,True
중원대학교,융합과학기술대학,반도체공학과,,,True,True,True
중원대학교,융합과학기술대학,식품산업학과,,,True,True,True
한국해양대학교,해사대학,해양경찰학부(항해전공),,,True,True,True
한국해양대학교,해사대학,해양경찰학부(기관전공),,,True,True,True
대전대학교,디지털미래융합대학,철학・정치・경제전공,,,True,True,True
대전대학교,디지털미래융합대학,헬스케어 플랫폼 비즈니스전공,,,True,True,True
대전대학교,디지털미래융합대학,데이터과학경영전공,,,True,True,True
한국폴리텍 VII 대학 울산캠퍼스,단과대구분없음,기계과,,,True,True,True
한국폴리텍 VII 대학 울산캠퍼스,단과대구분없음,스마트제어과,,,True,True,True
대전대학교,디지털미래융합대학,세계문학전공,,,True,True,True
대전대학교,디지털미래융합대학,놀이심리재활전공,,,True,True,True
한국폴리텍 VII 대학 부산캠퍼스,단과대구분없음,자동제어시스템과,,,True,True,True
경희대학교,약학대학,약학과(6년제),,,True,True,True
경상국립대학교,본부대학Ⅱ,휴먼헬스케어학과,,,True,True,True
경상국립대학교,본부대학Ⅰ,기계융합공학과,,,True,True,True
동국대학교(WISE),인문대학,디자인미술학과,,,True,True,True
동국대학교(WISE),인문대학,스포츠의학전공,,,True,True,True
동국대학교(WISE),인문대학,스포츠과학전공,,,True,True,True
동국대학교(WISE),과학기술대학,정원디자인전공,,,True,True,True
동국대학교(WISE),과학기술대학,조경전공,,,True,True,True
동국대학교(WISE),과학기술대학,소방방재전공,,,True,True,True
동국대학교(WISE),과학기술대학,안전보건전공,,,True,True,True
동국대학교(WISE),간호대학,보건의료정보학과,,,True,True,True
동국대학교(WISE),불교문화대학,불교문화콘텐츠전공,,,True,True,True
경상국립대학교,건설환경공과대학,건설시스템공학과,,,True,True,True
동국대학교(WISE),간호대학,뷰티메디컬학과,,,True,True,True
경상국립대학교,사회과학대학,사회복지학전공,,,True,True,True
동국대학교(WISE),사회대학,아동청소년교육학과,,,True,True,True
동국대학교(WISE),인문대학,스포츠건강과학부,,,True,True,True
동국대학교(WISE),상경대학,항공서비스무역학과,,,True,True,True
경상국립대학교,약학대학,약학과(6년제),,,True,True,True
경상국립대학교,농업생명과학대학,스마트농산업학과,,,True,True,True
경상국립대학교,경영대학,스마트유통물류학과,,,True,True,True
경상국립대학교,농업생명과학대학,환경산림과학부 산림융복합학전공(야),,,True,True,True
동국대학교(WISE),과학기술대학,조경・정원디자인학부,,,True,True,True
동국대학교(WISE),과학기술대학,스마트안전공학부,,,True,True,True
경상국립대학교,자연과학대학,항노화신소재과학과,,,True,True,True
경상국립대학교,자연과학대학,제약공학과,,,True,True,True
경상국립대학교,사회과학대학,아동가족학과,,,True,True,True
경상국립대학교,공과대학,건축시스템공학전공,,,True,True,True
경상국립대학교,공과대학,건축공학전공,,,True,True,True
경상국립대학교,공과대학,건축공학부,,,True,True,True
경상국립대학교,농업생명과학대학,산림융복합학전공,,,True,True,True
경상국립대학교,농업생명과학대학,산림환경자원학전공(통합대학),,,True,True,True
경상국립대학교,농업생명과학대학,환경산림과학부(통합대학),,,True,True,True
호남대학교,사회경영대학,영어학과,,,True,True,True
경상국립대학교,농업생명과학대학,동물소재공학전공,,,True,True,True
경상국립대학교,농업생명과학대학,축산학전공,,,True,True,True
우송대학교,보건복지대학,간호학과,,,True,True,True
우송대학교,소프트웨어(SW)융합대학,IT융합학부 컴퓨터정보·보안전공,,,True,True,True
경상국립대학교,농업생명과학대학,축산과학부,,,True,True,True
경상국립대학교,농업생명과학대학,동물응용과학전공,,,True,True,True
경상국립대학교,농업생명과학대학,동물생명융합학부,,,True,True,True
경상국립대학교,경영대학,세무학전공,,,True,True,True
경상국립대학교,경영대학,회계세무학부,,,True,True,True
경상국립대학교,경영대학,국제물류전공,,,True,True,True
경상국립대학교,경영대학,국제통상전공,,,True,True,True
경상국립대학교,경영대학,국제통상학부,,,True,True,True
경상국립대학교,융합기술공과대학,기계소재융합공학부,,,True,True,True
우송대학교,엔디컷국제대학,AI・빅데이터학과,,,True,True,True
우송대학교,엔디컷국제대학,Endicott 자율융합학부,,,True,True,True
동양대학교,단과대구분없음,철도차량시스템학과,,,True,True,True
우송대학교,소프트웨어(SW)융합대학,IT융합학부 IT・보안전공,,,True,True,True
동양대학교,단과대구분없음,스마트안전시스템학부,,,True,True,True
경상국립대학교,자연과학대학,컴퓨터과학부 컴퓨터소프트웨어전공,,,True,True,True
경상국립대학교,농업생명과학대학,원예과학부,,,True,True,True
경상국립대학교,자연과학대학,컴퓨터과학부 컴퓨터과학전공,,,True,True,True
경상국립대학교,사회과학대학,사회복지학부,,,True,True,True
경상국립대학교,사회과학대학,경제학부,,,True,True,True
경상국립대학교,인문대학,영어영문학부 영어전공,,,True,True,True
경상국립대학교,인문대학,영어영문학부 영어영문학전공,,,True,True,True
부경대학교,정보융합대학,컴퓨터공학전공,,,True,True,True
동양대학교,단과대구분없음,스마트모빌리티학과,,,True,True,True
원광대학교,농식품융합대학,생명환경학과,,,True,True,True
원광대학교,경영대학,무역학과,,,True,True,True
원광대학교,사회과학대학,가족아동복지학과,,,True,True,True
원광대학교,자연과학대학,화학과,,,True,True,True
부경대학교,공과대학,토목공학전공,,,True,True,True
한라대학교,스마트모빌리티융합대학,스마트모빌리티(기계자동차)공학부,,,True,True,True
우송대학교,보건복지대학,보건의료경영학과,,,True,True,True
우송대학교,보건복지대학,물리치료학과,,,True,True,True
우송대학교,엔디컷국제대학,글로벌호텔매니지먼트학과,,,True,True,True
우송대학교,호텔외식조리대학,글로벌조리학부 폴보퀴즈조리전공,,,True,True,True
우송대학교,호텔외식조리대학,글로벌조리학부 글로벌조리전공,,,True,True,True
우송대학교,호텔외식조리대학,글로벌조리학부 글로벌외식창업전공,,,True,True,True
우송대학교,엔디컷국제대학,글로벌융합비즈니스학과,,,True,True,True
우송대학교,철도물류대학,건축공학과,,,True,True,True
호서대학교,단과대구분없음,융합학부,,,True,True,True
우송대학교,보건복지대학,뷰티디자인경영학과,,,True,True,True
호서대학교,AI융합대학,전자융합공학부,,,True,True,True
호서대학교,AI융합대학,로봇공학과,,,True,True,True
호서대학교,생명보건대학,식품공학과,,,True,True,True
호서대학교,인문사회대학,중국학과,,,True,True,True
건양대학교,글로벌경영대학,금융세무학부,,,True,True,True
건양대학교,재활복지교육대학,아동교육학과,,,True,True,True
건양대학교,글로벌경영대학,경영학부,,,True,True,True
백석대학교,단과대구분없음,첨단IT학부,,,True,True,True
우송대학교,호텔외식조리대학,외식조리영양학부,,,True,True,True
우송대학교,보건복지대학,언어치료·청각재활학과,,,True,True,True
우송대학교,보건복지대학,스포츠건강재활학과,,,True,True,True
우송대학교,솔브릿지국제경영대학,솔브릿지경영학부,,,True,True,True
우송대학교,보건복지대학,소방안전학부,,,True,True,True
대구대학교,법・행정대학,군사학과,,,True,True,True
건양대학교,PRIME창의융합대학,사이버보안학과,,,True,True,True
한국기술교육대학교,단과대구분없음,고용서비스정책학과,,,True,True,True
경희대학교,경영대학,빅데이터응용학과,,,True,True,True
동명대학교,Do-ing대학,글로벌비즈니스융합학과,,,True,True,True
동명대학교,Do-ing대학,IP창업융합학과,,,True,True,True
동명대학교,Do-ing대학,한국어교육전공,,,True,True,True
동의대학교,상경대학,외식경영학과,,,True,True,True
동명대학교,경영대학,호텔경영전공,,,True,True,True
동명대학교,경영대학,관광경영전공,,,True,True,True
동명대학교,공과대학,로봇공학과,,,True,True,True
동명대학교,AI융합대학,정보보호학과,,,True,True,True
대구대학교,단과대구분없음,미래융합학부(자산관리・6차산업학전공),,,True,True,True
대구대학교,과학생명융합대학,빅데이터학과,,,True,True,True
우송대학교,호텔외식조리대학,외식조리학부 외식조리전공,,,True,True,True
우송대학교,호텔외식조리대학,"외식조리학부 외식,조리경영전공",,,True,True,True
대구대학교,경영대학,경영학부(경영학전공),,,True,True,True
우송대학교,호텔외식조리대학,호텔관광경영학과,,,True,True,True
우송대학교,소프트웨어(SW)융합대학,테크노미디어융합학부 미디어디자인・영상전공,,,True,True,True
우송대학교,소프트웨어(SW)융합대학,테크노미디어융합학부 게임멀티미디어전공,,,True,True,True
우송대학교,철도물류대학,철도차량시스템학과,,,True,True,True
우송대학교,철도물류대학,철도시스템학부 철도전기시스템전공,,,True,True,True
우송대학교,철도물류대학,철도시스템학부 철도소프트웨어전공,,,True,True,True
우송대학교,철도물류대학,철도경영학과,,,True,True,True
우송대학교,보건복지대학,작업치료학과,,,True,True,True
우송대학교,보건복지대학,응급구조학과,,,True,True,True
우송대학교,엔디컷국제대학,융합경영학부 경영학전공,,,True,True,True
우송대학교,보건복지대학,유아교육과,,,True,True,True
우송대학교,보건복지대학,사회복지학과,,,True,True,True
우송대학교,엔디컷국제대학,융합경영학부 세무・부동산학전공,,,True,True,True
우송대학교,호텔외식조리대학,외식조리학부 한식・조리과학전공,,,True,True,True
우송대학교,철도물류대학,철도건설시스템학부 철도건설시스템전공,,,True,True,True
우송대학교,철도물류대학,철도건설시스템학부 글로벌철도학과,,,True,True,True
우송대학교,소프트웨어(SW)융합대학,테크노미디어융합학부 글로벌미디어영상학과,,,True,True,True
동명대학교,경영대학,호텔관광학부,,,True,True,True
동명대학교,경영대학,글로벌금융・회계전공,,,True,True,True
동명대학교,경영대학,글로벌무역통상전공,,,True,True,True
동명대학교,경영대학,글로벌비즈니스학부,,,True,True,True
동명대학교,경영대학,국제물류전공,,,True,True,True
동명대학교,경영대학,유통경영전공,,,True,True,True
동명대학교,경영대학,유통물류학부,,,True,True,True
동명대학교,경영대학,경영정보학전공,,,True,True,True
동명대학교,경영대학,경영학전공,,,True,True,True
동명대학교,공과대학,기계ᆞ로봇공학부,,,True,True,True
동명대학교,미래융합대학,아동청소년상담학과,,,True,True,True
동명대학교,Do-ing대학,Do-ing학부,,,True,True,True
동명대학교,AI융합대학,소프트웨어융합학과,,,True,True,True
동명대학교,AI융합대학,컴퓨터공학부,,,True,True,True
동명대학교,경영대학,경영학부,,,True,True,True
대구대학교,조형예술대학,융합예술학부(아트앤디자인전공),,,True,True,True
동서대학교,단과대구분없음,청소년상담심리학과,,,True,True,True
동서대학교,단과대구분없음,사회복지학과,,,True,True,True
동서대학교,미래커리어대학,사회복지상담학과,,,True,True,True
동서대학교,미래커리어대학,ICT융합공학과,,,True,True,True
동서대학교,디자인대학,시각디자인전공,,,True,True,True
동서대학교,디자인대학,디지털미디어디자인전공,,,True,True,True
부경대학교,정보융합대학,데이터정보과학부,,,True,True,True
송원대학교,단과대구분없음,공연예술학과,,,True,True,True
동서대학교,디자인대학,제품인터랙션디자인전공,,,True,True,True
동서대학교,디자인대학,환경디자인전공,,,True,True,True
송원대학교,단과대구분없음,자율전공학과,,,True,True,True
대구대학교,과학생명융합대학,반려동물산업학과,,,True,True,True
대구가톨릭대학교,디자인대학,디자인대학,,,True,True,True
대구가톨릭대학교,음악ㆍ공연예술대학,음악・공연예술대학,,,True,True,True
대구가톨릭대학교,사회과학대학,사회과학대학,,,True,True,True
대구가톨릭대학교,바이오메디대학,바이오메디대학,,,True,True,True
대구가톨릭대학교,글로벌비즈니스대학,글로벌비즈니스대학,,,True,True,True
대구가톨릭대학교,사회과학대학,군사학과,,,True,True,True
대구가톨릭대학교,공과대학,소방방재학과,,,True,True,True
대구가톨릭대학교,글로벌비즈니스대학,부동산학과,,,True,True,True
대구가톨릭대학교,소프트웨어융합대학,컴퓨터정보학부,,,True,True,True
대구가톨릭대학교,사회과학대학,생활체육학과,,,True,True,True
대구가톨릭대학교,유스티노자유대학,경찰탐정학과,,,True,True,True
대구가톨릭대학교,유스티노자유대학,상담심리학과,,,True,True,True
대구대학교,인문대학,문화예술학부(문화콘텐츠전공),,,True,True,True
대구가톨릭대학교,유스티노자유대학,복지서비스학과,,,True,True,True
대구가톨릭대학교,유스티노자유대학,부동산경영학과,,,True,True,True
대구가톨릭대학교,유스티노자유대학,유스티노자유대학,,,True,True,True
동양대학교,단과대구분없음,의무군사학과,,,True,True,True
부산디지털대학교,단과대구분없음,재활상담학과,,,True,True,True
동양대학교,단과대구분없음,스마트기계부품소재학과,,,True,True,True
동양대학교,단과대구분없음,AI빅데이터융합학과,,,True,True,True
숭실대학교,경영대학,회계세무학과,,,True,True,True
부경대학교,정보융합대학,전자정보통신공학부,,,True,True,True
부경대학교,공과대학,신소재시스템공학전공,,,True,True,True
부경대학교,수산과학대학,해양수산경영학전공,,,True,True,True
부경대학교,수산과학대학,자원환경경제학전공,,,True,True,True
대구한의대학교,웰니스융합대학,푸드케어약선학과,,,True,True,True
대구한의대학교,웰니스융합대학,컴퓨터공학과,,,True,True,True
대구한의대학교,웰니스융합대학,실내건축디자인학과,,,True,True,True
대구한의대학교,웰니스융합대학,소방안전환경학과,,,True,True,True
대구한의대학교,웰니스융합대학,항공관광학과,,,True,True,True
대구한의대학교,웰니스융합대학,경영학과,,,True,True,True
대구한의대학교,단과대구분없음,자율전공학부,,,True,True,True
대구한의대학교,웰니스융합대학,호텔외식조리베이커리학과,,,True,True,True
대구한의대학교,웰니스융합대학,식품영양학과,,,True,True,True
대구한의대학교,웰니스융합대학,아동복지상담학과,,,True,True,True
대구한의대학교,화장품제약대학,K-뷰티비즈니스전공,,,True,True,True
대구한의대학교,화장품제약대학,제약공학과,,,True,True,True
대구한의대학교,화장품제약대학,산업품질공학전공,,,True,True,True
대구한의대학교,화장품제약대학,화장품공학부,,,True,True,True
대구한의대학교,화장품제약대학,화장품소재공학전공,,,True,True,True
대구한의대학교,화장품제약대학,식품생명공학전공,,,True,True,True
대구한의대학교,화장품제약대학,화장품약리학전공,,,True,True,True
대구한의대학교,화장품제약대학,바이오산업융합학부,,,True,True,True
대구한의대학교,재활보건대학,노인복지상담학과,,,True,True,True
대구한의대학교,재활보건대학,시니어스포츠학과,,,True,True,True
대구한의대학교,재활보건대학,한방스포츠의학과,,,True,True,True
대구한의대학교,재활보건대학,재활의료공학과,,,True,True,True
순천향대학교,엔터프라이즈스쿨,차세대통신융합디바이스전공(모빌리티ICT융합학부),,,True,True,True
순천향대학교,엔터프라이즈스쿨,스마트휴먼인터페이스전공(모빌리티ICT융합학부),,,True,True,True
순천향대학교,엔터프라이즈스쿨,자율주행시스템전공(모빌리티ICT융합학부),,,True,True,True
순천향대학교,엔터프라이즈스쿨,디스플레이-시스템 반도체소부장전공(모빌리티소재・부품・장비융합학부),,,True,True,True
순천향대학교,엔터프라이즈스쿨,첨단센서융합디바이스전공(모빌리티소재・부품・장비융합학부),,,True,True,True
순천향대학교,엔터프라이즈스쿨,친환경동력시스템전공(모빌리티소재・부품・장비 융합학부),,,True,True,True
순천향대학교,엔터프라이즈스쿨,모빌리티소재・부품・장비융합학부,,,True,True,True
순천향대학교,엔터프라이즈스쿨,모빌리티ICT융합학부,,,True,True,True
대전대학교,디지털미래융합대학,디지털헬스케어학과,,,True,True,True
한남대학교,탈메이지교양・융합대학,자유전공학부,,,True,True,True
한남대학교,탈메이지교양・융합대학,XR스마트미디어융합전공,,,True,True,True
한남대학교,탈메이지교양・융합대학,과학기술・행정융합전공,,,True,True,True
한남대학교,탈메이지교양・융합대학,코스메틱사이언스전공,,,True,True,True
한남대학교,탈메이지교양・융합대학,한국어통・번역전공,,,True,True,True
한남대학교,탈메이지교양・융합대학,빅데이터전공,,,True,True,True
한남대학교,사회과학대학,상담심리학과,,,True,True,True
한남대학교,사회과학대학,사회적경제기업학과,,,True,True,True
한남대학교,단과대구분없음,린튼글로벌스쿨,,,True,True,True
한국폴리텍 III 대학 원주캠퍼스,단과대구분없음,의료공학과(의료시스템제어),,,True,True,True
부경대학교,환경ㆍ해양대학,지구환경시스템과학부,,,True,True,True
부경대학교,정보융합대학,빅데이터융합전공,,,True,True,True
우석대학교,과학기술대학,컴퓨터공학부,,,True,True,True
삼육대학교,인문사회대학,영어영문학과,,,True,True,True
삼육대학교,문화예술대학,건축학과(5년제),,,True,True,True
삼육대학교,미래융합대학,인공지능융합학부,,,True,True,True
삼육대학교,과학기술대학,동물자원과학과,,,True,True,True
상명대학교,예술대학,예술학부 영화영상전공,,,True,True,True
상명대학교,예술대학,예술학부 연극전공,,,True,True,True
세종대학교,소프트웨어융합대학,스마트기기공학전공,,,True,True,True
세종대학교,소프트웨어융합대학,지능기전공학부,,,True,True,True
세종대학교,소프트웨어융합대학,무인이동체공학전공,,,True,True,True
안양대학교,창의융합대학,통계데이터사이언스학과,,,True,True,True
세종대학교,자연과학대학,수학통계학과,,,True,True,True
창신대학교,단과대구분없음,글로벌관광경영학부 항공관광전공,,,True,True,True
창신대학교,단과대구분없음,글로벌관광경영학부 중국비즈니스전공,,,True,True,True
창신대학교,단과대구분없음,스마트융합공학부 컴퓨터공학전공,,,True,True,True
창신대학교,단과대구분없음,스마트융합공학부 항공정비기계전공,,,True,True,True
창신대학교,단과대구분없음,스마트융합공학부 소방방재공학전공,,,True,True,True
창신대학교,스마트휴먼대학,음악학과,,,True,True,True
창신대학교,스마트휴먼대학,미용예술학과,,,True,True,True
창신대학교,스마트휴먼대학,식품영양학과,,,True,True,True
창신대학교,스마트휴먼대학,부동산금융학과,,,True,True,True
창신대학교,스마트휴먼대학,경찰행정학과,,,True,True,True
창신대학교,스마트휴먼대학,사회복지학과,,,True,True,True
창신대학교,스마트휴먼대학,유아교육과,,,True,True,True
창신대학교,간호대학,간호학과,,,True,True,True
세종대학교,공과대학,건축공학과,,,True,True,True
세종대학교,공과대학,건축학과,,,True,True,True
안양대학교,예술체육대학,스포츠지도학과,,,True,True,True
가야대학교(김해),단과대구분없음,경찰소방학과,,,True,True,True
가야대학교(김해),단과대구분없음,스포츠재활복지학부,,,True,True,True
안양대학교,예술체육대학,게임콘텐츠학과,,,True,True,True
안양대학교,창의융합대학,AI융합학과,,,True,True,True
안양대학교,예술체육대학,뷰티메디컬디자인학과,,,True,True,True
협성대학교,예술대학,실용음악전공,,,True,True,True
광주대학교,인문사회대학,사이버보안경찰학과,,,True,True,True
광주대학교,경영대학,호텔외식조리학과,,,True,True,True
협성대학교,예술대학,성악전공,,,True,True,True
협성대학교,예술대학,관현악전공,,,True,True,True
협성대학교,예술대학,피아노전공,,,True,True,True
협성대학교,이공대학,소프트웨어공학과,,,True,True,True
협성대학교,경영대학,글로벌통상・문화학과,,,True,True,True
협성대학교,경영대학,호텔관광경영학과,,,True,True,True
협성대학교,경영대학,미디어영상광고학과,,,True,True,True
협성대학교,인문사회과학대학,중국어문화학과,,,True,True,True
한국폴리텍 V 대학 전남캠퍼스,단과대구분없음,기계시스템과,,,True,True,True
유원대학교,단과대구분없음,경찰학부,,,True,True,True
경상국립대학교,농업생명과학대학,식품공학부,,,True,True,True
한경국립대학교,단과대구분없음,스마트애그리푸드시스템,,,True,True,True
단국대학교,공과대학,전자전기공학부 융합반도체공학전공,,,True,True,True
아신대학교,단과대구분없음,상담복지학부 청소년상담지도전공,,,True,True,True
부경대학교,공과대학,지속가능공학부,,,True,True,True
아신대학교,단과대구분없음,상담복지학부 사회복지전공,,,True,True,True
아신대학교,단과대구분없음,교육미디어커뮤니케이션학부 기독교교육(ACSI)전공,,,True,True,True
아신대학교,단과대구분없음,국제개발협력학부 중국어전공,,,True,True,True
아신대학교,단과대구분없음,국제개발협력학부 글로벌영어전공,,,True,True,True
아신대학교,단과대구분없음,국제개발협력학부 국제개발협력전공,,,True,True,True
아신대학교,단과대구분없음,신학부 신학전공,,,True,True,True
아신대학교,단과대구분없음,교육미디어커뮤니케이션학부,,,True,True,True
아신대학교,단과대구분없음,국제개발협력학부,,,True,True,True
아신대학교,단과대구분없음,신학부,,,True,True,True
한국폴리텍 I 대학 서울정수캠퍼스,단과대구분없음,기계시스템디자인과,,,True,True,True
연세대학교(미래),글로벌엘리트학부,재활치료학전공,,,True,True,True
연세대학교(미래),글로벌엘리트학부,의료영상및방사선과학전공,,,True,True,True
연세대학교(미래),글로벌엘리트학부,글로벌산업경영전공,,,True,True,True
연세대학교(미래),글로벌엘리트학부,구강보건학전공,,,True,True,True
연세대학교(미래),글로벌엘리트학부,문화산업관리전공,,,True,True,True
연세대학교(미래),글로벌엘리트학부,디지털미디어디자인전공,,,True,True,True
한국해양대학교,해양과학기술융합대학,전자전기정보공학부(나노반도체공학전공),,,True,True,True
한국해양대학교,해양과학기술융합대학,인공지능공학부(IT융합전공),,,True,True,True
한국해양대학교,해양과학기술융합대학,인공지능공학부(지능제어시스템공학전공),,,True,True,True
한국해양대학교,해사대학,해사인공지능・보안학부,,,True,True,True
협성대학교,신학대학,에이블아트・스포츠학과,,,True,True,True
경남대학교,건강보건대학,보건의료정보학과,,,True,True,True
경남대학교,공공인재대학,경찰학부,,,True,True,True
동서대학교,단과대구분없음,XR콘텐츠융합연계전공,,,True,True,True
가천대학교,IT융합대학,스마트시티융합학과,,,True,True,True
가천대학교,공과대학,기계・스마트・산업공학부(스마트팩토리전공),,,True,True,True
가천대학교,IT융합대학,컴퓨터공학부(스마트보안전공),,,True,True,True
가천대학교,IT융합대학,전자공학부(차세대반도체전공),,,True,True,True
강남대학교,공과대학,ICT공학부,,,True,True,True
남부대학교,단과대구분없음,기계소재공학과,,,True,True,True
디지털서울문화예술대학교,단과대구분없음,토탈뷰티아트학과,,,True,True,True
부경대학교,정보융합대학,데이터비즈니스융합전공,,,True,True,True
부경대학교,정보융합대학,통계・데이터사이언스전공,,,True,True,True
글로벌사이버대학교,단과대구분없음,미디어콘텐츠창작학과,,,True,True,True
고려사이버대학교,단과대구분없음,인재개발학부,,,True,True,True
고려사이버대학교,단과대구분없음,소방안전학부,,,True,True,True
고려사이버대학교,단과대구분없음,디자인학부,,,True,True,True
고려사이버대학교,단과대구분없음,보건의료학부,,,True,True,True
고려사이버대학교,단과대구분없음,전기전자공학부,,,True,True,True
고려사이버대학교,단과대구분없음,기계제어공학부,,,True,True,True
우송대학교,JW Kim College of Future Studies,휴먼디지털인터페이스학부,,,True,True,True
부경대학교,정보융합대학,휴먼바이오융합전공,,,True,True,True
한서대학교,단과대구분없음,해양경찰학과,,,True,True,True
부경대학교,정보융합대학,컴퓨터공학부,,,True,True,True
한국방송통신대학교,프라임칼리지,융합경영학부 마케팅・애널리틱스전공,,,True,True,True
한국방송통신대학교,프라임칼리지,융합경영학부 회계금융전공,,,True,True,True
한국방송통신대학교,프라임칼리지,융합경영학부,,,True,True,True
목포대학교,공과대학,조선해양공학과(LNG트랙),,,True,True,True
한서대학교,단과대구분없음,바이오식품과학과,,,True,True,True
한서대학교,Hans 국제항공대학,항공신소재화학공학과,,,True,True,True
서울디지털대학교,단과대구분없음,일본전공,,,True,True,True
서울디지털대학교,단과대구분없음,중국전공,,,True,True,True
서울디지털대학교,단과대구분없음,기계로봇공학과,,,True,True,True
서울디지털대학교,단과대구분없음,외식조리전공,,,True,True,True
한양대학교(ERICA),공학대학,지능형로봇학과,,,True,True,True
한양대학교(ERICA),공학대학,스마트융합공학부 지속가능건축융합전공,,,True,True,True
부경대학교,공과대학,조선해양시스템공학전공,,,True,True,True
한국외국어대학교,중국학대학,차이나데이터큐레이션전공,,,True,True,True
영남대학교,생활과학대학,주거환경학과,,,True,True,True
한밭대학교,정보기술대학,모바일융합공학과,,,True,True,True
한밭대학교,정보기술대학,지능미디어공학과,,,True,True,True
영남대학교,기계IT대학,미래자동차공학과,,,True,True,True
영남대학교,기계IT대학,로봇공학과,,,True,True,True
배재대학교,문화예술대학,뷰티케어학과,,,True,True,True
대구한의대학교,재활보건대학,노인재활치료학과,,,True,True,True
가톨릭대학교,단과대구분없음,자유전공학과(공학),,,True,True,True
가톨릭대학교,단과대구분없음,자유전공학과(자연・생활),,,True,True,True
가톨릭대학교,단과대구분없음,자유전공학과(인문사회),,,True,True,True
가톨릭대학교,단과대구분없음,공간디자인・소비자학과,,,True,True,True
서울사이버대학교,WISDOM교양대학,WISDOM교양대학,,,True,True,True
서울사이버대학교,단과대구분없음,국방융합학부,,,True,True,True
서울사이버대학교,사회과학대학,안전관리학과,,,True,True,True
서울사이버대학교,디자인대학,웹문예창작학과,,,True,True,True
연세대학교(미래),글로벌창의융합대학,East Asian Politics and Economy,,,True,True,True
연세대학교(미래),소프트웨어디지털헬스케어융합대학,헬스케어빅데이터전공,,,True,True,True
연세대학교(미래),RC융합대학,자율융합계열,,,True,True,True
부경대학교,공과대학,생태공학전공,,,True,True,True
동서대학교,단과대구분없음,ITPreneurship융합연계전공,,,True,True,True
부경대학교,수산과학대학,식품과학부,,,True,True,True
청주대학교,공과대학,인공지능소프트웨어전공,,,True,True,True
부경대학교,자연과학대학,과학시스템시뮬레이션학과,,,True,True,True
부경대학교,공과대학,시스템경영・안전공학부,,,True,True,True
부경대학교,공과대학,에너지수송시스템공학부,,,True,True,True
부경대학교,공과대학,융합소재공학부,,,True,True,True
부경대학교,환경ㆍ해양대학,해양학전공,,,True,True,True
부경대학교,공과대학,공업화학・고분자공학부,,,True,True,True
부경대학교,인문사회과학대학,경제학과,,,True,True,True
부경대학교,정보융합대학,전자공학전공,,,True,True,True
부경대학교,정보융합대학,해양스포츠전공,,,True,True,True
공주대학교,산업과학대학,스마트수산자원학과,,,True,True,True
부경대학교,정보융합대학,시각디자인전공,,,True,True,True
부경대학교,정보융합대학,조형학부,,,True,True,True
부경대학교,공과대학,금속공학전공,,,True,True,True
전북대학교,공과대학,한옥건축학과,,,True,True,True
전남대학교,농업생명과학대학,분자생명공학과,,,True,True,True
전남대학교,AI융합대학,지능실감미디어융합전공,,,True,True,True
부경대학교,수산과학대학,식품영양학전공,,,True,True,True
공주대학교,예술대학,주얼리・금속디자인학과,,,True,True,True
부경대학교,공과대학,나노융합공학과,,,True,True,True
연세대학교,약학대학,약학과,,,True,True,True
부경대학교,정보융합대학,의공학전공,,,True,True,True
부경대학교,정보융합대학,공업디자인전공,,,True,True,True
부경대학교,인문사회과학대학,행정복지학부,,,True,True,True
부경대학교,정보융합대학,스마트헬스케어학부,,,True,True,True
한양대학교,공과대학,심리뇌과학전공,,,True,True,True
부경대학교,인문사회과학대학,"사회계열(법학과,중국학과,정치외교학과)",,,True,True,True
한국국제대학교,생활체육대학,스포츠복지학부(스포츠청소년지도전공),,,True,True,True
한국국제대학교,생활체육대학,스포츠복지학부(노인스포츠복지전공),,,True,True,True
한국국제대학교,교육과학대학,특수교육학부(특수체육전공),,,True,True,True
한국국제대학교,스포츠산업대학,스포츠레저학과,,,True,True,True
세명대학교,보건바이오대학,바이오제약산업학부,,,True,True,True
부산디지털대학교,단과대구분없음,시각미디어디자인학과,,,True,True,True
경주대학교,디자인&IT문화융합대학,게임프로그래밍전공,,,True,True,True
경주대학교,문화관광대학,외식조리학과,,,True,True,True
한국국제대학교,스포츠산업대학,스포츠웰빙학부,,,True,True,True
한국국제대학교,스포츠산업대학,스포츠산업융합학부,,,True,True,True
영산대학교,미래융합대학,인문문화융합학과,,,True,True,True
경주대학교,문화관광대학,전통연희전공,,,True,True,True
동신대학교,에너지융합대학,전기자동차학과,,,True,True,True
경주대학교,디자인&IT문화융합대학,토탈디자인전공,,,True,True,True
동신대학교,에너지융합대학,에너지경영학과,,,True,True,True
동신대학교,에너지융합대학,기계공학과,,,True,True,True
동신대학교,에너지융합대학,사물인터넷학과,,,True,True,True
동신대학교,에너지융합대학,신재생에너지학과,,,True,True,True
경주대학교,디자인&IT문화융합대학,디자인게임애니메이션학부,,,True,True,True
세명대학교,사회과학대학,관광외식경영학과,,,True,True,True
목포대학교,생활과학예술체육대학,아동・식품・패션학부,,,True,True,True
한국국제대학교,스포츠무도대학,경찰경호학과,,,True,True,True
동신대학교,보건복지대학,제약・화장품학과,,,True,True,True
동신대학교,사회문화대학,글로벌경영학과,,,True,True,True
동신대학교,보건복지대학,반려동물학과,,,True,True,True
울산대학교,디자인ㆍ건축융합대학,실내공간디자인학과,,,True,True,True
광주대학교,인문사회과학대학,경찰・행정학부,,,True,True,True
한국에너지공과대학교,단과대구분없음,에너지공학부,,,True,True,True
경주대학교,단과대구분없음,로고스 칼리지,,,True,True,True
세명대학교,보건바이오대학,바이오식품영양학부,,,True,True,True
세명대학교,IT엔지니어링대학,건축학과,,,True,True,True
세명대학교,IT엔지니어링대학,컴퓨터학부,,,True,True,True
세명대학교,IT엔지니어링대학,스마트IT학부,,,True,True,True
대구대학교,경영대학,호텔관광경영학부,,,True,True,True
대구대학교,조형예술대학,시각디자인융합학부,,,True,True,True
대구대학교,법・행정대학,경찰학부,,,True,True,True
세명대학교,사회과학대학,회계세무학과,,,True,True,True
세명대학교,사회과학대학,무역경영학과,,,True,True,True
세명대학교,사회과학대학,도시경제부동산학과,,,True,True,True
세명대학교,인문예술대학,연기예술학과,,,True,True,True
세명대학교,인문예술대학,영화웹툰애니메이션학과,,,True,True,True
동신대학교,공과대학,건축학부,,,True,True,True
동신대학교,사회문화대학,국제어문학부,,,True,True,True
세명대학교,인문예술대학,글로벌언어문화콘텐츠학부,,,True,True,True
동신대학교,공과대학,산림조경학과,,,True,True,True
동신대학교,보건복지대학,바이오헬스케어학부,,,True,True,True
광주대학교,인문사회과학대학,회계세무학과,,,True,True,True
부경대학교,공과대학,안전공학전공,,,True,True,True
동신대학교,사회문화대학,태권도학과,,,True,True,True
동신대학교,사회문화대학,공연예술무용학과,,,True,True,True
한국폴리텍 V 대학 전북캠퍼스,단과대구분없음,스마트IoT과,,,True,True,True
한국폴리텍 V 대학 전북캠퍼스,단과대구분없음,AI로봇자동화과,,,True,True,True
울산대학교,공과대학,공학계열,,,True,True,True
울산대학교,생활과학대학,생활과학계열,,,True,True,True
울산대학교,자연과학대학,자연과학계열,,,True,True,True
울산대학교,경영대학,경영계열,,,True,True,True
울산대학교,사회과학대학,사회과학계열,,,True,True,True
울산대학교,인문대학,인문계열,,,True,True,True
부경대학교,환경ㆍ해양대학,환경지질과학전공,,,True,True,True
한양대학교,공과대학,데이터사이언스전공,,,True,True,True
한양대학교,공과대학,데이터사이언스학부,,,True,True,True
대구대학교,단과대구분없음,AI학부(AI엔터테인먼트전공),,,True,True,True
부경대학교,공과대학,전기공학부,,,True,True,True
부경대학교,공과대학,제어계측공학전공,,,True,True,True
부산대학교,정보의생명공학대학,의생명공학전공,,,True,True,True
부산대학교,정보의생명공학대학,데이터사이언스전공,,,True,True,True
목포대학교,공과대학,조선해양공학과(친환경선박설계트랙),,,True,True,True
목포대학교,공과대학,조선해양공학과(스마트생산트랙),,,True,True,True
부경대학교,수산과학대학,양식응용생명과학전공,,,True,True,True
부경대학교,수산과학대학,수산생명과학부,,,True,True,True
부경대학교,수산과학대학,자원생물학전공,,,True,True,True
대구한의대학교,재활보건대학,미술놀이치료학과,,,True,True,True
서울디지털대학교,단과대구분없음,웹툰웹소설전공,,,True,True,True
서울디지털대학교,단과대구분없음,정보보안전공,,,True,True,True
부경대학교,정보융합대학,의공학IT융합전공,,,True,True,True
서울디지털대학교,단과대구분없음,노인복지전공,,,True,True,True
한국폴리텍 II 대학 인천캠퍼스,단과대구분없음,지능기계시스템과(ICT기계가공),,,True,True,True
충남대학교,사회과학대학,도시・자치융합학과,,,True,True,True
충남대학교,국제학부,국제학부,,,True,True,True
서울디지털대학교,단과대구분없음,예술치료전공,,,True,True,True
한국폴리텍 II 대학 인천캠퍼스,단과대구분없음,스마트재료과,,,True,True,True
한국폴리텍 II 대학 인천캠퍼스,단과대구분없음,지능기계시스템과,,,True,True,True
경희사이버대학교,단과대구분없음,부동산전공,,,True,True,True
경희사이버대학교,단과대구분없음,자산관리학부,,,True,True,True
경희사이버대학교,단과대구분없음,금융전공,,,True,True,True
예원예술대학교,단과대구분없음,애니메이션&웹툰전공,,,True,True,True
예원예술대학교,단과대구분없음,공연예술전공,,,True,True,True
경희사이버대학교,단과대구분없음,한국어문화학부,,,True,True,True
경희사이버대학교,단과대구분없음,문화예술경영학과,,,True,True,True
한국폴리텍 VII 대학 울산캠퍼스,단과대구분없음,에너지산업설비과,,,True,True,True
한양대학교,예술ㆍ체육대학,스포츠매니지먼트전공,,,True,True,True
한양대학교,예술ㆍ체육대학,스포츠사이언스전공,,,True,True,True
한양대학교,공과대학,바이오메디컬공학전공,,,True,True,True
동신대학교,에너지융합대학,전기전자재료공학과,,,True,True,True
부산가톨릭대학교,응용과학대학,컴퓨터정보공학과,,,True,True,True
목포해양대학교,단과대구분없음,해양산업융합학과,,,True,True,True
배재대학교,생명보건대학,외식조리학과,,,True,True,True
가톨릭대학교,단과대구분없음,인공지능학과,,,True,True,True
세명대학교,보건바이오대학,화장품뷰티학부(화장품학),,,True,True,True
세명대학교,보건바이오대학,화장품뷰티학부(뷰티케어학),,,True,True,True
동서대학교,단과대구분없음,영어SW융합연계전공,,,True,True,True
부경대학교,정보융합대학,건축학전공(5년),,,True,True,True
송원대학교,단과대구분없음,재활보건학과,,,True,True,True
동서대학교,단과대구분없음,한국어비지니스연계전공,,,True,True,True
동서대학교,단과대구분없음,중국어SW융합연계전공,,,True,True,True
동서대학교,미래커리어대학,스포츠레저산업학과,,,True,True,True
경주대학교,디자인&IT문화융합대학,게임애니메이션전공,,,True,True,True
아신대학교,단과대구분없음,상담복지학부,,,True,True,True
청주대학교,단과대구분없음,국방안보드론학과,,,True,True,True
한국폴리텍 I 대학 서울정수캠퍼스,단과대구분없음,인공지능소프트웨어학과,,,True,True,True
목원대학교,문화콘텐츠대학,영어･국제문화학과,,,True,True,True
원광대학교,창의공과대학,인공지능융합학과,,,True,True,True
한국교통대학교,철도대학,AI교통응용전공,,,True,True,True
부경대학교,인문사회과학대학,사회복지학전공,,,True,True,True
부경대학교,인문사회과학대학,행정학전공,,,True,True,True
목원대학교,미술ㆍ디자인대학,시각커뮤니케이션디자인학과,,,True,True,True
목원대학교,미술ㆍ디자인대학,웹툰애니메이션・게임학부,,,True,True,True
목원대학교,음악대학,관현악・작곡학부,,,True,True,True
목원대학교,사회과학대학,공공인재학부,,,True,True,True
목원대학교,사회과학대학,무역물류학과,,,True,True,True
목원대학교,사회과학대학,금융경제학과,,,True,True,True
목원대학교,공과대학,로봇학과,,,True,True,True
목원대학교,공과대학,전기전자공학과,,,True,True,True
목원대학교,테크노과학대학,소방안전학부,,,True,True,True
목원대학교,공과대학,컴퓨터공학과,,,True,True,True
목원대학교,테크노과학대학,의생명바이오공학부,,,True,True,True
목원대학교,테크노과학대학,화장품공학과,,,True,True,True
목원대학교,테크노과학대학,제약공학과,,,True,True,True
목원대학교,문화콘텐츠대학,연극영화영상학부,,,True,True,True
가톨릭대학교,단과대구분없음,데이터사이언스학과,,,True,True,True
한남대학교,아트&디자인테크놀로지대학,미디어영상학과,,,True,True,True
서울과학기술대학교,창의융합대학,미래에너지융합학과,,,True,True,True
경성대학교,생명보건대학,제약공학과,,,True,True,True
광주대학교,인문사회과학대학,부동산학과,,,True,True,True
대구예술대학교,단과대구분없음,산업디자인전공,,,True,True,True
카이스트(KAIST/한국과학기술원),공과대학,반도체시스템공학과,,,True,True,True
카이스트(KAIST/한국과학기술원),공과대학,반도체공학대학원,,,True,True,True
한국공학대학교,미래대학,지능형로봇,,,True,True,True
경주대학교,문화관광대학,관광학부,,,True,True,True
한국국제대학교,생활문화대학,스포츠웰빙학부(영양학전공),,,True,True,True
삼육대학교,과학기술대학,바이오융합공학과,,,True,True,True
한국국제대학교,공과대학,스포츠산업융합학부(스포츠공간디자인전공),,,True,True,True
한국국제대학교,공과대학,스포츠산업융합학부(소방구조스포츠전공),,,True,True,True
경주대학교,디자인&IT문화융합대학,융합소프트웨어공학전공,,,True,True,True
한남대학교,단과대구분없음,글로벌미디어・컬처전공,,,True,True,True
부경대학교,정보융합대학,언론정보전공,,,True,True,True
아주대학교,소프트웨어융합대학,소프트웨어학과,,,True,True,True
아주대학교,소프트웨어융합대학,미디어학과,,,True,True,True
아주대학교,소프트웨어융합대학,국방디지털융합학과,,,True,True,True
유원대학교,단과대구분없음,산업안전보건학과,,,True,True,True
배재대학교,경영대학,무역물류경영학과,,,True,True,True
동서대학교,미래커리어대학,사회안전학과,,,True,True,True
부산외국어대학교,아시아대학,인도지역통상학과,,,True,True,True
한남대학교,생명ㆍ나노과학대학,바이오제약공학과,,,True,True,True
조선대학교,미래사회융합대학,공공서비스학부(헬스케어서비스전공),,,True,True,True
울산대학교,디자인ㆍ건축융합대학,건축학부,,,True,True,True
동국대학교(WISE),인문대학,웹문예학과,,,True,True,True
경상국립대학교,경영대학,회계학전공,,,True,True,True
대구대학교,정보통신대학,전자전기공학부(전기공학전공),,,True,True,True
대구대학교,인문대학,글로벌언어문화학부,,,True,True,True
대구대학교,인문대학,문화예술학부(공연예술전공),,,True,True,True
순천향대학교,엔터프라이즈스쿨,지능형전장제어시스템전공(모빌리티소재・부품・장비융합학부),,,True,True,True
영산대학교,미래융합대학,연계전공학부(실버재활전공),,,True,True,True
한국해양대학교,공과대학,전자전기정보공학부(나노반도체공학전공),,,True,True,True
한국해양대학교,공과대학,인공지능공학부(IT융합전공),,,True,True,True
한국해양대학교,공과대학,인공지능공학부(지능제어시스템공학전공),,,True,True,True
창원대학교,공학대학,스마트그린공학부 화학공학전공,,,True,True,True
창원대학교,공학대학,스마트그린공학부 환경에너지공학전공,,,True,True,True
창원대학교,공학대학,스마트그린공학부 건설시스템공학전공,,,True,True,True
부경대학교,정보융합대학,미디어커뮤니케이션학부,,,True,True,True
서울대학교,약학대학,제약학과(6년제),,,True,True,True
서울대학교,약학대학,약학과(6년제),,,True,True,True
서울대학교,약학대학,약학계열(6년제),,,True,True,True
전남대학교,농업생명과학대학,융합바이오시스템기계공학과,,,True,True,True
부경대학교,환경ㆍ해양대학,환경대기과학전공,,,True,True,True
한국국제대학교,예술체육대학,스포츠웰빙학부(문화콘텐츠전공),,,True,True,True
부경대학교,공과대학,기술・데이터공학전공,,,True,True,True
우송대학교,철도물류대학,물류시스템학과,,,True,True,True
대구가톨릭대학교,공과대학,기계공학전공,,,True,True,True
상명대학교,공과대학,지능형로봇학과,,,True,True,True
부경대학교,정보융합대학,데이터사이언스융합전공,,,True,True,True
한성대학교,창의융합대학,문학문화콘텐츠학과,,,True,True,True
숭실대학교,단과대구분없음,차세대반도체학과,,,True,True,True
부경대학교,공과대학,디스플레이반도체공학전공,,,True,True,True
중원대학교,항공대학,스마트운행체학과,,,True,True,True
광주여자대학교,단과대구분없음,특수교육과(중등특수교육전공),,,True,True,True
한국침례신학대학교,단과대구분없음,음악학부,,,True,True,True
한국침례신학대학교,단과대구분없음,신학부,,,True,True,True
한국침례신학대학교,단과대구분없음,인문사회과학부,,,True,True,True
경주대학교,디자인&IT문화융합대학,ICT융합학부,,,True,True,True
세한대학교,단과대구분없음,인공지능빅데이터학과,,,True,True,True
동서대학교,단과대구분없음,일본어SW융합연계전공,,,True,True,True
한국폴리텍 IV 대학 홍성캠퍼스,단과대구분없음,AI자동화시스템과,,,True,True,True
한국폴리텍 IV 대학 홍성캠퍼스,단과대구분없음,스마트융합설비과,,,True,True,True
한국폴리텍 IV 대학 홍성캠퍼스,단과대구분없음,기계설비보전과,,,True,True,True
광주여자대학교,단과대구분없음,특수교육과(초등특수교육전공),,,True,True,True
광주여자대학교,단과대구분없음,반려동물보건학과,,,True,True,True
광주여자대학교,단과대구분없음,실내건축디자인학과,,,True,True,True
제주대학교,사범대학,지리교육과,,,True,True,True
대구가톨릭대학교,공과대학,로봇시스템공학전공,,,True,True,True
서원대학교,미디어융합대학,영상미디어전공,,,True,True,True
동신대학교,사회문화대학,호텔항공관광경영학부,,,True,True,True
한국국제대학교,공과대학,스포츠산업융합학부(스마트수송전공),,,True,True,True
동서대학교,미래커리어대학,실용콘텐츠창작학과,,,True,True,True
연세대학교(미래),소프트웨어디지털헬스케어융합대학,의료경영정보관리전공,,,True,True,True
대구대학교,조형예술대학,시각디자인융합학부(서비스디자인전공),,,True,True,True
부경대학교,환경ㆍ해양대학,공간정보시스템공학전공,,,True,True,True
성균관대학교,정보통신대학,소재부품융합공학과,,,True,True,True
제주대학교,생명자원과학대학,바이오메디컬정보학과,,,True,True,True
한국침례신학대학교,단과대구분없음,사범학부,,,True,True,True
신한대학교,사회과학대학,경찰행정학과,,,True,True,True
동국대학교,AI융합대학,데이터사이언스전공,,,True,True,True
동국대학교,AI융합대학,인공지능전공,,,True,True,True
동국대학교,AI융합대학,AI융합학부,,,True,True,True
동국대학교,불교대학,문화재학과,,,True,True,True
가톨릭관동대학교,휴먼서비스대학,통합치유학과,,,True,True,True
신한대학교,디자인예술대학,미래스포츠융합학과,,,True,True,True
부산가톨릭대학교,보건과학대학,안전보건학과,,,True,True,True
동덕여자대학교,문화지식융합대학,데이터사이언스전공,,,True,True,True
동덕여자대학교,인문대학,유러피언스터디즈학과,,,True,True,True
금오공과대학교,단과대구분없음,화학생명과학과,,,True,True,True
금오공과대학교,단과대구분없음,수리빅데이터학과,,,True,True,True
한남대학교,스마트융합대학,AI융합학과,,,True,True,True
순천향대학교,엔터프라이즈스쿨,모빌리티SW/AI전공(모빌리티ICT융합학부),,,True,True,True
명지대학교,미래융합대학,미래융합대학,,,True,True,True
한국공학대학교,기업인재대학,컴퓨터전자공학과,,,True,True,True
한국방송통신대학교,프라임칼리지,첨단공학부 AI전공,,,True,True,True
한남대학교,탈메이지교양・융합대학,융복합창업전공,,,True,True,True
동의대학교,ICT공과대학,인공지능학과,,,True,True,True
경희사이버대학교,단과대구분없음,이민・다문화전공,,,True,True,True
경희사이버대학교,단과대구분없음,한국어교육전공,,,True,True,True
부경대학교,공과대학,지능형로봇융합전공,,,True,True,True
한경국립대학교,단과대구분없음,반도체융합전공,,,True,True,True
목원대학교,사회과학대학,중국어중국통상학과,,,True,True,True
아신대학교,단과대구분없음,교육미디어커뮤니케이션학부 미디어콘텐츠개발전공,,,True,True,True
부경대학교,정보융합대학,휴먼ICT융합전공,,,True,True,True
부경대학교,환경ㆍ해양대학,드론융합전공,,,True,True,True
목원대학교,사회과학대학,항공호텔관광경영학과,,,True,True,True
경주대학교,문화관광대학,호텔경영학전공,,,True,True,True
한국폴리텍 II 대학 남인천캠퍼스,단과대구분없음,스마트전기과(ICT융합제어),,,True,True,True
영남대학교,생활과학대학,휴먼서비스학과,,,True,True,True
한국항공대학교,AI융합대학,AI자율주행시스템공학과,,,True,True,True
한경국립대학교,단과대구분없음,레저스포츠매니지먼트,,,True,True,True
부산대학교,약학대학,제약학전공(통합6년제),,,True,True,True
부산대학교,약학대학,약학전공(통합6년제),,,True,True,True
극동대학교,항공대학,항공안전관리학과,,,True,True,True
대구한의대학교,화장품제약대학,산업디자인공학전공,,,True,True,True
한국외국어대학교,사범대학,외국어교육학부,,,True,True,True
목원대학교,미술ㆍ디자인대학,미술학부 아트미디어전공,,,True,True,True
목원대학교,미술ㆍ디자인대학,웹툰애니메이션・게임학부 웹툰애니메이션전공,,,True,True,True
목원대학교,사회과학대학,광고홍보커뮤니케이션학부 언론영상콘텐츠전공,,,True,True,True
목원대학교,문화콘텐츠대학,연극영화영상학부 영화영상전공,,,True,True,True
목원대학교,문화콘텐츠대학,연극영화영상학부 연기전공,,,True,True,True
목원대학교,테크노과학대학,의생명바이오공학부 바이오융합전공,,,True,True,True
목원대학교,미술ㆍ디자인대학,웹툰애니메이션・게임학부 게임콘텐츠전공,,,True,True,True
목원대학교,음악대학,관현악・작곡학부 현악전공,,,True,True,True
목원대학교,음악대학,관현악・작곡학부 관악전공,,,True,True,True
목원대학교,음악대학,관현악・작곡학부 작곡전공,,,True,True,True
목원대학교,사회과학대학,공공인재학부 군공무원전공,,,True,True,True
목원대학교,사회과학대학,공공인재학부 공공인재전공,,,True,True,True
목원대학교,테크노과학대학,소방안전학부 인명구조전공,,,True,True,True
목원대학교,테크노과학대학,소방안전학부 소방안전전공,,,True,True,True
한남대학교,탈메이지교양・융합대학,탈메이지교양・융합대학(자연과학계열),,,True,True,True
한남대학교,탈메이지교양・융합대학,탈메이지교양・융합대학(인문사회계열),,,True,True,True
한남대학교,탈메이지교양・융합대학,탈메이지교양・융합대학(예체능계열),,,True,True,True
한남대학교,탈메이지교양・융합대학,탈메이지교양・융합대학(공학계열),,,True,True,True
한경국립대학교,단과대구분없음,공공헬스케어IT융합전공,,,True,True,True
한경국립대학교,단과대구분없음,지역자원시스템공학전공,,,True,True,True
안양대학교,예술체육대학,화장품발명디자인학과,,,True,True,True
아주대학교,소프트웨어융합대학,인공지능융합학과,,,True,True,True
아주대학교,소프트웨어융합대학,사이버보안학과,,,True,True,True
목원대학교,음악대학,성악・뮤지컬학부 뮤지컬전공,,,True,True,True
목원대학교,음악대학,성악・뮤지컬학부 성악전공,,,True,True,True
목원대학교,사회과학대학,광고홍보커뮤니케이션학부 광고홍보전공,,,True,True,True
목원대학교,테크노과학대학,의생명바이오공학부 의생명공학전공,,,True,True,True
동국대학교,AI융합대학,엔터테인먼트테크놀로지전공,,,True,True,True
순천대학교,생명산업과학대학,융합바이오시스템기계공학과,,,True,True,True
경희대학교,소프트웨어융합대학,컴퓨터공학부,,,True,True,True
순천대학교,약학대학,약학과(6년제),,,True,True,True
제주대학교,공과대학,전기에너지공학과,,,True,True,True
대진대학교,휴먼IT공과대학,AI융합학부,,,True,True,True
대진대학교,인문예술대학,문예콘텐츠창작학과,,,True,True,True
대진대학교,휴먼IT공과대학,건축공학부,,,True,True,True
대진대학교,인문예술대학,실용음악학과,,,True,True,True
대진대학교,휴먼IT공과대학,AI빅데이터전공,,,True,True,True
대진대학교,휴먼IT공과대학,스마트건설・환경공학부,,,True,True,True
한국외국어대학교,사범대학,중국어교육전공,,,True,True,True
한국외국어대학교,사범대학,독일어교육전공,,,True,True,True
한국외국어대학교,사범대학,프랑스어교육전공,,,True,True,True
한림대학교,정보과학대학,디지털금융정보전공,,,True,True,True
한림대학교,정보과학대학,임상의학통계전공,,,True,True,True
한림대학교,정보과학대학,데이터테크전공,,,True,True,True
한림대학교,정보과학대학,데이터사이언스학부,,,True,True,True
한림대학교,정보과학대학,AI기술경영융합전공,,,True,True,True
한림대학교,정보과학대학,AI로봇융합전공,,,True,True,True
한림대학교,정보과학대학,AI의료융합전공,,,True,True,True
한림대학교,정보과학대학,인공지능융합학부,,,True,True,True
한림대학교,정보과학대학,스마트IoT전공,,,True,True,True
한림대학교,정보과학대학,콘텐츠IT전공,,,True,True,True
한림대학교,정보과학대학,빅데이터전공,,,True,True,True
한림대학교,정보과학대학,소프트웨어학부,,,True,True,True
배재대학교,생명보건대학,조경학전공,,,True,True,True
배재대학교,생명보건대학,제약공학전공,,,True,True,True
배재대학교,생명보건대학,제약공학과,,,True,True,True
배재대학교,생명보건대학,정밀응용과학부,,,True,True,True
배재대학교,생명보건대학,원예조경학부,,,True,True,True
배재대학교,생명보건대학,실버보건학과(인문사회계열),,,True,True,True
배재대학교,생명보건대학,생물의약학과,,,True,True,True
배재대학교,생명보건대학,생명공학과,,,True,True,True
배재대학교,생명보건대학,바이오・의생명공학과,,,True,True,True
배재대학교,생명보건대학,나노고분자재료공학전공,,,True,True,True
배재대학교,생명보건대학,나노고분자재료공학과,,,True,True,True
칼빈대학교,단과대구분없음,드론학과,,,True,True,True
칼빈대학교,단과대구분없음,신학과,,,True,True,True
칼빈대학교,단과대구분없음,반려동물학과,,,True,True,True
한국공학대학교,SW대학,게임공학과,,,True,True,True
한국공학대학교,SW대학,컴퓨터공학부(소프트웨어전공),,,True,True,True
한국공학대학교,SW대학,컴퓨터공학부(컴퓨터공학전공),,,True,True,True
한국공학대학교,SW대학,컴퓨터공학부,,,True,True,True
신라대학교,단과대구분없음,산업설비융합학과,,,True,True,True
인제대학교,경영대학,국제경상학부,,,True,True,True
인제대학교,보건의료융합대학,식품생명과학부,,,True,True,True
배재대학교,인문사회대학,외국어학,,,True,True,True
배재대학교,생명보건대학,정밀응용과학,,,True,True,True
배재대학교,생명보건대학,식품영양학전공,,,True,True,True
배재대학교,생명보건대학,헬스케어생명공학전공,,,True,True,True
배재대학교,생명보건대학,바이오헬스케어융합학부,,,True,True,True
상지대학교,미래인재대학,미디어영상광고학부 광고홍보전공,,,True,True,True
상지대학교,디지털융합공과대학,스마트건설공학과,,,True,True,True
상지대학교,디지털융합공과대학,스마트자동차공학과,,,True,True,True
상지대학교,디지털융합공과대학,정보통신소프트웨어공학과,,,True,True,True
상지대학교,디지털융합공과대학,로봇공학과,,,True,True,True
상지대학교,디지털융합공과대학,정보보안학과,,,True,True,True
상지대학교,디지털융합공과대학,전자공학과,,,True,True,True
상지대학교,디지털융합공과대학,환경공학과,,,True,True,True
상지대학교,디지털융합공과대학,생활과학산업학과,,,True,True,True
상지대학교,디지털융합공과대학,컴퓨터데이터정보학과,,,True,True,True
상지대학교,디지털융합공과대학,IT통계학과,,,True,True,True
상지대학교,디지털융합공과대학,응용물리전자학과,,,True,True,True
상지대학교,디지털융합공과대학,반도체물리전자학과,,,True,True,True
상지대학교,생명환경융합대학,동물자원학과,,,True,True,True
상지대학교,생명환경융합대학,동물생명공학과,,,True,True,True
상지대학교,생명환경융합대학,식물생명자원학과,,,True,True,True
상지대학교,생명환경융합대학,환경조경학과,,,True,True,True
상지대학교,생명환경융합대학,산림과학과,,,True,True,True
상지대학교,미래인재대학,법학과,,,True,True,True
상지대학교,미래인재대학,미디어영상광고학부 언론영상전공,,,True,True,True
상지대학교,미래인재대학,군사학과,,,True,True,True
상지대학교,미래인재대학,아시아국제관계학과,,,True,True,True
상지대학교,미래인재대학,부동산학과,,,True,True,True
상지대학교,미래인재대학,행정학과,,,True,True,True
상지대학교,글로벌문화융합대학,뷰티디자인학과,,,True,True,True
상지대학교,글로벌문화융합대학,패션디자인학과,,,True,True,True
상지대학교,글로벌문화융합대학,중국학과,,,True,True,True
상지대학교,글로벌문화융합대학,한국어문학과,,,True,True,True
경남대학교,건강보건대학,화장품학전공,,,True,True,True
경남대학교,건강보건대학,화장품식품개발학부,,,True,True,True
경남대학교,건강보건대학,화장품과학전공,,,True,True,True
경남대학교,건강보건대학,생명공학전공,,,True,True,True
경남대학교,건강보건대학,바이오융합학부,,,True,True,True
경남대학교,건강보건대학,의류산업학과,,,True,True,True
경남대학교,인문사회대학,사회학과,,,True,True,True
경남대학교,인문사회대학,영어학과,,,True,True,True
경남대학교,인문사회대학,한국어문학과,,,True,True,True
경남대학교,건강보건대학,바이오융합학부 식품개발학전공,,,True,True,True
경남대학교,건강보건대학,화장품식품개발학부 식품개발학전공,,,True,True,True
경남대학교,교양융합대학,아레테교육부,,,True,True,True
상지대학교,평생교육융합대학,식음료외식산업학과,,,True,True,True
상지대학교,평생교육융합대학,레저레크레이션학과,,,True,True,True
상지대학교,보건의료과학대학,언어청각치료학과,,,True,True,True
상지대학교,보건의료과학대학,놀이심리치료학과,,,True,True,True
상지대학교,보건의료과학대학,보건의료경영학과,,,True,True,True
상지대학교,보건의료과학대학,제약바이오학과,,,True,True,True
연세대학교(미래),보건과학대학,의료경영정보관리전공,,,True,True,True
연세대학교(미래),보건과학대학,헬스케어빅데이터전공,,,True,True,True
대구가톨릭대학교,약학대학,약학부(통합6년제),,,True,True,True
금오공과대학교,단과대구분없음,인공지능공학과,,,True,True,True
대구가톨릭대학교,약학대학,제약학전공(6년제),,,True,True,True
대구가톨릭대학교,약학대학,약학전공(6년제),,,True,True,True
대전대학교,혜화리버럴아츠컬리지,정치외교학전공,,,True,True,True
창원대학교,공과대학,스마트그린공학부 환경에너지공학전공,,,True,True,True
창원대학교,공과대학,스마트그린공학부 화학공학전공,,,True,True,True
창원대학교,공과대학,스마트그린공학부 건설시스템공학전공,,,True,True,True
동서대학교,소프트웨어융합대학,게임학과(예체능),,,True,True,True
한남대학교,사회과학대학,행정학전공,,,True,True,True
한남대학교,사회과학대학,경찰학전공,,,True,True,True
한남대학교,사회과학대학,행정·경찰학과,,,True,True,True
한남대학교,아트&디자인테크놀로지대학,디자인예술문화전공,,,True,True,True
상지대학교,생명환경융합대학,생명공학부,,,True,True,True
상지대학교,생명환경융합대학,친환경식물학부,,,True,True,True
상지대학교,디지털융합공과대학,컴퓨터정보공학부,,,True,True,True
한남대학교,사회과학대학,특허법학전공,,,True,True,True
원광디지털대학교,단과대구분없음,웰빙문화복지계열,,,True,True,True
한국폴리텍 VII 대학 동부산캠퍼스,단과대구분없음,스마트전기과,,,True,True,True
한라대학교,스마트모빌리티융합대학,광고영상미디어학과,,,True,True,True
한라대학교,웰니스지역공헌대학,관광경영학과,,,True,True,True
동서대학교,미디어콘텐츠대학,영상애니메이션학과,,,True,True,True
동서대학교,미디어콘텐츠대학,방송영상학과,,,True,True,True
동서대학교,미디어콘텐츠대학,웹툰학과,,,True,True,True
동서대학교,미디어콘텐츠대학,게임학과(예체능),,,True,True,True
동서대학교,소프트웨어융합대학,건축공학과,,,True,True,True
동서대학교,디자인대학,건축학과,,,True,True,True
동서대학교,디자인대학,광고홍보학과,,,True,True,True
동서대학교,사회과학대학,경찰행정학과,,,True,True,True
동서대학교,사회과학대학,청소년상담심리학과,,,True,True,True
동서대학교,사회과학대학,사회복지학과,,,True,True,True
동서대학교,소프트웨어융합대학,토목환경공학과,,,True,True,True
동서대학교,소프트웨어융합대학,전자공학과,,,True,True,True
동서대학교,소프트웨어융합대학,메카트로닉스공학과,,,True,True,True
동서대학교,글로벌비즈니스대학,호텔경영학과,,,True,True,True
동서대학교,글로벌비즈니스대학,관광경영・컨벤션학과,,,True,True,True
우석대학교,단과대구분없음,기타모집단위,,,True,True,True
우석대학교,과학기술대학,미래전기자동차공학과,,,True,True,True
한국공학대학교,미래대학,지능형로봇전공,,,True,True,True
한양대학교,예술ㆍ체육대학,스포츠산업과학부,,,True,True,True
공주대학교,천안공과대학,전기전자제어공학부,,,True,True,True
목포대학교,약학대학,약학과(6년제),,,True,True,True
공주대학교,천안공과대학,지능형모빌리티공학과,,,True,True,True
공주대학교,천안공과대학,금형설계공학과,,,True,True,True
공주대학교,천안공과대학,광공학과,,,True,True,True
공주대학교,천안공과대학,산업시스템공학과,,,True,True,True
공주대학교,천안공과대학,환경공학과,,,True,True,True
공주대학교,천안공과대학,시각정보디자인전공,,,True,True,True
공주대학교,천안공과대학,제품디자인전공,,,True,True,True
공주대학교,천안공과대학,금속재료공학전공,,,True,True,True
공주대학교,천안공과대학,고분자공학전공,,,True,True,True
공주대학교,천안공과대학,나노재료공학전공,,,True,True,True
공주대학교,천안공과대학,신소재공학부,,,True,True,True
공주대학교,천안공과대학,공업화학전공,,,True,True,True
공주대학교,천안공과대학,화학공학전공,,,True,True,True
공주대학교,천안공과대학,화학공학부,,,True,True,True
공주대학교,천안공과대학,그린스마트건축공학과,,,True,True,True
공주대학교,천안공과대학,건축학부 건축학전공,,,True,True,True
공주대학교,천안공과대학,건축학부,,,True,True,True
공주대학교,천안공과대학,도시융합시스템공학과,,,True,True,True
공주대학교,천안공과대학,사회환경공학과,,,True,True,True
공주대학교,천안공과대학,미래자동차공학과,,,True,True,True
공주대학교,천안공과대학,기계시스템공학전공,,,True,True,True
공주대학교,천안공과대학,기계설계공학전공,,,True,True,True
공주대학교,천안공과대학,기계공학전공,,,True,True,True
공주대학교,천안공과대학,기계자동차공학부,,,True,True,True
공주대학교,천안공과대학,소프트웨어학과,,,True,True,True
공주대학교,천안공과대학,컴퓨터공학과,,,True,True,True
공주대학교,천안공과대학,스마트정보기술공학과,,,True,True,True
공주대학교,천안공과대학,정보통신공학과,,,True,True,True
공주대학교,천안공과대학,나노정보공학전공,,,True,True,True
공주대학교,천안공과대학,전자공학전공,,,True,True,True
공주대학교,천안공과대학,제어계측공학전공,,,True,True,True
공주대학교,천안공과대학,전기공학전공,,,True,True,True
공주대학교,천안공과대학,산업디자인공학부,,,True,True,True
청운대학교,창의융합대학,스포츠과학과,,,True,True,True
조선대학교,공과대학,지능형로봇학과,,,True,True,True
순천대학교,단과대구분없음,스마트팩토리혁신학과,,,True,True,True
연세대학교(미래),원주간호대학,간호학과,,,True,True,True
동명대학교,Do-ing대학,유튜브크리에이터전공,,,True,True,True
동명대학교,Do-ing대학,앙트러프러너십전공,,,True,True,True
동명대학교,Do-ing대학,디지털공연예술전공,,,True,True,True
명지대학교,인문대학,인문대학,,,True,True,True
청운대학교,창의융합대학,글로벌한국어교육학과,,,True,True,True
대구가톨릭대학교,단과대구분없음,청소년학연계전공,,,True,True,True
한림대학교,글로벌융합대학,경찰과학수사융합전공,,,True,True,True
공주대학교,천안공과대학,생산기계공학과,,,True,True,True
공주대학교,천안공과대학,전기전자공학과,,,True,True,True
공주대학교,천안공과대학,생산기술공학과,,,True,True,True
공주대학교,천안공과대학,반도체기계공학과,,,True,True,True
공주대학교,천안공과대학,전기전자응용공학과,,,True,True,True
공주대학교,천안공과대학,산업경영공학과,,,True,True,True
공주대학교,천안공과대학,금형공학과,,,True,True,True
카이스트(KAIST/한국과학기술원),인문사회융합과학대학,디지털인문사회과학부,,,True,True,True
동서대학교,글로벌비즈니스대학,International Studies과,,,True,True,True
경남대학교,교양융합대학,미래형자동차기술융합학,,,True,True,True
한림대학교,자연과학대학,바이오헬스케어융합전공,,,True,True,True
연세대학교(미래),단과대구분없음,교양과,,,True,True,True
대구가톨릭대학교,단과대구분없음,인문사회융합빅데이터SW연계전공,,,True,True,True
한성대학교,IT공과대학,스마트팩토리컨설팅학과,,,True,True,True
홍익대학교,단과대구분없음,바이오헬스융합학부 바이오헬스데이터전공,,,True,True,True
홍익대학교,단과대구분없음,바이오헬스융합학부 바이오헬스디바이스전공,,,True,True,True
한국항공대학교,항공-경영대학,항공・경영융합전공,,,True,True,True
한국항공대학교,공과대학,공학융합전공,,,True,True,True
한국항공대학교,AI융합대학,AI융합전공,,,True,True,True
상지대학교,FIND칼리지,FIND칼리지학부,,,True,True,True
가톨릭대학교,단과대구분없음,바이오메디컬소프트웨어학과,,,True,True,True
한림대학교,경영대학,스타트업비즈니스전공,,,True,True,True
서울과학기술대학교,교양대학,융합교양학부,,,True,True,True
서울과학기술대학교,교양대학,자연과학부,,,True,True,True
서울과학기술대학교,교양대학,인문사회교양학부,,,True,True,True
고려대학교,보건과학대학,보건환경융합과학부,,,True,True,True
고려대학교,보건과학대학,바이오의공학부,,,True,True,True
한양대학교,간호대학,간호학과,,,True,True,True
한양대학교,간호대학,간호학과(야간),,,True,True,True
세명대학교,IT엔지니어링대학,정밀의료인공지능융합전공,,,True,True,True
울산대학교,융합대학,미래모빌리티전공,,,True,True,True
울산대학교,융합대학,E-Mobility전공,,,True,True,True
울산대학교,융합대학,공동체혁신전공,,,True,True,True
울산대학교,융합대학,스마트기계설계해석전공,,,True,True,True
울산대학교,융합대학,스마트도시・건설전공,,,True,True,True
울산대학교,융합대학,스마트제조ICT전공,,,True,True,True
울산대학교,융합대학,저탄소그린에너지전공,,,True,True,True
울산대학교,융합대학,지능로봇전공,,,True,True,True
홍익대학교,단과대구분없음,바이오헬스융합학부 바이오헬스디자인전공,,,True,True,True
세명대학교,보건바이오대학,화장품생명융합전공,,,True,True,True
단국대학교,공과대학,융합시스템공학전공,,,True,True,True
단국대학교,공공·보건과학대학,바이오헬스융합학부,,,True,True,True
연세대학교(미래),RC융합대학,교양과,,,True,True,True
동서대학교,미디어콘텐츠대학,게임학과,,,True,True,True
경상국립대학교,본부대학Ⅰ,지능시스템공학과,,,True,True,True
덕성여자대학교,미래인재대학,미래인재대학,,,True,True,True
서강대학교,단과대구분없음,융합교육원,,,True,True,True
강서대학교,단과대구분없음,아동가족복지학과,,,True,True,True
동아대학교,공과대학,스마트생산융합시스템공학과,,,True,True,True
호남대학교,AI융합대학,게임애니메이션학과,,,True,True,True
공주대학교,천안공과대학,토목환경공학전공,,,True,True,True
공주대학교,천안공과대학,컴퓨터공학전공,,,True,True,True
공주대학교,천안공과대학,정보통신공학전공,,,True,True,True
공주대학교,천안공과대학,정보통신공학부,,,True,True,True
공주대학교,천안공과대학,자동차공학전공,,,True,True,True
공주대학교,천안공과대학,스마트정보기술공학전공,,,True,True,True
공주대학교,천안공과대학,소프트웨어전공,,,True,True,True
공주대학교,천안공과대학,도시및교통공학전공,,,True,True,True
공주대학교,천안공과대학,건설환경공학부,,,True,True,True
공주대학교,천안공과대학,건축학부 건축공학전공,,,True,True,True
공주대학교,천안공과대학,전자공학나노정보공학전공,,,True,True,True
공주대학교,천안공과대학,신소재시스템공학전공,,,True,True,True
송원대학교,단과대구분없음,자율전공학과(공학),,,True,True,True
동신대학교,단과대구분없음,기타모집단위,,,True,True,True
금오공과대학교,단과대구분없음,반도체시스템전공,,,True,True,True
강원대학교,문화예술‧공과대학,기계의용・메카트로닉스공학부,,,True,True,True
대전대학교,혜화리버럴아츠칼리지,혜화리버럴아츠칼리지,,,True,True,True
한경국립대학교,단과대구분없음,귀금속보석공예전공,,,True,True,True
동덕여자대학교,인문대학,인문학부 문예창작전공,,,True,True,True
동덕여자대학교,사회과학대학,경영경제학부 경제학전공,,,True,True,True
동덕여자대학교,사회과학대학,경영경제학부 국제경영학전공,,,True,True,True
동덕여자대학교,인문대학,글로벌지역학부 중어중국학전공,,,True,True,True
동덕여자대학교,인문대학,글로벌지역학부 유러피언스터디즈전공,,,True,True,True
동덕여자대학교,인문대학,글로벌지역학부 일어일본학전공,,,True,True,True
동덕여자대학교,인문대학,인문학부 국사학전공,,,True,True,True
동덕여자대학교,인문대학,인문학부 국어국문학전공,,,True,True,True
한경국립대학교,단과대구분없음,AI반도체융합전공,,,True,True,True
한국폴리텍 V 대학 전북캠퍼스,단과대구분없음,스마트전기자동차과,,,True,True,True
한경국립대학교,단과대구분없음,AI반도체융합학부,,,True,True,True
동덕여자대학교,예술대학,음악학부,,,True,True,True
동덕여자대학교,예술대학,미술학부,,,True,True,True
동덕여자대학교,예술대학,음악학부 성악전공,,,True,True,True
동덕여자대학교,예술대학,음악학부 관현악전공,,,True,True,True
동덕여자대학교,예술대학,음악학부 피아노전공,,,True,True,True
동덕여자대학교,예술대학,미술학부 큐레이터학전공,,,True,True,True
동덕여자대학교,예술대학,미술학부 디지털공예전공,,,True,True,True
동덕여자대학교,예술대학,미술학부 회화전공,,,True,True,True
동덕여자대학교,자연정보과학대학,정보학부,,,True,True,True
동덕여자대학교,자연정보과학대학,자연과학부,,,True,True,True
동덕여자대학교,사회과학대학,사회과학부,,,True,True,True
동덕여자대학교,사회과학대학,경영경제학부,,,True,True,True
동덕여자대학교,인문대학,글로벌지역학부,,,True,True,True
동덕여자대학교,자연정보과학대학,정보학부 정보통계학전공,,,True,True,True
동덕여자대학교,자연정보과학대학,정보학부 컴퓨터학전공,,,True,True,True
동덕여자대학교,자연정보과학대학,자연과학부 체육학전공,,,True,True,True
동덕여자대학교,자연정보과학대학,자연과학부 화장품학전공,,,True,True,True
동덕여자대학교,자연정보과학대학,자연과학부 응용화학전공,,,True,True,True
동덕여자대학교,자연정보과학대학,자연과학부 보건관리학전공,,,True,True,True
동덕여자대학교,자연정보과학대학,자연과학부 식품영양학전공,,,True,True,True
동덕여자대학교,사회과학대학,사회과학부 아동학전공,,,True,True,True
동덕여자대학교,사회과학대학,사회과학부 사회복지학전공,,,True,True,True
동덕여자대학교,사회과학대학,사회과학부 문헌정보학전공,,,True,True,True
동덕여자대학교,인문대학,글로벌지역학부 영어전공,,,True,True,True
동덕여자대학교,디자인대학,디자인학부 미디어디자인전공,,,True,True,True
동덕여자대학교,디자인대학,디자인학부 시각&실내디자인전공,,,True,True,True
동덕여자대학교,디자인대학,디자인학부 패션디자인전공,,,True,True,True
한경국립대학교,단과대구분없음,창의자율전공학부,,,True,True,True
한국폴리텍 VII 대학 창원캠퍼스,단과대구분없음,AI융합전자과,,,True,True,True
한국폴리텍 VII 대학 창원캠퍼스,단과대구분없음,스마트제조기계설계과,,,True,True,True
인하대학교,프런티어학부대학,자유전공학부,,,True,True,True
한국폴리텍 IV 대학 아산캠퍼스,단과대구분없음,AI소프트웨어과,,,True,True,True
한경국립대학교,단과대구분없음,사회통합학부 공공행정전공,,,True,True,True
한경국립대학교,단과대구분없음,사회복지학전공,,,True,True,True
대전대학교,혜화리버럴아츠칼리지,역사문화학전공,,,True,True,True
대전대학교,혜화리버럴아츠칼리지,경제학전공,,,True,True,True
서울장신대학교,단과대구분없음,목회실천학부,,,True,True,True
건양대학교,단과대구분없음,방사선학과,,,True,True,True
한경국립대학교,단과대구분없음,모던음악학전공,,,True,True,True
한경국립대학교,단과대구분없음,사회통합학부,,,True,True,True
한경국립대학교,단과대구분없음,재활복지학부,,,True,True,True
서원대학교,글로벌비즈니스대학,한국어교육전공,,,True,True,True
서원대학교,글로벌비즈니스대학,중국언어문화전공,,,True,True,True
서원대학교,글로벌비즈니스대학,영어전공,,,True,True,True
서원대학교,글로벌비즈니스대학,국제학부,,,True,True,True
건양대학교,단과대구분없음,물리치료학과,,,True,True,True
한경국립대학교,단과대구분없음,의료보장구학전공,,,True,True,True
한경국립대학교,단과대구분없음,장애상담심리학전공,,,True,True,True
대전대학교,혜화리버럴아츠칼리지,생명과학전공,,,True,True,True
한경국립대학교,단과대구분없음,정보보안전공,,,True,True,True
대전대학교,혜화리버럴아츠칼리지,글로벌문화콘텐츠학전공,,,True,True,True
대전대학교,혜화리버럴아츠칼리지,국어국문창작학전공,,,True,True,True
한국폴리텍 V 대학 전북캠퍼스,단과대구분없음,농생명바이오시스템과,,,True,True,True
서울장신대학교,단과대구분없음,사회복지학부,,,True,True,True
금오공과대학교,단과대구분없음,화학공학과,,,True,True,True
금오공과대학교,단과대구분없음,고분자공학과,,,True,True,True
한경국립대학교,단과대구분없음,제품공간디자인전공,,,True,True,True
한경국립대학교,단과대구분없음,창의예술학부,,,True,True,True
한국폴리텍 VII 대학 창원캠퍼스,단과대구분없음,스마트전기자동차과,,,True,True,True
대구예술대학교,단과대구분없음,스포츠지도전공,,,True,True,True
한국폴리텍 III 대학 춘천캠퍼스,단과대구분없음,인공지능SW융합과,,,True,True,True
동덕여자대학교,교양대학,ARETE 교양대학,,,True,True,True
동덕여자대학교,문화지식융합대학,문화지식융합학부,,,True,True,True
동덕여자대학교,공연예술대학,공연예술학부 모델전공,,,True,True,True
동덕여자대학교,공연예술대학,공연예술학부 무용전공,,,True,True,True
동덕여자대학교,공연예술대학,공연예술학부 실용음악전공,,,True,True,True
동덕여자대학교,공연예술대학,공연예술학부 방송연예전공,,,True,True,True
숭실사이버대학교,단과대구분없음,크리스천리더십학과,,,True,True,True
숭실사이버대학교,단과대구분없음,엔터테인먼트학과,,,True,True,True
숭실사이버대학교,단과대구분없음,금융재테크학과,,,True,True,True
덕성여자대학교,과학기술대학,디지털소프트웨어공학부,,,True,True,True
한림대학교,단과대구분없음,자기설계융합전공(인문사회계열),,,True,True,True
김천대학교,지역혁신융합대학,ICT군사학부(드론봇전공),,,True,True,True
김천대학교,지역혁신융합대학,ICT군사학부(IT융합전공),,,True,True,True
김천대학교,지역혁신융합대학,ICT군사학부,,,True,True,True
김천대학교,지역혁신융합대학,경찰소방학부(소방학전공),,,True,True,True
김천대학교,지역혁신융합대학,경찰소방학부(경찰행정전공),,,True,True,True
김천대학교,지역혁신융합대학,경찰소방학부,,,True,True,True
대구가톨릭대학교,공과대학,전자공학부,,,True,True,True
순천대학교,공과대학,전기공학과,,,True,True,True
송원대학교,예체능대학,미용예술학과,,,True,True,True
계명대학교,공과대학,교통공학전공,,,True,True,True
송원대학교,사회과학대학,경찰행정학과,,,True,True,True
송원대학교,철도대학,철도운전・관제시스템학과,,,True,True,True
대구예술대학교,단과대구분없음,애니웹툰학부,,,True,True,True
한경국립대학교,단과대구분없음,장애인레저스포츠학전공,,,True,True,True
대구가톨릭대학교,공과대학,AI자동화로봇전공,,,True,True,True
세종대학교,소프트웨어융합대학,지능기전공학과,,,True,True,True
대구대학교,과학생명융합대학,화장품바이오학부,,,True,True,True
세종대학교,전자정보공학대학,반도체시스템공학과,,,True,True,True
금오공과대학교,단과대구분없음,메디컬IT융합공학과,,,True,True,True
한경국립대학교,단과대구분없음,유아특수보육학전공,,,True,True,True
서원대학교,체육예술대학,헬스케어운동학과,,,True,True,True
서원대학교,바이오융합대학,호텔조리전공,,,True,True,True
서원대학교,바이오융합대학,호텔디저트식음료전공,,,True,True,True
서원대학교,체육예술대학,패션의류학과,,,True,True,True
건양대학교,단과대구분없음,의료신소재학과,,,True,True,True
한경국립대학교,단과대구분없음,시각영상디자인전공,,,True,True,True
순천대학교,사회과학대학,사회복지학과,,,True,True,True
강원대학교,인문사회‧디자인스포츠대학,경제금융전공,,,True,True,True
건양대학교,단과대구분없음,의료IT공학과,,,True,True,True
건양대학교,단과대구분없음,작업치료학과,,,True,True,True
건양대학교,단과대구분없음,안경광학과,,,True,True,True
건양대학교,단과대구분없음,임상병리학과,,,True,True,True
건양대학교,단과대구분없음,응급구조학과,,,True,True,True
건양대학교,단과대구분없음,치위생학과,,,True,True,True
강원대학교,보건과학대학,바이오기능성소재학과,,,True,True,True
건양대학교,단과대구분없음,제약생명공학과,,,True,True,True
대구대학교,과학생명융합대학,화장품바이오학부(바이오메디컬전공),,,True,True,True
대구대학교,과학생명융합대학,화장품바이오학부(화장품제약전공),,,True,True,True
대구대학교,조형예술대학,패션학부(패션디자인전공),,,True,True,True
대구대학교,공과대학,에너지시스템공학과,,,True,True,True
대구대학교,과학생명융합대학,통계학과,,,True,True,True
대구대학교,법・행정대학,법학부(공공안전법학전공),,,True,True,True
대구대학교,인문대학,문화예술학부(미디어문예창작전공),,,True,True,True
한경국립대학교,단과대구분없음,동물생명과학전공,,,True,True,True
대구대학교,과학생명융합대학,원예학과,,,True,True,True
대구대학교,인문대학,국제어문학과,,,True,True,True
단국대학교,사회과학대학,미디어커뮤니케이션학부,,,True,True,True
대전대학교,디지털미래융합대학,빅데이터인공지능학과,,,True,True,True
서강대학교,공과대학,인공지능학과,,,True,True,True
계명대학교,공과대학,의용공학과,,,True,True,True
계명대학교,음악공연예술대학,실용음악음향전공,,,True,True,True
계명대학교,공과대학,자동차공학전공,,,True,True,True
계명대학교,공과대학,게임소프트웨어전공,,,True,True,True
대구가톨릭대학교,반도체대학,AI자동화로봇학과,,,True,True,True
강원대학교,농업생명과학대학,식물의학전공,,,True,True,True
계명대학교,미술대학,웹툰전공,,,True,True,True
계명대학교,체육대학,실버스포츠복지전공,,,True,True,True
서원대학교,바이오융합대학,제약공학과,,,True,True,True
서원대학교,체육예술대학,뷰티학과,,,True,True,True
한경국립대학교,단과대구분없음,행정관리전공,,,True,True,True
건양대학교,단과대구분없음,군사학과,,,True,True,True
건양대학교,단과대구분없음,국방경찰행정학부,,,True,True,True
한경국립대학교,단과대구분없음,동물응용과학전공,,,True,True,True
동덕여자대학교,문화지식융합대학,문화지식융합학부 데이터사이언스전공,,,True,True,True
동덕여자대학교,문화지식융합대학,문화지식융합학부 HCI사이언스전공,,,True,True,True
동덕여자대학교,문화지식융합대학,문화지식융합학부 글로벌MICE전공,,,True,True,True
동덕여자대학교,문화지식융합대학,문화지식융합학부 커뮤니케이션콘텐츠전공,,,True,True,True
호남대학교,문화예술체육대학,시각융합디자인학과,,,True,True,True
강원대학교,경영대학,관광경영학과,,,True,True,True
동국대학교,AI융합대학,멀티미디어소프트웨어공학전공,,,True,True,True
동국대학교,공과대학,정보통신공학과,,,True,True,True
순천대학교,생명산업과학대학,의생명과학과,,,True,True,True
순천대학교,인문예술대학,국제한국어교육학과,,,True,True,True
호서대학교,AI융합대학,전자공학과,,,True,True,True
호서대학교,AI융합대학,빅데이터AI학부,,,True,True,True
순천대학교,공과대학,첨단신소재공학과,,,True,True,True
호남대학교,AI융합대학,로봇드론공학과,,,True,True,True
동국대학교,예술대학,한국음악과,,,True,True,True
중원대학교,융합과학대학,운동레저학부,,,True,True,True
중원대학교,융합과학대학,바이오산업학부,,,True,True,True
중원대학교,융합과학대학,전기반도체컴퓨터학부,,,True,True,True
중원대학교,사회문화대학,종교문화학부,,,True,True,True
단국대학교,생명공학대학,생명자원학부 동물생명공학전공,,,True,True,True
전주대학교,의과학대학,환경안전생명과학과,,,True,True,True
전주대학교,인문대학,영어영문학과,,,True,True,True
전주대학교,공과대학,기계공학과,,,True,True,True
예원예술대학교,단과대구분없음,시각・영상디자인전공,,,True,True,True
예원예술대학교,단과대구분없음,스포츠과학과,,,True,True,True
한경국립대학교,단과대구분없음,한국수어교육전공,,,True,True,True
한양사이버대학교,단과대구분없음,반도체공학과,,,True,True,True
강원대학교,공학대학,에너지자원화학공학과,,,True,True,True
군산대학교,HASS대학,교직과,,,True,True,True
군산대학교,HASS대학,융합기술창업학과,,,True,True,True
군산대학교,HASS대학,아동가족학과,,,True,True,True
군산대학교,HASS대학,사회복지학과,,,True,True,True
군산대학교,HASS대학,무역학과,,,True,True,True
군산대학교,HASS대학,경영학과,,,True,True,True
군산대학교,HASS대학,체육학과,,,True,True,True
군산대학교,HASS대학,음악과,,,True,True,True
군산대학교,HASS대학,산업디자인학과,,,True,True,True
군산대학교,HASS대학,미술학과,,,True,True,True
군산대학교,HASS대학,철학과,,,True,True,True
군산대학교,HASS대학,역사학과,,,True,True,True
군산대학교,HASS대학,중어중문학과,,,True,True,True
군산대학교,HASS대학,일어일문학과,,,True,True,True
군산대학교,HASS대학,미디어문화학과,,,True,True,True
군산대학교,HASS대학,영어영문학과,,,True,True,True
한성대학교,창의융합대학,융합보안학과,,,True,True,True
전남대학교,단과대구분없음,창의융합학부,,,True,True,True
동국대학교,AI융합대학,AI소프트웨어융합학부,,,True,True,True
강원대학교,공학대학,전자정보통신공학과,,,True,True,True
군산대학교,HASS대학,국어국문학과,,,True,True,True
동국대학교(WISE),글로벌사회경영대학,일어일문학과,,,True,True,True
서원대학교,체육예술대학,레저스포츠학부,,,True,True,True
서원대학교,글로벌비즈니스대학,경영학부,,,True,True,True
대구한의대학교,웰니스융합대학,청소년교육상담전공,,,True,True,True
대구한의대학교,웰니스융합대학,상담심리전공,,,True,True,True
대구한의대학교,재활보건대학,보건의료행정전공,,,True,True,True
대구대학교,조형예술대학,패션학부(뷰티스타일링전공),,,True,True,True
동덕여자대학교,문화지식융합대학,문화지식융합학부 문화예술경영전공,,,True,True,True
호서대학교,AI융합대학,반도체공학과,,,True,True,True
대전대학교,공과대학,재난안전공학과,,,True,True,True
이화여자대학교,인공지능대학,인공지능학과,,,True,True,True
강원대학교,농업생명과학대학,스마트팜농산업학과,,,True,True,True
대구가톨릭대학교,소프트웨어융합대학,AI빅데이터공학과,,,True,True,True
대구가톨릭대학교,공과대학,전기공학과,,,True,True,True
대구가톨릭대학교,반도체대학,반도체전자공학과,,,True,True,True
대구가톨릭대학교,사회과학대학,공무원・공기업학과,,,True,True,True
대구가톨릭대학교,글로벌비즈니스대학,중국어중국학과,,,True,True,True
대구가톨릭대학교,사회과학대학,문헌정보학과,,,True,True,True
대구가톨릭대학교,공과대학,미래자동차공학과,,,True,True,True
대구가톨릭대학교,공과대학,기계공학과,,,True,True,True
대구가톨릭대학교,글로벌비즈니스대학,러시아중앙아시아학과,,,True,True,True
한국해양대학교,해양인문사회과학대학,국제무역경제학부,,,True,True,True
한국해양대학교,해양인문사회과학대학,해운경영학부,,,True,True,True
한국해양대학교,해양과학기술융합대학,해양공학과,,,True,True,True
부산대학교,생활과학대학,의류학과,,,True,True,True
한국해양대학교,해양인문사회과학대학,동아시아학과,,,True,True,True
한국해양대학교,해양인문사회과학대학,해양영어영문학과,,,True,True,True
한국해양대학교,공과대학,인공지능공학부(컴퓨터공학전공),,,True,True,True
한국해양대학교,해양인문사회과학대학,해양행정학과,,,True,True,True
한국해양대학교,해양인문사회과학대학,국제관계학과,,,True,True,True
한국해양대학교,해양인문사회과학대학,해사법학부,,,True,True,True
한국해양대학교,해양과학기술융합대학,에너지자원공학과,,,True,True,True
한국해양대학교,해양과학기술융합대학,전자전기정보공학부(전자정보통신공학전공),,,True,True,True
한국해양대학교,해양과학기술융합대학,토목공학과,,,True,True,True
한국해양대학교,해양과학기술융합대학,인공지능공학부(컴퓨터공학전공),,,True,True,True
한국해양대학교,해양과학기술융합대학,환경공학과,,,True,True,True
우석대학교,단과대구분없음,e스포츠융합전공,,,True,True,True
우석대학교,문화사회대학,관광학과,,,True,True,True
신라대학교,MICT융합공과대학,자동차공학과,,,True,True,True
동서대학교,글로벌비즈니스대학,경영학부,,,True,True,True
건양대학교,단과대구분없음,아동교육학과,,,True,True,True
건양대학교,단과대구분없음,심리상담치료학과,,,True,True,True
건양대학교,단과대구분없음,스포츠의학과,,,True,True,True
건양대학교,단과대구분없음,사회복지학과,,,True,True,True
건양대학교,단과대구분없음,디지털콘텐츠학과,,,True,True,True
건양대학교,단과대구분없음,금융세무학부,,,True,True,True
건양대학교,단과대구분없음,경영학부,,,True,True,True
화신사이버대학교,단과대구분없음,드론학과,,,True,True,True
건양대학교,단과대구분없음,의공학과,,,True,True,True
대구한의대학교,재활보건대학,디지털재활의료공학전공,,,True,True,True
대구한의대학교,단과대구분없음,자기설계융합학부,,,True,True,True
대구한의대학교,재활보건대학,재활치료학전공,,,True,True,True
대구한의대학교,재활보건대학,보건안전전공,,,True,True,True
건양대학교,단과대구분없음,의료인공지능학과,,,True,True,True
건양대학교,단과대구분없음,의료공간디자인학과,,,True,True,True
중원대학교,항공대학,무인항공기계학과,,,True,True,True
중원대학교,융합과학대학,스포츠지도학과,,,True,True,True
중원대학교,융합과학대학,스포츠산업학과,,,True,True,True
건양대학교,단과대구분없음,병원경영학과,,,True,True,True
건양대학교,단과대구분없음,호텔관광학과,,,True,True,True
중원대학교,사회문화대학,경호학과,,,True,True,True
중원대학교,사회문화대학,소방안전학과,,,True,True,True
중원대학교,사회문화대학,디자인학과,,,True,True,True
송원대학교,철도대학,철도운전시스템학과,,,True,True,True
전남대학교,공학대학,기계설계공학과,,,True,True,True
전남대학교,공학대학,기계시스템공학과,,,True,True,True
전남대학교,공학대학,메카트로닉스공학과,,,True,True,True
전남대학교,공학대학,전기컴퓨터공학부,,,True,True,True
전남대학교,공학대학,융합생명공학과,,,True,True,True
군산대학교,ONSE대학,건축・해양건설융합공학부,,,True,True,True
군산대학교,ONSE대학,기계공학부(기계설계공학전공),,,True,True,True
군산대학교,ONSE대학,기계공학부(기계공학전공),,,True,True,True
군산대학교,ONSE대학,기계공학부(자동차공학전공),,,True,True,True
군산대학교,ONSE대학,기계공학부,,,True,True,True
군산대학교,ONSE대학,조선해양공학과,,,True,True,True
군산대학교,ONSE대학,IT융합통신공학과,,,True,True,True
군산대학교,ONSE대학,환경공학과,,,True,True,True
군산대학교,ONSE대학,토목공학과,,,True,True,True
군산대학교,ONSE대학,전기공학과,,,True,True,True
군산대학교,ONSE대학,전자공학과,,,True,True,True
군산대학교,ONSE대학,의류학과,,,True,True,True
군산대학교,ONSE대학,생명과학과,,,True,True,True
군산대학교,ONSE대학,화학과,,,True,True,True
군산대학교,ONSE대학,물리학과,,,True,True,True
군산대학교,ONSE대학,신소재공학과,,,True,True,True
군산대학교,ONSE대학,화학공학과,,,True,True,True
대구가톨릭대학교,바이오메디대학,보건안전학과,,,True,True,True
군산대학교,ONSE대학,수학과,,,True,True,True
단국대학교,공과대학,전자전기공학부 전자전기공학전공,,,True,True,True
신라대학교,보건복지대학,제약화장품학과,,,True,True,True
신라대학교,국제대학,한중비즈니스학과,,,True,True,True
제주국제대학교,단과대구분없음,경찰학부 경찰행정학전공,,,True,True,True
제주국제대학교,단과대구분없음,복지상담학부 아동학전공,,,True,True,True
제주국제대학교,단과대구분없음,안전공학부 정보보안공학전공,,,True,True,True
한국기술교육대학교,단과대구분없음,안전공학과,,,True,True,True
서원대학교,바이오융합대학,식품공학과,,,True,True,True
서원대학교,바이오융합대학,호텔외식조리학부,,,True,True,True
대구한의대학교,재활보건대학,재활치료학부,,,True,True,True
동서대학교,사회과학대학,사회복지학부,,,True,True,True
동서대학교,소프트웨어융합대학,사회환경공학과,,,True,True,True
동서대학교,소프트웨어융합대학,기계공학과,,,True,True,True
인제대학교,AI융합대학,AI빅데이터학부,,,True,True,True
서강대학교,경영대학,경영학부(경영학전공),,,True,True,True
서강대학교,경제대학,경제학과,,,True,True,True
중원대학교,Bio-PRIDE 공유대학,화장품산업학과,,,True,True,True
중원대학교,Bio-PRIDE 공유대학,천연물소재학과,,,True,True,True
중원대학교,Bio-PRIDE 공유대학,제약바이오학과,,,True,True,True
전주대학교,미래융합대학,농식품경영학과,,,True,True,True
경남대학교,건강보건대학,외식조리학과,,,True,True,True
영남대학교,경영대학,경제금융전공,,,True,True,True
영남대학교,경영대학,경제금융학부,,,True,True,True
영남대학교,예술대학,성악전공,,,True,True,True
영남대학교,예술대학,국악및작곡전공,,,True,True,True
영남대학교,사회과학대학,미디어커뮤니케이션학과,,,True,True,True
영남대학교,공과대학,건축디자인전공,,,True,True,True
영남대학교,공과대학,건축공학전공,,,True,True,True
영남대학교,공과대학,건축학전공,,,True,True,True
영남대학교,공과대학,건축학부,,,True,True,True
영남대학교,예술대학,생활제품디자인학과,,,True,True,True
영남대학교,예술대학,산업디자인학과,,,True,True,True
영남대학교,예술대학,시각디자인학과,,,True,True,True
영남대학교,경영대학,무역학전공,,,True,True,True
영남대학교,경영대학,무역학부,,,True,True,True
영남대학교,예술대학,회화과,,,True,True,True
영남대학교,사회과학대학,군사학과,,,True,True,True
영남대학교,사회과학대학,경찰행정학과,,,True,True,True
영남대학교,글로벌인재대학,새마을국제개발학과,,,True,True,True
영남대학교,사회과학대학,행정학과,,,True,True,True
영남대학교,사회과학대학,정치외교학과,,,True,True,True
영남대학교,사회과학대학,사회학과,,,True,True,True
영남대학교,사회과학대학,심리학과,,,True,True,True
영남대학교,인문대학,유럽언어문화학부,,,True,True,True
영남대학교,인문대학,독일언어문화전공,,,True,True,True
영남대학교,인문대학,프랑스어문전공,,,True,True,True
영남대학교,글로벌인재대학,중국언어문화학과,,,True,True,True
영남대학교,인문대학,문화인류학과,,,True,True,True
영남대학교,인문대학,역사학과,,,True,True,True
영남대학교,인문대학,철학과,,,True,True,True
영남대학교,인문대학,영어영문학과,,,True,True,True
영남대학교,인문대학,일어일문학과,,,True,True,True
영남대학교,인문대학,국어국문학과,,,True,True,True
경남대학교,경영대학,부동산경제금융학과,,,True,True,True
경남대학교,경영대학,디지털마케팅학과,,,True,True,True
경남대학교,공과대학,디자인학과,,,True,True,True
경남대학교,AI・SW융합대학,전자SW공학과,,,True,True,True
경남대학교,공과대학,기계로봇모빌리티공학전공,,,True,True,True
경남대학교,공과대학,기계시스템디자인공학전공,,,True,True,True
경남대학교,공과대학,재난안전건설학과,,,True,True,True
전북대학교,공과대학,유기소재섬유공학과,,,True,True,True
숭실대학교,공과대학,신소재공학과,,,True,True,True
영남대학교,천마학부대학,전공자유선택학부,,,True,True,True
영남대학교,글로벌인재대학,글로벌비즈니스학과,,,True,True,True
영남대학교,글로벌인재대학,응용중국어통번역전공,,,True,True,True
영남대학교,글로벌인재대학,영어통번역전공,,,True,True,True
영남대학교,글로벌인재대학,글로벌통번역학부,,,True,True,True
영남대학교,글로벌인재대학,국제한국어교육전공,,,True,True,True
영남대학교,글로벌인재대학,글로벌교육학부,,,True,True,True
영남대학교,경영대학,산업경영학과,,,True,True,True
영남대학교,소프트웨어융합대학,소프트웨어보안전공,,,True,True,True
영남대학교,소프트웨어융합대학,AI소프트웨어전공,,,True,True,True
영남대학교,소프트웨어융합대학,소프트웨어융합학부,,,True,True,True
대구한의대학교,화장품제약대학,식품생명공학과,,,True,True,True
서울장신대학교,단과대구분없음,실용음악과,,,True,True,True
신라대학교,국제대학,산업디자인융합학과,,,True,True,True
건양대학교,단과대구분없음,재활퍼스널트레이닝학과,,,True,True,True
건양대학교,단과대구분없음,유아교육과,,,True,True,True
건양대학교,단과대구분없음,시각디자인학과,,,True,True,True
계명대학교,공과대학,스마트제조공학전공,,,True,True,True
대구가톨릭대학교,글로벌비즈니스대학,호텔관광학과,,,True,True,True
대구가톨릭대학교,단과대구분없음,게임웹서비스SW융합전공,,,True,True,True
대구가톨릭대학교,단과대구분없음,AI모빌리티SW융합전공,,,True,True,True
대구가톨릭대학교,단과대구분없음,인공지능응용SW연계전공,,,True,True,True
신라대학교,인문・상경대학,광고홍보영상미디어학부,,,True,True,True
인천대학교,인문대학,일본지역문화학과,,,True,True,True
강릉원주대학교,공과대학,건설환경공학과,,,True,True,True
동국대학교(WISE),글로벌사회경영대학,중어중문학과,,,True,True,True
영남대학교,예술대학,피아노전공,,,True,True,True
영남대학교,예술대학,관현악전공,,,True,True,True
전남대학교,공학대학,전자통신공학과,,,True,True,True
영남대학교,예술대학,음악학부,,,True,True,True
군산대학교,학부,자율전공학부,,,True,True,True
군산대학교,학부,간호학과,,,True,True,True
군산대학교,ONSE대학,해양산업・운송과학기술학부(기관공학전공),,,True,True,True
군산대학교,ONSE대학,해양산업・운송과학기술학부(해양수산관리전공),,,True,True,True
군산대학교,ONSE대학,해양산업・운송과학기술학부,,,True,True,True
군산대학교,ONSE대학,식품생명과학부(식품생명공학전공),,,True,True,True
군산대학교,ONSE대학,식품생명과학부(식품영양학전공),,,True,True,True
군산대학교,ONSE대학,식품생명과학부,,,True,True,True
군산대학교,ONSE대학,수산생명의학과,,,True,True,True
군산대학교,ONSE대학,해양생물자원학과,,,True,True,True
군산대학교,ONSE대학,해양생명과학과,,,True,True,True
군산대학교,ONSE대학,해양경찰학과,,,True,True,True
군산대학교,ONSE대학,공간디자인융합기술학과,,,True,True,True
부경대학교,미래융합대학,융합공학부,,,True,True,True
부경대학교,미래융합대학,기계조선에너지시스템공학전공,,,True,True,True
부경대학교,미래융합대학,전기전자소프트웨어공학전공,,,True,True,True
대구한의대학교,웰니스융합대학,휴먼상담복지학부,,,True,True,True
대구한의대학교,웰니스융합대학,식품영양학전공,,,True,True,True
대구한의대학교,웰니스융합대학,항공관광학전공,,,True,True,True
대구한의대학교,웰니스융합대학,관광푸드비즈니스학부,,,True,True,True
대구한의대학교,웰니스융합대학,아동복지상담전공,,,True,True,True
대구한의대학교,웰니스융합대학,심리치료학부,,,True,True,True
대구한의대학교,웰니스융합대학,미술심리치료전공,,,True,True,True
대구한의대학교,화장품제약대학,K-뷰티학부,,,True,True,True
대구한의대학교,화장품제약대학,화장품품질공학전공,,,True,True,True
동국대학교(WISE),단과대구분없음,웹문예학과,,,True,True,True
동국대학교(WISE),글로벌사회경영대학,영어영문학과,,,True,True,True
동국대학교(WISE),간호대학,스포츠의학전공,,,True,True,True
동국대학교(WISE),간호대학,스포츠과학전공,,,True,True,True
동국대학교(WISE),간호대학,스포츠건강과학부,,,True,True,True
동국대학교(WISE),단과대구분없음,사범교육학부,,,True,True,True
우석대학교,단과대구분없음,영유아발달치료융합전공,,,True,True,True
대구예술대학교,단과대구분없음,디자인학부,,,True,True,True
신라대학교,인문・상경대학,의료관광전공,,,True,True,True
신라대학교,인문・상경대학,호텔관광전공,,,True,True,True
신라대학교,인문・상경대학,호텔・의료관광경영학부,,,True,True,True
신라대학교,인문・상경대학,온라인마케팅전공,,,True,True,True
신라대학교,인문・상경대학,영상크리에이터전공,,,True,True,True
신라대학교,인문・상경대학,광고홍보전공,,,True,True,True
신라대학교,디자인대학,웹툰학과,,,True,True,True
신라대학교,디자인대학,주얼리디자인학과,,,True,True,True
신라대학교,디자인대학,패션디자인학과,,,True,True,True
대구예술대학교,단과대구분없음,스페이스디자인전공,,,True,True,True
신라대학교,MICT융합공과대학,기계공학과,,,True,True,True
신라대학교,MICT융합공과대학,컴퓨터공학부(메타버스전공),,,True,True,True
신라대학교,공과대학,배터리학과,,,True,True,True
신라대학교,디자인대학,미래융합학과,,,True,True,True
신라대학교,인문・상경대학,행정학과,,,True,True,True
신라대학교,인문・상경대학,미디어문예창작학과,,,True,True,True
동서대학교,바이오헬스융합대학,식품화장품학부,,,True,True,True
동서대학교,글로벌비즈니스대학,관광학부,,,True,True,True
동서대학교,소프트웨어융합대학,전자기계공학부,,,True,True,True
동서대학교,소프트웨어융합대학,건축사회환경공학부,,,True,True,True
동서대학교,글로벌비즈니스대학,외국어학부,,,True,True,True
동서대학교,미디어콘텐츠대학,디지털콘텐츠학부,,,True,True,True
인천대학교,사회과학대학,미디어커뮤니케이션학과,,,True,True,True
제주국제대학교,단과대구분없음,건설공학부 건축학전공,,,True,True,True
제주국제대학교,단과대구분없음,체육학부 스포츠재활학전공,,,True,True,True
제주국제대학교,단과대구분없음,건설공학부,,,True,True,True
제주국제대학교,단과대구분없음,체육학부,,,True,True,True
제주국제대학교,단과대구분없음,경찰학부 경호학전공,,,True,True,True
경운대학교,항공공과대학,항공소프트웨어전공,,,True,True,True
경운대학교,간호보건대학,상담심리학전공,,,True,True,True
제주국제대학교,단과대구분없음,건설공학부 토목공학전공,,,True,True,True
제주국제대학교,단과대구분없음,복지상담학부 상담복지학전공,,,True,True,True
제주국제대학교,단과대구분없음,에너지기계공학부,,,True,True,True
제주국제대학교,단과대구분없음,안전공학부 소방방재학전공,,,True,True,True
제주국제대학교,단과대구분없음,안전공학부,,,True,True,True
제주국제대학교,단과대구분없음,복지상담학부,,,True,True,True
제주국제대학교,단과대구분없음,융합경영학부,,,True,True,True
제주국제대학교,단과대구분없음,융합경영학부 항공경영학전공,,,True,True,True
제주국제대학교,단과대구분없음,융합경영학부 호텔관광경영학전공,,,True,True,True
제주국제대학교,단과대구분없음,경찰학부,,,True,True,True
경운대학교,항공서비스대학,항공관광서비스학과,,,True,True,True
서울여자대학교,자연과학대학,바이오헬스융합학과,,,True,True,True
디지털서울문화예술대학교,단과대구분없음,패션산업학과,,,True,True,True
한라대학교,스마트모빌리티융합대학,의료IT융합학과,,,True,True,True
평택대학교,IT공과대학,스마트모빌리티학과,,,True,True,True
한남대학교,아트&디자인테크놀로지대학,패션디자인학과,,,True,True,True
한남대학교,경상대학,무역물류학과,,,True,True,True
서강대학교,지식융합미디어대학,미디어&엔터테인먼트학과,,,True,True,True
서강대학교,지식융합미디어대학,신문방송학과,,,True,True,True
서강대학교,자연과학대학,수학과,,,True,True,True
서강대학교,자연과학대학,물리학과,,,True,True,True
송원대학교,예체능대학,스포츠지도학과,,,True,True,True
서강대학교,자연과학대학,화학과,,,True,True,True
서강대학교,자연과학대학,생명과학과,,,True,True,True
서강대학교,사회과학대학,심리학과,,,True,True,True
대구가톨릭대학교,음악ㆍ공연예술대학,음악학과,,,True,True,True
서강대학교,사회과학대학,정치외교학과,,,True,True,True
서강대학교,사회과학대학,사회학과,,,True,True,True
서강대학교,인문대학,유럽문화학과,,,True,True,True
서강대학교,인문대학,인문학부,,,True,True,True
서강대학교,인문대학,영문학부(영미어문전공),,,True,True,True
건양대학교,단과대구분없음,초등특수교육과,,,True,True,True
대구가톨릭대학교,단과대구분없음,미래차융합전공,,,True,True,True
건양대학교,단과대구분없음,중등특수교육과,,,True,True,True
호원대학교,산업융합대학,컴퓨터게임애니메이션학과,,,True,True,True
호원대학교,산업융합대학,외식창업경영학과,,,True,True,True
호원대학교,인문사회대학,스포츠무도학과,,,True,True,True
호원대학교,산업융합대학,사회복지경영학과,,,True,True,True
호원대학교,산업융합대학,경영학과,,,True,True,True
대구가톨릭대학교,공과대학,배터리학과,,,True,True,True
서강대학교,인문대학,국어국문학과,,,True,True,True
서강대학교,인문대학,사학과,,,True,True,True
서강대학교,인문대학,철학과,,,True,True,True
서강대학교,인문대학,종교학과,,,True,True,True
서강대학교,지식융합미디어대학,지식융합미디어학부,,,True,True,True
서강대학교,사회과학대학,사회과학부,,,True,True,True
중원대학교,융합과학대학,축구학과,,,True,True,True
중원대학교,융합과학대학,생활체육학과,,,True,True,True
서강대학교,공과대학,전자공학과,,,True,True,True
중원대학교,교양대학,자율전공학부,,,True,True,True
호원대학교,산업융합대학,건축학과,,,True,True,True
중원대학교,융합과학대학,의생명과학과,,,True,True,True
중원대학교,융합과학대학,반도체공학과,,,True,True,True
호원대학교,산업융합대학,컴퓨터정보보안학과,,,True,True,True
호원대학교,산업융합대학,자동차기계공학과,,,True,True,True
호원대학교,인문사회대학,아동복지학과,,,True,True,True
중원대학교,융합과학대학,전기전자공학과,,,True,True,True
부산대학교,생활과학대학,아동가족학과,,,True,True,True
서강대학교,단과대구분없음,디지털인문학연계전공,,,True,True,True
서강대학교,공과대학,시스템반도체공학과,,,True,True,True
목원대학교,문화콘텐츠대학,영어학과,,,True,True,True
경희대학교,단과대구분없음,글로벌문화기술융합전공,,,True,True,True
가천대학교,미래산업대학,반도체공학부(반도체설계전공),,,True,True,True
가천대학교,인문대학,외국어계열,,,True,True,True
가천대학교,미래산업대학,반도체공학부(반도체・디스플레이전공),,,True,True,True
가천대학교,IT융합대학,전자공학부(시스템반도체전공),,,True,True,True
가천대학교,사회과학대학,의료산업경영학과,,,True,True,True
동아대학교,사회과학대학,경찰학과,,,True,True,True
건양대학교,창의융합대학,드론기계학과,,,True,True,True
송원대학교,철도대학,철도운전경영학과,,,True,True,True
대구한의대학교,웰니스융합대학,치유산업학과,,,True,True,True
대구사이버대학교,단과대구분없음,전기전자공학과,,,True,True,True
건양대학교,창의융합대학,융합IT학과,,,True,True,True
건양대학교,창의융합대학,사이버보안학과,,,True,True,True
건양대학교,창의융합대학,기업소프트웨어학부,,,True,True,True
건양대학교,창의융합대학,글로벌의료뷰티학과,,,True,True,True
안동대학교,생명과학・건강복지대학,식물의학과,,,True,True,True
안동대학교,공과대학,소프트웨어융합학과,,,True,True,True
안동대학교,공과대학,건설시스템공학과,,,True,True,True
안동대학교,단과대구분없음,창의융합학부,,,True,True,True
고신대학교,보건복지대학,영어과,,,True,True,True
고신대학교,보건복지대학,중국어중국학과,,,True,True,True
한국해양대학교,해양과학기술융합대학,조선해양시스템공학부,,,True,True,True
한국해양대학교,해양과학기술융합대학,해양공간건축학부,,,True,True,True
안동대학교,생명과학・건강복지대학,패션라이프스타일학과,,,True,True,True
안동대학교,생명과학・건강복지대학,식품영양학과,,,True,True,True
중원대학교,융합과학대학,컴퓨터공학과,,,True,True,True
부경대학교,정보융합대학,컴퓨터・인공지능공학부,,,True,True,True
안동대학교,생명과학・건강복지대학,체육학과,,,True,True,True
안동대학교,과학기술대학,정보통계학과,,,True,True,True
안동대학교,생명과학・건강복지대학,생명과학과,,,True,True,True
안동대학교,생명과학・건강복지대학,백신생명공학과,,,True,True,True
안동대학교,생명과학・건강복지대학,스마트원예과학과,,,True,True,True
안동대학교,생명과학・건강복지대학,산림과학과,,,True,True,True
안동대학교,생명과학・건강복지대학,아동・사회복지학과,,,True,True,True
안동대학교,과학기술대학,화학생명공학과,,,True,True,True
안동대학교,사회과학대학,회계세무전공,,,True,True,True
부경대학교,정보융합대학,인공지능전공,,,True,True,True
안동대학교,인문예술대학,공연예술음악과,,,True,True,True
중원대학교,융합과학대학,의료기기산업학과,,,True,True,True
중원대학교,융합과학대학,뷰티케어학과,,,True,True,True
경희대학교,호텔관광대학,관광・엔터테인먼트학부,,,True,True,True
경기대학교,사회과학대학,휴먼서비스학부,,,True,True,True
가톨릭대학교,글로벌경영대학,세무회계금융학과,,,True,True,True
가톨릭대학교,글로벌경영대학,글로벌미래경영학과,,,True,True,True
상지대학교,소프트웨어융합대학,생활과학산업학과,,,True,True,True
상지대학교,소프트웨어융합대학,스마트자동차공학과,,,True,True,True
상지대학교,소프트웨어융합대학,로봇공학과,,,True,True,True
상지대학교,소프트웨어융합대학,신에너지・자원공학과,,,True,True,True
김천대학교,지역혁신융합대학,산업안전경영학부(산업안전전공),,,True,True,True
김천대학교,지역혁신융합대학,산업안전경영학부(산업경영전공),,,True,True,True
김천대학교,지역혁신융합대학,경찰소방학과,,,True,True,True
상지대학교,소프트웨어융합대학,컴퓨터정보공학부,,,True,True,True
명지대학교,방목기초교육대학,전공자유학부,,,True,True,True
명지대학교,방목기초교육대학,융합전공학부(인문),,,True,True,True
상지대학교,소프트웨어융합대학,정보통신소프트웨어공학과,,,True,True,True
김천대학교,지역혁신융합대학,산업안전경영학부,,,True,True,True
김천대학교,지역혁신융합대학,스마트모빌리티학과,,,True,True,True
상지대학교,소프트웨어융합대학,정보보안학과,,,True,True,True
상지대학교,소프트웨어융합대학,전자공학과,,,True,True,True
상지대학교,소프트웨어융합대학,반도체물리전자학과,,,True,True,True
상지대학교,미디어문화대학,뷰티디자인학과,,,True,True,True
상지대학교,미디어문화대학,미디어영상광고학부 언론영상전공,,,True,True,True
상지대학교,미디어문화대학,미디어영상광고학부 광고홍보전공,,,True,True,True
상지대학교,미래인재대학,환경공학과,,,True,True,True
상지대학교,보건의료대학,의료경영학과,,,True,True,True
상지대학교,보건의료대학,언어치료학과,,,True,True,True
상지대학교,보건의료대학,재활상담학과,,,True,True,True
상지대학교,보건의료대학,정밀화학신소재학과,,,True,True,True
상지대학교,보건의료대학,제약공학과,,,True,True,True
선문대학교,예술체육대학,예술체육대학,,,True,True,True
선문대학교,소프트웨어융합대학,소프트웨어융합대학,,,True,True,True
선문대학교,공과대학,공과대학,,,True,True,True
선문대학교,건강보건대학,건강보건대학,,,True,True,True
선문대학교,글로벌비즈니스대학,글로벌비즈니스대학,,,True,True,True
선문대학교,인문사회대학,인문사회대학,,,True,True,True
영남대학교,예술대학,트랜스아트과,,,True,True,True
대구가톨릭대학교,소프트웨어융합대학,게임공학전공,,,True,True,True
대구가톨릭대학교,소프트웨어융합대학,IT운영관리전공,,,True,True,True
대구가톨릭대학교,사회과학대학,미디어영상광고홍보학부,,,True,True,True
강릉원주대학교,자연과학대학,데이터사이언스학과,,,True,True,True
한국폴리텍 I 대학 서울정수캠퍼스,단과대구분없음,메타버스콘텐츠과,,,True,True,True
동국대학교(WISE),단과대구분없음,인문콘텐츠학부,,,True,True,True
동국대학교(WISE),단과대구분없음,국사학과,,,True,True,True
동국대학교(WISE),단과대구분없음,유아교육과,,,True,True,True
동국대학교(WISE),단과대구분없음,수학교육과,,,True,True,True
동국대학교(WISE),단과대구분없음,가정교육과,,,True,True,True
서원대학교,미래대학,생활체육전공,,,True,True,True
서원대학교,글로벌비즈니스대학,항공서비스학과,,,True,True,True
상지대학교,미래인재대학,건설환경공학과,,,True,True,True
송원대학교,사회과학대학,사회서비스융합학과,,,True,True,True
위덕대학교,단과대구분없음,항공호텔서비스학과,,,True,True,True
동의대학교,인문사회과학대학,중어중국학과,,,True,True,True
동의대학교,인문사회과학대학,일본학과,,,True,True,True
동의대학교,IT융합부품소재공과대학,산업경영빅데이터공학전공,,,True,True,True
가톨릭관동대학교,단과대구분없음,트리니티자유대학,,,True,True,True
한국폴리텍 I 대학 성남캠퍼스,단과대구분없음,인공지능소프트웨어학과,,,True,True,True
한국폴리텍 I 대학 성남캠퍼스,단과대구분없음,그린반도체설계과,,,True,True,True
한라대학교,스마트모빌리티융합대학,미래모빌리티공학과,,,True,True,True
한라대학교,스마트모빌리티융합대학,기계자동차로봇공학부,,,True,True,True
한라대학교,스마트모빌리티융합대학,미디어광고콘텐츠학과,,,True,True,True
한라대학교,스마트모빌리티융합대학,영상제작학과,,,True,True,True
세한대학교,단과대구분없음,AI콘텐츠디자인학과,,,True,True,True
세한대학교,단과대구분없음,웹툰애니메이션학과,,,True,True,True
강서대학교,단과대구분없음,실용음악학과,,,True,True,True
호원대학교,예술대학,K-POP학부,,,True,True,True
한라대학교,웰니스지역공헌대학,경영학과,,,True,True,True
한라대학교,웰니스지역공헌대학,무역물류학과,,,True,True,True
한라대학교,웰니스지역공헌대학,스포츠학과,,,True,True,True
한라대학교,웰니스지역공헌대학,호텔항공외식경영학과,,,True,True,True
경운대학교,항공공과대학,소프트웨어학부,,,True,True,True
경운대학교,간호보건대학,상담복지학부,,,True,True,True
군산대학교,학부,소프트웨어학부,,,True,True,True
군산대학교,학부,글로벌비즈니스학부,,,True,True,True
경성대학교,공과대학,응용화학과,,,True,True,True
군산대학교,학부,법행정경찰학부,,,True,True,True
강남대학교,경영관리대학,국제통상학전공,,,True,True,True
전북대학교,공과대학,컴퓨터인공지능학부 컴퓨터공학전공,,,True,True,True
전북대학교,공과대학,컴퓨터인공지능학부 인공지능전공,,,True,True,True
전북대학교,공과대학,컴퓨터인공지능학부,,,True,True,True
아주대학교,공과대학,AI모빌리티공학과,,,True,True,True
아주대학교,공과대학,첨단신소재공학과,,,True,True,True
강원대학교,문화예술‧공과대학,배터리융합공학과,,,True,True,True
전북대학교,사회과학대학,미디어커뮤니케이션학과,,,True,True,True
아주대학교,공과대학,교통시스템공학과,,,True,True,True
한국교통대학교,보건생명대학,화장품산업학과,,,True,True,True
경북대학교,생태환경대학,동물생명공학과,,,True,True,True
경북대학교,생태환경대학,체육학과,,,True,True,True
경북대학교,농업생명과학대학,"응용생명과학부(식물생명과학전공, 환경생명화학전공)",,,True,True,True
경북대학교,IT대학,"컴퓨터학부(플랫폼소프트웨어전공, 데이터과학전공)",,,True,True,True
대진대학교,공과대학,에너지공학부,,,True,True,True
동의대학교,인문사회과학대학,미디어커뮤니케이션학과,,,True,True,True
대진대학교,보건과학대학,의생명과학전공,,,True,True,True
대구가톨릭대학교,바이오메디대학,의료공학과,,,True,True,True
동명대학교,반려동물대학,영양식품학과,,,True,True,True
건양대학교,창의융합대학,재난안전소방학과,,,True,True,True
성결대학교,융합대학,바이오화장품공학전공,,,True,True,True
경운대학교,항공공과대학,모빌리티서비스전공,,,True,True,True
창원대학교,사회과학대학,사회복지학과,,,True,True,True
성결대학교,글로벌경영기술대학,국제물류전공,,,True,True,True
성결대학교,글로벌경영기술대학,유통물류전공,,,True,True,True
성결대학교,예술대학,영화영상학과,,,True,True,True
성결대학교,예술대학,연기예술학과,,,True,True,True
성결대학교,예술대학,실용음악과,,,True,True,True
대구가톨릭대학교,바이오메디대학,반려동물보건학과,,,True,True,True
울산대학교,과학기술융합대학,나노에너지화학전공,,,True,True,True
성결대학교,예술대학,피아노전공,,,True,True,True
울산대학교,과학기술융합대학,나노에너지화학과,,,True,True,True
성결대학교,예술대학,성악전공,,,True,True,True
상지대학교,소프트웨어융합대학,전기전자융합공학과,,,True,True,True
경기대학교,관광문화대학,호텔외식경영학부,,,True,True,True
건양사이버대학교,단과대구분없음,반려동물관리학과,,,True,True,True
건양사이버대학교,단과대구분없음,심리운동치료학과,,,True,True,True
목원대학교,사회과학대학,글로벌비즈니스학과,,,True,True,True
경기대학교,창의공과대학,전자공학부,,,True,True,True
목원대학교,사회과학대학,행정학부 국방공무원전공,,,True,True,True
목원대학교,사회과학대학,행정학부 공공인재전공,,,True,True,True
목원대학교,사회과학대학,행정학부,,,True,True,True
목원대학교,단과대구분없음,국제예술산업학부 한국어교육전공,,,True,True,True
대구한의대학교,미래라이프융합대학,한약개발학과,,,True,True,True
목원대학교,공과대학,게임소프트웨어공학과,,,True,True,True
상지대학교,보건의료대학,언어치료전공,,,True,True,True
상지대학교,보건의료대학,식품영양학전공,,,True,True,True
상지대학교,보건의료대학,제약바이오전공,,,True,True,True
건양사이버대학교,단과대구분없음,법무행정복지학과,,,True,True,True
초당대학교,간호대학,간호학과,,,True,True,True
한남대학교,문과대학,응용영어콘텐츠학과,,,True,True,True
신라대학교,보건복지대학,경찰행정학과,,,True,True,True
안양대학교,예술체육대학,체육학과,,,True,True,True
공주대학교,천안공과대학,디지털융합금형공학과,,,True,True,True
인제대학교,공과대학,웹툰영상학과,,,True,True,True
남서울대학교,창조문화예술대학,공간조형디자인학과,,,True,True,True
위덕대학교,단과대구분없음,제과제빵창업전공,,,True,True,True
위덕대학교,단과대구분없음,외식조리창업전공,,,True,True,True
부경대학교,미래융합대학,평생교육・상담학전공,,,True,True,True
영남대학교,천마학부대학,교양학부,,,True,True,True
제주국제대학교,단과대구분없음,융합경영학부 창업경영학전공,,,True,True,True
제주국제대학교,단과대구분없음,체육학부 레저스포츠학전공,,,True,True,True
제주국제대학교,단과대구분없음,체육학부 공연예술학전공,,,True,True,True
제주국제대학교,단과대구분없음,에너지기계공학부 기계자동차공학전공,,,True,True,True
제주국제대학교,단과대구분없음,에너지기계공학부 전기공학전공,,,True,True,True
세한대학교,단과대구분없음,자유전공학과,,,True,True,True
세한대학교,단과대구분없음,반려동물관리학과,,,True,True,True
울산대학교,예술대학,회화・미디어아트전공,,,True,True,True
울산대학교,과학기술융합대학,운동건강관리전공,,,True,True,True
울산대학교,과학기술융합대학,생활체육전공,,,True,True,True
울산대학교,과학기술융합대학,스포츠과학부,,,True,True,True
울산대학교,과학기술융합대학,의생명과학전공,,,True,True,True
울산대학교,과학기술융합대학,생명과학전공,,,True,True,True
울산대학교,과학기술융합대학,생명과학부,,,True,True,True
경운대학교,항공서비스대학,항공운항학과,,,True,True,True
경운대학교,사회안전대학,스포츠건강재활학과,,,True,True,True
경운대학교,항공공과대학,에너지소재공학과,,,True,True,True
대진대학교,보건과학대학,에코응용화학전공,,,True,True,True
대진대학교,보건과학대학,스포츠건강과학과,,,True,True,True
대진대학교,미래평생교육융합대학,휴먼케어평생교육학과,,,True,True,True
대진대학교,IT융합대학,기계공학과,,,True,True,True
대진대학교,IT융합대학,전자공학과,,,True,True,True
대진대학교,IT융합대학,AI융합학부,,,True,True,True
대진대학교,IT융합대학,컴퓨터공학전공,,,True,True,True
대진대학교,IT융합대학,AI빅데이터전공,,,True,True,True
대진대학교,공과대학,건축공학부,,,True,True,True
대진대학교,인문예술대학,연기예술학과,,,True,True,True
대진대학교,인문예술대학,산업디자인학과,,,True,True,True
대진대학교,인문예술대학,시각디자인학과,,,True,True,True
서강대학교,공과대학,기계공학과,,,True,True,True
서강대학교,공과대학,화공생명공학과,,,True,True,True
서강대학교,공과대학,컴퓨터공학과,,,True,True,True
서강대학교,지식융합미디어대학,글로벌한국학과,,,True,True,True
서강대학교,인문대학,중국문화학과,,,True,True,True
서강대학교,인문대학,영문학부,,,True,True,True
청주대학교,공과대학,토목공학과,,,True,True,True
청주대학교,공과대학,환경공학과,,,True,True,True
청주대학교,예술대학,영화영상학과,,,True,True,True
청주대학교,공과대학,조경도시학과,,,True,True,True
청주대학교,인문사회대학,사회복지학과,,,True,True,True
청주대학교,인문사회대학,법학과,,,True,True,True
한국기술교육대학교,단과대구분없음,공학,,,True,True,True
청주대학교,인문사회대학,광고홍보학과,,,True,True,True
청주대학교,인문사회대학,신문방송학과,,,True,True,True
청주대학교,비즈니스대학,회계학과,,,True,True,True
청주대학교,비즈니스대학,호텔외식경영학과,,,True,True,True
청주대학교,비즈니스대학,경제통상학과,,,True,True,True
청주대학교,비즈니스대학,무역학과,,,True,True,True
청주대학교,비즈니스대학,경영학과,,,True,True,True
청주대학교,공과대학,건축공학과,,,True,True,True
동국대학교(WISE),스마트시티융합대학,디자인미술학과,,,True,True,True
동국대학교(WISE),글로벌사회경영대학,글로벌어문학부,,,True,True,True
동국대학교(WISE),스마트시티융합대학,고고미술사학과,,,True,True,True
동국대학교(WISE),글로벌사회경영대학,회계세무학과,,,True,True,True
경북대학교,생태환경대학,산림생태보호학과,,,True,True,True
경북대학교,생태환경대학,식물자원학과,,,True,True,True
서경대학교,인문사회과학대학,공공인재전공,,,True,True,True
서경대학교,인문사회과학대학,아동학과,,,True,True,True
경북대학교,과학기술대학,위치정보시스템학과,,,True,True,True
경북대학교,과학기술대학,에너지 신소재・화학공학부(신소재공학전공),,,True,True,True
경북대학교,과학기술대학,에너지 신소재・화학공학부(에너지화학공학전공),,,True,True,True
경북대학교,과학기술대학,"에너지 신소재・화학공학부(에너지화학공학전공, 신소재공학전공)",,,True,True,True
경희사이버대학교,단과대구분없음,미래인간과학부,,,True,True,True
경북대학교,과학기술대학,건설방재공학과,,,True,True,True
경북대학교,과학기술대학,환경안전공학과,,,True,True,True
경북대학교,IT대학,전자공학부(인공지능전공),,,True,True,True
경북대학교,농업생명과학대학,식물의학과,,,True,True,True
한밭대학교,미래산업융합대학,응용소프트웨어학과,,,True,True,True
경희사이버대학교,단과대구분없음,중국어문화학과,,,True,True,True
세종대학교,공과대학,기계공학과,,,True,True,True
한국교통대학교,융합기술대학,정밀의료・의료기기학과,,,True,True,True
호원대학교,산업융합대학,소방.전기융합학과,,,True,True,True
세종대학교,공과대학,우주항공시스템공학부(우주항공공학전공),,,True,True,True
나사렛대학교,단과대구분없음,휴먼서비스학부,,,True,True,True
서경대학교,디자인&영상대학,VD_비주얼디자인,,,True,True,True
서경대학교,디자인&영상대학,LF_라이프스타일디자인,,,True,True,True
동명대학교,공과대학,전기・자동차학부,,,True,True,True
나사렛대학교,단과대구분없음,실용음악학과,,,True,True,True
나사렛대학교,단과대구분없음,IT인공지능학부,,,True,True,True
나사렛대학교,단과대구분없음,글로벌비즈니스학과,,,True,True,True
나사렛대학교,단과대구분없음,금융부동산학과,,,True,True,True
나사렛대학교,단과대구분없음,방송시각영상디자인학부,,,True,True,True
나사렛대학교,단과대구분없음,경찰행정학부,,,True,True,True
나사렛대학교,단과대구분없음,아동심리교육학과,,,True,True,True
나사렛대학교,단과대구분없음,경찰행정학전공,,,True,True,True
위덕대학교,단과대구분없음,지능형전력시스템공학과,,,True,True,True
인제대학교,사회과학대학,경찰・행정학과,,,True,True,True
목원대학교,DSC공유대학,미래모빌리티학부 첨단센서융합디바이스전공,,,True,True,True
서경대학교,이공대학,전자컴퓨터공학과,,,True,True,True
청운대학교,공연영상예술대학,뮤지컬콘서트학부(뮤지컬전공),,,True,True,True
청운대학교,공연영상예술대학,뮤지컬콘서트학부(공연기획경영전공),,,True,True,True
목원대학교,단과대구분없음,국제예술산업학부 디지털만화애니메이션전공,,,True,True,True
목원대학교,음악대학,실용음악학부 기악전공,,,True,True,True
목원대학교,음악대학,실용음악학부 보컬전공,,,True,True,True
순천향대학교,SCH미디어랩스,에너지공학과,,,True,True,True
목원대학교,웹툰애니메이션게임대학,웹툰학과,,,True,True,True
목원대학교,웹툰애니메이션게임대학,애니메이션학과,,,True,True,True
목원대학교,웹툰애니메이션게임대학,게임콘텐츠학과,,,True,True,True
목원대학교,테크노과학대학,생명과학부 의생명과학전공,,,True,True,True
목원대학교,테크노과학대학,생명과학부 바이오헬스전공,,,True,True,True
목원대학교,테크노과학대학,생명과학부,,,True,True,True
목원대학교,음악대학,실용음악학부,,,True,True,True
순천향대학교,의료과학대학,의공학과,,,True,True,True
서울대학교,음악대학,관현악과,,,True,True,True
서울대학교,음악대학,피아노과,,,True,True,True
서울대학교,음악대학,음악학과,,,True,True,True
목원대학교,테크노과학대학,식품제약학부,,,True,True,True
동국대학교(WISE),스마트시티융합대학,호텔관광경영학전공,,,True,True,True
동국대학교(WISE),스마트시티융합대학,항공서비스무역학과,,,True,True,True
동국대학교(WISE),글로벌사회경영대학,정보경영학과,,,True,True,True
동국대학교(WISE),글로벌사회경영대학,경영학과,,,True,True,True
동국대학교(WISE),글로벌사회경영대학,융합경영학부,,,True,True,True
동국대학교(WISE),글로벌사회경영대학,행정・경찰공공학부,,,True,True,True
동국대학교(WISE),글로벌사회경영대학,아동청소년교육학과,,,True,True,True
동국대학교(WISE),글로벌사회경영대학,사회복지학과,,,True,True,True
동국대학교(WISE),글로벌사회경영대학,공공행정학전공,,,True,True,True
동국대학교(WISE),글로벌사회경영대학,경찰행정학전공,,,True,True,True
동국대학교(WISE),스마트시티융합대학,컴퓨터공학과,,,True,True,True
동국대학교(WISE),스마트시티융합대학,창의융합공학부,,,True,True,True
서울대학교,인문대학,역사학부,,,True,True,True
동국대학교(WISE),스마트시티융합대학,조경전공,,,True,True,True
동국대학교(WISE),스마트시티융합대학,조경・정원디자인학부,,,True,True,True
동국대학교(WISE),스마트시티융합대학,정원디자인전공,,,True,True,True
동국대학교(WISE),스마트시티융합대학,전자·정보통신공학과,,,True,True,True
동국대학교(WISE),스마트시티융합대학,에너지・전기공학과,,,True,True,True
동국대학교(WISE),스마트시티융합대학,안전보건전공,,,True,True,True
동국대학교(WISE),스마트시티융합대학,스마트안전공학부,,,True,True,True
동국대학교(WISE),스마트시티융합대학,소방방재전공,,,True,True,True
동국대학교(WISE),스마트시티융합대학,바이오제약공학과,,,True,True,True
목원대학교,테크노과학대학,식품제약학부 식품전공,,,True,True,True
목원대학교,테크노과학대학,식품제약학부 제약전공,,,True,True,True
한양사이버대학교,단과대구분없음,한국어교육・문화콘텐츠학과,,,True,True,True
한국열린사이버대학교,단과대구분없음,통합치유학과,,,True,True,True
한국열린사이버대학교,단과대구분없음,자연숲치유산업학과,,,True,True,True
한국열린사이버대학교,단과대구분없음,인공지능융합학과,,,True,True,True
한국열린사이버대학교,단과대구분없음,실용영어학과,,,True,True,True
한국열린사이버대학교,단과대구분없음,소방방재안전학과,,,True,True,True
한국열린사이버대학교,단과대구분없음,뷰티건강디자인학과,,,True,True,True
한국열린사이버대학교,단과대구분없음,부동산금융자산학과,,,True,True,True
한국열린사이버대학교,단과대구분없음,디지털비즈니스학과,,,True,True,True
한국열린사이버대학교,단과대구분없음,아동보육학과,,,True,True,True
한국열린사이버대학교,단과대구분없음,상담심리학과,,,True,True,True
한국열린사이버대학교,단과대구분없음,사회복지학과,,,True,True,True
한국열린사이버대학교,단과대구분없음,국방상담리더십학과,,,True,True,True
동국대학교,AI융합대학,컴퓨터공학전공,,,True,True,True
울산대학교,과학기술융합대학,반도체학전공,,,True,True,True
동양대학교,단과대구분없음,철도운전제어학부,,,True,True,True
동양대학교,단과대구분없음,의무군사학과(자연과학),,,True,True,True
동양대학교,단과대구분없음,웹툰애니메이션학과,,,True,True,True
동양대학교,단과대구분없음,AI융합사회복지학과,,,True,True,True
동양대학교,단과대구분없음,IT융합경영학과,,,True,True,True
동양대학교,단과대구분없음,스마트건축공학과,,,True,True,True
동양대학교,단과대구분없음,도시・부동산학과,,,True,True,True
동양대학교,단과대구분없음,국제경영학과,,,True,True,True
동양대학교,단과대구분없음,철도운전관제학부,,,True,True,True
숙명여자대학교,공과대학,데이터사이언스전공,,,True,True,True
숙명여자대학교,공과대학,신소재물리전공,,,True,True,True
숙명여자대학교,공과대학,지능형전자시스템전공,,,True,True,True
숙명여자대학교,공과대학,인공지능공학부,,,True,True,True
숙명여자대학교,공과대학,첨단소재・전자융합공학부,,,True,True,True
대구가톨릭대학교,바이오메디대학,스마트그린케어학과,,,True,True,True
가톨릭관동대학교,단과대구분없음,해양경찰학전공,,,True,True,True
가톨릭관동대학교,단과대구분없음,경영학전공,,,True,True,True
가톨릭관동대학교,단과대구분없음,스포츠지도학전공,,,True,True,True
가톨릭관동대학교,단과대구분없음,스포츠건강관리학전공,,,True,True,True
가톨릭관동대학교,단과대구분없음,스포츠레저학전공,,,True,True,True
가톨릭관동대학교,단과대구분없음,콘텐츠제작전공,,,True,True,True
가톨릭관동대학교,단과대구분없음,실용음악전공,,,True,True,True
가톨릭관동대학교,단과대구분없음,건축학전공,,,True,True,True
가톨릭관동대학교,단과대구분없음,건축공학전공,,,True,True,True
가톨릭관동대학교,헬스케어융합대학,치위생학과,,,True,True,True
가톨릭관동대학교,단과대구분없음,사회복지학전공,,,True,True,True
가톨릭관동대학교,단과대구분없음,광고홍보학전공,,,True,True,True
가톨릭관동대학교,헬스케어융합대학,임상병리학과,,,True,True,True
가톨릭관동대학교,단과대구분없음,행정학전공,,,True,True,True
서울대학교,공과대학,(공과대학)광역,,,True,True,True
상지대학교,소프트웨어융합대학,반도체・에너지공학과,,,True,True,True
상지대학교,보건의료대학,제약바이오학과,,,True,True,True
상지대학교,보건의료대학,식품영양학과,,,True,True,True
상지대학교,보건의료대학,언어청각치료학과,,,True,True,True
상지대학교,미래인재대학,건설시스템공학과,,,True,True,True
상지대학교,글로벌융합대학,중국학과,,,True,True,True
상지대학교,생명환경과학대학,산림조경학부 환경조경학전공,,,True,True,True
상지대학교,생명환경과학대학,산림조경학부 산림과학전공,,,True,True,True
상지대학교,생명환경과학대학,스마트팜학과,,,True,True,True
상지대학교,보건의료대학,디지털헬스케어학과,,,True,True,True
상지대학교,보건의료대학,놀이심리치료학과,,,True,True,True
상지대학교,소프트웨어융합대학,인공지능융합공학부 스마트자동차전공,,,True,True,True
상지대학교,소프트웨어융합대학,인공지능융합공학부 정보통신소프트웨어전공,,,True,True,True
상지대학교,소프트웨어융합대학,인공지능융합공학부 지능형로봇전공,,,True,True,True
상지대학교,소프트웨어융합대학,인공지능융합공학부 인공지능전공,,,True,True,True
상지대학교,소프트웨어융합대학,인공지능융합공학부,,,True,True,True
상지대학교,소프트웨어융합대학,전자・보안공학부 사이버보안공학전공,,,True,True,True
상지대학교,소프트웨어융합대학,전자・보안공학부 전자공학전공,,,True,True,True
상지대학교,소프트웨어융합대학,전자・보안공학부,,,True,True,True
상지대학교,소프트웨어융합대학,빅데이터사이언스학과,,,True,True,True
상지대학교,미래인재대학,지구환경공학과,,,True,True,True
상지대학교,글로벌융합대학,중국문화산업학과,,,True,True,True
상지대학교,글로벌융합대학,영어학과,,,True,True,True
상지대학교,글로벌융합대학,한국어문화학과,,,True,True,True
상지대학교,예술체육대학,패션뷰티학부 패션디자인전공,,,True,True,True
상지대학교,미디어문화대학,패션뷰티학부 뷰티화장품전공,,,True,True,True
상지대학교,미디어문화대학,패션뷰티학부,,,True,True,True
상지대학교,미래인재대학,경영경제데이터산업학부 금융경제데이터분석전공,,,True,True,True
대구한의대학교,화장품제약대학,화장품학부,,,True,True,True
대구한의대학교,화장품제약대학,산업디자인공학과,,,True,True,True
상지대학교,예술체육대학,가구패션디자인학과,,,True,True,True
상지대학교,미디어문화대학,미디어영상광고학과,,,True,True,True
상지대학교,미디어문화대학,만화애니메이션학과,,,True,True,True
상지대학교,미디어문화대학,문화콘텐츠학과,,,True,True,True
상지대학교,FIND칼리지,자유전공학부,,,True,True,True
상지대학교,미래라이프대학,사회적경제학과,,,True,True,True
상지대학교,미래라이프대학,레저레크레이션학과,,,True,True,True
상지대학교,소프트웨어융합대학,컴퓨터공학과,,,True,True,True
상지대학교,경상대학,호텔항공관광경영학과,,,True,True,True
상지대학교,미래인재대학,소방안전학과,,,True,True,True
상지대학교,미래인재대학,공공인재학과,,,True,True,True
상지대학교,보건의료대학,작업치료학과,,,True,True,True
상지대학교,보건의료대학,임상병리학과,,,True,True,True
상지대학교,보건의료대학,물리치료학과,,,True,True,True
상지대학교,보건의료대학,간호학과,,,True,True,True
대진대학교,IT융합대학,의료IT융합전공,,,True,True,True
대진대학교,IT융합대학,휴먼・로봇융합전공,,,True,True,True
대진대학교,인문예술대학,영화영상학과,,,True,True,True
대진대학교,IT융합대학,스마트모빌리티전공,,,True,True,True
대진대학교,IT융합대학,아동청소년상담스마트융합학과,,,True,True,True
대진대학교,보건과학대학,보건경영학과,,,True,True,True
대진대학교,IT융합대학,스마트융합보안학과,,,True,True,True
대진대학교,미래평생교육융합대학,사회복지상담학과,,,True,True,True
대진대학교,공과대학,스마트건설・환경공학부,,,True,True,True
대진대학교,공공인재대학,아동심리교육전공,,,True,True,True
대진대학교,공공인재대학,사회복지학전공,,,True,True,True
대진대학교,보건과학대학,바이오헬스케어학부,,,True,True,True
선문대학교,예술체육대학,시각디자인학과,,,True,True,True
선문대학교,소프트웨어융합대학,스마트자동차공학부,,,True,True,True
세종대학교,공과대학,우주항공시스템공학부(항공시스템공학전공),,,True,True,True
위덕대학교,단과대구분없음,전문스포츠지도전공,,,True,True,True
한국폴리텍 IV 대학 청주캠퍼스,단과대구분없음,기계시스템과,,,True,True,True
신한대학교,평생학습중심대학,복지경영학과,,,True,True,True
인제대학교,경영대학,국제통상학과,,,True,True,True
김천대학교,지역혁신융합대학,군사학과,,,True,True,True
광주대학교,문화산업대학,산업디자인학과,,,True,True,True
광주대학교,문화산업대학,시각영상디자인학과,,,True,True,True
한림대학교,정보과학대학,AI빅데이터정밀의료융합전공,,,True,True,True
한림대학교,정보과학대학,디지털헬스케어융합전공,,,True,True,True
한국외국어대학교,단과대구분없음,글로벌자유전공학부(자연),,,True,True,True
한국외국어대학교,단과대구분없음,글로벌자유전공학부(인문),,,True,True,True
부산대학교,생활과학대학,실내환경디자인학과,,,True,True,True
부산대학교,정보의생명공학대학,정보컴퓨터공학부 컴퓨터공학전공,,,True,True,True
부산대학교,정보의생명공학대학,정보컴퓨터공학부 인공지능전공,,,True,True,True
배재대학교,경영대학,IT경영정보학과,,,True,True,True
경기대학교,관광문화대학,관광개발경영학과,,,True,True,True
신라대학교,보건복지대학,식품조리학과,,,True,True,True
신라대학교,보건복지대학,식품영양학과,,,True,True,True
목원대학교,DSC공유대학,미래모빌리티학부 차세대통신융합전공,,,True,True,True
가톨릭관동대학교,단과대구분없음,경찰행정학전공,,,True,True,True
가톨릭관동대학교,단과대구분없음,CG디자인전공,,,True,True,True
가톨릭관동대학교,단과대구분없음,군사학전공,,,True,True,True
가톨릭관동대학교,단과대구분없음,디지털헬스케어전공,,,True,True,True
가톨릭관동대학교,단과대구분없음,바이오메디컬전공,,,True,True,True
신한대학교,마이크로디그리대학,마이크로디그리대학,,,True,True,True
신한대학교,태권도・체육대학,스포츠의학과,,,True,True,True
신한대학교,태권도・체육대학,시범문화전공,,,True,True,True
신한대학교,경영대학,국제개발협력학과,,,True,True,True
부산대학교,생활과학대학,스포츠과학과,,,True,True,True
한라대학교,웰니스지역공헌대학,K-인터넷비즈니스경영학과,,,True,True,True
창신대학교,단과대구분없음,스마트융합공학부 소방방재전공,,,True,True,True
창신대학교,스마트휴먼대학,중국비즈니스학과,,,True,True,True
창신대학교,스마트휴먼대학,부동산경영학과,,,True,True,True
한국공학대학교,단과대구분없음,기계설계공학부,,,True,True,True
한국공학대학교,SW대학,인공지능학과,,,True,True,True
한국공학대학교,단과대구분없음,기계설계공학부(기계설계전공),,,True,True,True
한국공학대학교,단과대구분없음,기계설계공학부(지능형모빌리티전공),,,True,True,True
한국공학대학교,단과대구분없음,경영학부(데이터사이언스경영전공),,,True,True,True
신한대학교,태권도・체육대학,겨루기전공,,,True,True,True
세명대학교,인문예술대학,외국어학부,,,True,True,True
신한대학교,태권도・체육대학,품새전공,,,True,True,True
신한대학교,경영대학,빅데이터경영학과,,,True,True,True
신한대학교,경영대학,글로벌무역학과,,,True,True,True
신한대학교,디자인예술대학,모델콘텐츠학과,,,True,True,True
신한대학교,디자인예술대학,K-POP학과,,,True,True,True
신한대학교,디자인예술대학,실내디자인학과,,,True,True,True
신한대학교,디자인예술대학,산업디자인학과,,,True,True,True
신한대학교,보건대학,방사선학과,,,True,True,True
신한대학교,보건대학,임상병리학과,,,True,True,True
신한대학교,사회과학대학,상담심리학과,,,True,True,True
신한대학교,보건대학,안경광학과,,,True,True,True
신한대학교,보건대학,치기공학과,,,True,True,True
신한대학교,보건대학,식품영양학과,,,True,True,True
신한대학교,공과대학,사이버드론봇군사학과,,,True,True,True
신한대학교,공과대학,첨단소재공학과,,,True,True,True
신한대학교,공과대학,에너지공학과,,,True,True,True
신한대학교,공과대학,전자공학과,,,True,True,True
신한대학교,공과대학,소프트웨어융합학과,,,True,True,True
신한대학교,경영대학,미디어영상학과,,,True,True,True
신한대학교,공과대학,미래자동차공학과,,,True,True,True
신한대학교,공과대학,기계공학과,,,True,True,True
안동대학교,생명과학・건강복지대학,생명백신공학전공,,,True,True,True
안동대학교,생명과학・건강복지대학,생명과학전공,,,True,True,True
안동대학교,생명과학・건강복지대학,생명공학부,,,True,True,True
안동대학교,생명과학・건강복지대학,원예・생약융합학부,,,True,True,True
경일대학교,SMART스포츠대학,SMART스포츠대학,,,True,True,True
경일대학교,SMART라이프대학,SMART라이프대학,,,True,True,True
안동대학교,과학기술대학,응용화학과,,,True,True,True
경일대학교,SMART엔지니어링대학,SMART엔지니어링대학,,,True,True,True
경일대학교,SMART엔지니어링대학,건축디자인과(5년제),,,True,True,True
경일대학교,SMART라이프대학,K-방송예술학부 실용음악전공,,,True,True,True
경일대학교,SMART라이프대학,K-방송예술학부 방송연예전공,,,True,True,True
경일대학교,SMART스포츠대학,스포츠융합학부,,,True,True,True
경일대학교,SMART라이프대학,콘텐츠디자인학과,,,True,True,True
경일대학교,SMART스포츠대학,특수군사학과,,,True,True,True
안동대학교,생명과학・건강복지대학,생활복지학과,,,True,True,True
경일대학교,SMART라이프대학,사진영상학부 사진영상전공,,,True,True,True
경일대학교,SMART라이프대학,뷰티학과,,,True,True,True
경일대학교,SMART엔지니어링대학,건축토목공학과,,,True,True,True
안동대학교,생명과학・건강복지대학,의류학과,,,True,True,True
안동대학교,사범대학,전기전자교육과,,,True,True,True
안동대학교,생명과학・건강복지대학,간호학과(4년제),,,True,True,True
안동대학교,생명과학・건강복지대학,식품생명공학과,,,True,True,True
안동대학교,과학기술대학,지구환경과학과,,,True,True,True
안동대학교,공과대학,자동차공학과,,,True,True,True
안동대학교,인문예술대학,문화유산학과,,,True,True,True
안동대학교,인문예술대학,중국어문・문화학과,,,True,True,True
동양대학교,단과대구분없음,자율주행안전학과,,,True,True,True
동명대학교,Do-ing대학,군사학과,,,True,True,True
고신대학교,보건복지대학,디지털영상마케팅학과,,,True,True,True
동명대학교,반려동물대학,애견미용・행동교정학과,,,True,True,True
동명대학교,반려동물대학,반려동물보건학과,,,True,True,True
동명대학교,공과대학,자동차공학전공,,,True,True,True
동명대학교,공과대학,전기공학전공,,,True,True,True
동명대학교,보건복지교육대학,작업치료학과,,,True,True,True
동명대학교,경영대학,호텔관광학과,,,True,True,True
동명대학교,경영대학,유통물류학과,,,True,True,True
동명대학교,공과대학,의료기기학과,,,True,True,True
동명대학교,Do-ing대학,웹툰・애니메이션학과,,,True,True,True
배재대학교,경영대학,외식조리학과,,,True,True,True
배재대학교,생명보건대학,보건의료복지학과,,,True,True,True
울산대학교,과학기술융합대학,반도체학과,,,True,True,True
울산대학교,예술대학,입체조형예술전공,,,True,True,True
울산대학교,인문대학,철학・상담학과,,,True,True,True
울산대학교,인문대학,철학・상담전공,,,True,True,True
울산대학교,과학기술융합대학,수학과,,,True,True,True
울산대학교,과학기술융합대학,수학전공,,,True,True,True
울산대학교,예술대학,섬유디자인학과,,,True,True,True
강남대학교,글로벌인재대학,기독교학전공,,,True,True,True
강남대학교,경영관리대학,경제금융전공,,,True,True,True
강남대학교,경영관리대학,세무학전공,,,True,True,True
강남대학교,글로벌인재대학,국제지역학전공,,,True,True,True
강남대학교,공과대학,건축공학전공,,,True,True,True
강남대학교,공과대학,인공지능전공,,,True,True,True
강남대학교,복지융합대학,유니버설아트디자인학과,,,True,True,True
강남대학교,공과대학,소프트웨어전공,,,True,True,True
강남대학교,공과대학,전자공학전공,,,True,True,True
강남대학교,복지융합대학,스포츠복지학과,,,True,True,True
강남대학교,경영관리대학,경영학전공,,,True,True,True
강남대학교,공과대학,산업공학전공,,,True,True,True
경일대학교,SMART라이프대학,글로벌비즈니스학부,,,True,True,True
경일대학교,SMART엔지니어링대학,전기전자에너지학부,,,True,True,True
경일대학교,SMART엔지니어링대학,스마트디자인공학부 자율주행전공,,,True,True,True
경일대학교,SMART엔지니어링대학,스마트보안학과,,,True,True,True
경일대학교,SMART라이프대학,사진영상학부 이미지&테크놀로지전공,,,True,True,True
목포대학교,사회과학대학,도시・지적・복지학부,,,True,True,True
목포대학교,인문대학,자율전공인문학부,,,True,True,True
목포대학교,공과대학,건축공학・토목공학・환경공학・식품공학・조경학자율전공학부,,,True,True,True
목포대학교,공과대학,전기・전자・통신자율전공학부,,,True,True,True
초당대학교,단과대구분없음,제과제빵학과,,,True,True,True
초당대학교,항공대학,항공정비학과,,,True,True,True
초당대학교,간호대학,치위생학과,,,True,True,True
초당대학교,항공대학,항공운항학과,,,True,True,True
초당대학교,항공대학,항공서비스학과,,,True,True,True
가톨릭대학교,단과대구분없음,융합전공학부,,,True,True,True
한국폴리텍 I 대학 서울정수캠퍼스,단과대구분없음,미래형자동차과,,,True,True,True
가천대학교,미래산업대학,바이오의료기기학과,,,True,True,True
가천대학교,공과대학,화공생명공학부(화공생명공학전공),,,True,True,True
가야대학교(김해),단과대구분없음,사회복지상담학과,,,True,True,True
한국국제대학교,관광대학,관광학과,,,True,True,True
한국국제대학교,공과대학,스마트항공기계공학과,,,True,True,True
안동대학교,공과대학,스마트센서공학과,,,True,True,True
한국국제대학교,공과대학,소방방재공학과,,,True,True,True
원광대학교,조형예술디자인대학,금속・주얼리디자인학과,,,True,True,True
원광대학교,조형예술디자인대학,시각정보디자인학과,,,True,True,True
원광대학교,조형예술디자인대학,실내・산업디자인학과,,,True,True,True
원광대학교,경영대학,경제금융학과,,,True,True,True
원광대학교,단과대구분없음,자율전공학부,,,True,True,True
원광대학교,보건과학대학,의료상담학과,,,True,True,True
원광대학교,보건과학대학,안전보건학과,,,True,True,True
원광대학교,보건과학대학,반려동물산업학과,,,True,True,True
원광대학교,보건과학대학,동물보건학과,,,True,True,True
원광대학교,창의공과대학,건설환경공학과,,,True,True,True
원광대학교,경영대학,경영학과,,,True,True,True
원광대학교,경영대학,회계세무학과,,,True,True,True
원광대학교,인문대학,역사문화학과,,,True,True,True
원광대학교,보건과학대학,스포츠과학부,,,True,True,True
원광대학교,보건과학대학,생명과학부,,,True,True,True
원광대학교,보건과학대학,뷰티디자인학부,,,True,True,True
글로벌사이버대학교,단과대구분없음,휴먼테크창의융합계열,,,True,True,True
건양사이버대학교,단과대구분없음,이러닝콘텐츠교육학과,,,True,True,True
목원대학교,DSC공유대학,미래모빌리티학부 모빌리티SW/AI융합전공,,,True,True,True
청운대학교,공연영상예술대학,뮤지컬콘서트학부(실용음악전공),,,True,True,True
청운대학교,공과대학,화학생명공학과,,,True,True,True
청운대학교,경영대학,글로벌무역물류학과,,,True,True,True
청주대학교,단과대구분없음,항공서비스학과,,,True,True,True
청주대학교,공과대학,에너지융합공학과,,,True,True,True
청주대학교,예술대학,아트앤패션디자인학과,,,True,True,True
청주대학교,공과대학,시스템반도체공학과,,,True,True,True
청주대학교,인문사회대학,문헌정보학과,,,True,True,True
청주대학교,예술대학,디지털미디어디자인학과,,,True,True,True
청주대학교,인문사회대학,영어영문학과,,,True,True,True
청주대학교,공과대학,응용화학과,,,True,True,True
청주대학교,공과대학,전기제어공학과,,,True,True,True
청주대학교,공과대학,전자공학과,,,True,True,True
청주대학교,인문사회대학,지적학과,,,True,True,True
청주대학교,보건의료과학대학,스포츠재활학과,,,True,True,True
청주대학교,공과대학,건축학과(5년),,,True,True,True
한라대학교,웰니스지역공헌대학,레저관광학과,,,True,True,True
청주대학교,보건의료과학대학,동물보건학과,,,True,True,True
청주대학교,인문사회대학,경찰행정학과,,,True,True,True
청주대학교,예술대학,생활체육학과,,,True,True,True
강남대학교,공과대학,부동산학전공,,,True,True,True
강남대학교,공과대학,스마트도시공학전공,,,True,True,True
강남대학교,복지융합대학,사회사업학전공,,,True,True,True
강남대학교,복지융합대학,사회서비스정책학전공,,,True,True,True
한국폴리텍 I 대학 서울강서캠퍼스,단과대구분없음,사이버보안과,,,True,True,True
한국폴리텍 I 대학 서울강서캠퍼스,단과대구분없음,빅데이터과,,,True,True,True
공주대학교,천안공과대학,스마트인프라공학과,,,True,True,True
공주대학교,천안공과대학,디자인컨버전스학과,,,True,True,True
공주대학교,천안공과대학,반도체정보공학전공,,,True,True,True
공주대학교,산업과학대학,조경학과,,,True,True,True
서경대학교,인문사회과학대학,경찰행정전공,,,True,True,True
서경대학교,인문사회과학대학,경영학부,,,True,True,True
서경대학교,인문사회과학대학,글로벌비즈니스어학부,,,True,True,True
서경대학교,인문사회과학대학,광고홍보콘텐츠학과,,,True,True,True
서경대학교,인문사회과학대학,경영학과,,,True,True,True
서경대학교,인문사회과학대학,물류유통경영학과,,,True,True,True
서경대학교,인문사회과학대학,공공인재학부,,,True,True,True
경상국립대학교,융합기술공과대학,미래자동차공학과,,,True,True,True
경상국립대학교,건설환경공과대학,디자인비즈니스학과,,,True,True,True
광주여자대학교,단과대구분없음,영양식품학과,,,True,True,True
광주여자대학교,단과대구분없음,스포츠학과,,,True,True,True
경주대학교,문화관광・예술대학,K-뷰티메이크업전공,,,True,True,True
공주대학교,천안공과대학,건축학과,,,True,True,True
한국폴리텍 VII 대학 부산캠퍼스,단과대구분없음,미래자동차과,,,True,True,True
동국대학교(WISE),스마트시티융합대학,호텔관광외식경영학부,,,True,True,True
포항공과대학교(POSTECH),공과대학,반도체공학과,,,True,True,True
동국대학교(WISE),스마트시티융합대학,자동차소재부품공학과,,,True,True,True
위덕대학교,단과대구분없음,외식조리제과제빵학부,,,True,True,True
경상국립대학교,해양과학대학,스마트에너지기계공학과,,,True,True,True
경상국립대학교,공과대학,제어로봇공학과,,,True,True,True
가톨릭대학교,글로벌경영대학,IT파이낸스학과,,,True,True,True
선문대학교,예술체육대학,무도경호학과,,,True,True,True
선문대학교,소프트웨어융합대학,소프트웨어융합학부,,,True,True,True
선문대학교,예술체육대학,스포츠과학과,,,True,True,True
선문대학교,예술체육대학,스포츠과학부,,,True,True,True
선문대학교,소프트웨어융합대학,컴퓨터공학부,,,True,True,True
선문대학교,예술체육대학,디자인학부,,,True,True,True
선문대학교,예술체육대학,디자인학부 방송콘텐츠디자인전공,,,True,True,True
선문대학교,예술체육대학,디자인학부 시각디자인전공,,,True,True,True
선문대학교,예술체육대학,무도경호학부,,,True,True,True
선문대학교,예술체육대학,무도경호학부 무도경호전공,,,True,True,True
선문대학교,예술체육대학,무도경호학부 태권도전공,,,True,True,True
선문대학교,인문사회대학,미디어커뮤니케이션학부 광고홍보콘텐츠전공,,,True,True,True
선문대학교,소프트웨어융합대학,미래자동차공학부,,,True,True,True
선문대학교,소프트웨어융합대학,미래자동차공학부 자동차설계전공,,,True,True,True
선문대학교,소프트웨어융합대학,미래자동차공학부 자율주행전기차전공,,,True,True,True
선문대학교,인문사회대학,사학과,,,True,True,True
선문대학교,공과대학,산업안전경영공학과,,,True,True,True
선문대학교,인문사회대학,상담심리학과,,,True,True,True
선문대학교,공과대학,스마트정보통신공학과,,,True,True,True
선문대학교,예술체육대학,스포츠과학부 스포츠과학전공,,,True,True,True
선문대학교,예술체육대학,스포츠과학부 피트니스재활전공,,,True,True,True
선문대학교,건강보건대학,식품과학부 식품과학전공,,,True,True,True
선문대학교,건강보건대학,식품과학부 식품영양학전공,,,True,True,True
선문대학교,글로벌비즈니스대학,외국어학부 러시아어전공,,,True,True,True
선문대학교,글로벌비즈니스대학,외국어학부 영어전공,,,True,True,True
선문대학교,글로벌비즈니스대학,외국어학부 스페인어중남미전공,,,True,True,True
선문대학교,글로벌비즈니스대학,외국어학부 일본어전공,,,True,True,True
선문대학교,글로벌비즈니스대학,외국어학부 중국어문화전공,,,True,True,True
선문대학교,소프트웨어융합대학,컴퓨터공학부 컴퓨터공학전공,,,True,True,True
선문대학교,글로벌비즈니스대학,항공관광학부,,,True,True,True
선문대학교,글로벌비즈니스대학,항공관광학부 관광호텔경영전공,,,True,True,True
선문대학교,글로벌비즈니스대학,항공관광학부 항공서비스전공,,,True,True,True
선문대학교,글로벌비즈니스대학,글로벌경제학과,,,True,True,True
선문대학교,공과대학,건축학부 건축학전공,,,True,True,True
선문대학교,공과대학,건축학부 건축공학전공,,,True,True,True
선문대학교,소프트웨어융합대학,AI소프트웨어학과,,,True,True,True
서울디지털대학교,단과대구분없음,생활스포츠전공,,,True,True,True
나사렛대학교,단과대구분없음,공공행정학전공,,,True,True,True
목포해양대학교,해양공과대학,컴퓨터공학과,,,True,True,True
상지대학교,보건의료대학,보건의료경영전공,,,True,True,True
인제대학교,보건의료융합대학,반려동물보건학과,,,True,True,True
인제대학교,BNIT융합대학,의생명공학과,,,True,True,True
인제대학교,공과대학,재난방재학과,,,True,True,True
연세대학교,학부대학,약학계열,,,True,True,True
연세대학교,학부대학,컴퓨팅계열,,,True,True,True
덕성여자대학교,미래인재대학,한국어교육전공,,,True,True,True
부경대학교,미래융합대학,융합인재개발학부,,,True,True,True
경기대학교,소프트웨어경영대학,산업경영정보공학과,,,True,True,True
경기대학교,사회과학대학,범죄교정심리학전공,,,True,True,True
이화여자대학교,인공지능대학,데이터사이언스학과,,,True,True,True
선문대학교,소프트웨어융합대학,IT 교육학부,,,True,True,True
상지대학교,경상대학,국제경영학과,,,True,True,True
인제대학교,i-LAC,자유전공학부,,,True,True,True
연세대학교,인공지능융합대학,IT융합공학과,,,True,True,True
건국대학교(글로컬),의료생명대학,식품영양학과,,,True,True,True
경성대학교,산학혁신융합대학,AI수리학과,,,True,True,True
경주대학교,문화관광・예술대학,항공관광경영학과,,,True,True,True
경주대학교,문화관광・예술대학,관광콘텐츠경영학과,,,True,True,True
부산외국어대학교,사회과학대학,국제학부(글로벌한국학전공),,,True,True,True
부산외국어대학교,아시아대학,중동학부,,,True,True,True
부산외국어대학교,아시아대학,아세안학부,,,True,True,True
부산외국어대학교,디지털미디어・IT대학,전자로봇・보안학부,,,True,True,True
부산외국어대학교,디지털미디어・IT대학,전자로봇・보안학부(스마트융합보안전공),,,True,True,True
부산외국어대학교,디지털미디어・IT대학,전자로봇・보안학부(전자로봇전공),,,True,True,True
부산외국어대학교,디지털미디어・IT대학,소프트웨어학부(소프트웨어전공),,,True,True,True
부산외국어대학교,디지털미디어・IT대학,소프트웨어학부(사물인터넷(IoT)전공),,,True,True,True
부산외국어대학교,디지털미디어・IT대학,소프트웨어학부,,,True,True,True
부산외국어대학교,디지털미디어・IT대학,컴퓨터공학부(빅데이터전공),,,True,True,True
부산외국어대학교,디지털미디어・IT대학,컴퓨터공학부(컴퓨터공학전공),,,True,True,True
부산외국어대학교,디지털미디어・IT대학,글로벌웹툰콘텐츠학과,,,True,True,True
부산외국어대학교,상경대학,호텔・관광학부(국제비서전공),,,True,True,True
부산외국어대학교,상경대학,국제무역・경제금융학부(경제금융전공),,,True,True,True
부산외국어대학교,상경대학,국제무역・경제금융학부(국제무역전공),,,True,True,True
부산외국어대학교,사회과학대학,국제학부(외교전공),,,True,True,True
부산외국어대학교,사회과학대학,국제학부(글로벌자율전공),,,True,True,True
부산외국어대학교,아시아대학,국제문화비즈니스학부(G2(미・중)문화비즈니스전공),,,True,True,True
부산외국어대학교,아시아대학,국제문화비즈니스학부(인도지역통상전공),,,True,True,True
부산외국어대학교,아시아대학,아세안학부(인도어전공),,,True,True,True
동신대학교,사회문화대학,경영학과,,,True,True,True
부산외국어대학교,아시아대학,중동학부(아랍전공),,,True,True,True
부산외국어대학교,아시아대학,아세안학부(미얀마어전공),,,True,True,True
부산외국어대학교,아시아대학,아세안학부(베트남어전공),,,True,True,True
부산외국어대학교,아시아대학,아세안학부(인도네시아・말레이시아전공),,,True,True,True
부산외국어대학교,아시아대학,아세안학부(태국어전공),,,True,True,True
부산외국어대학교,유럽미주대학,유럽학부(유럽지역통상전공),,,True,True,True
부산외국어대학교,유럽미주대학,유럽학부(이탈리아어전공),,,True,True,True
부산외국어대학교,유럽미주대학,유럽학부(포르투갈(브라질)어전공),,,True,True,True
부산외국어대학교,디지털미디어・IT대학,컴퓨터공학부,,,True,True,True
부산외국어대학교,아시아대학,국제문화비즈니스학부,,,True,True,True
부산외국어대학교,유럽미주대학,유럽학부(프랑스어전공),,,True,True,True
부산외국어대학교,사회과학대학,글로벌미래융합학부,,,True,True,True
명지대학교,공과대학,반도체공학과,,,True,True,True
창신대학교,단과대구분없음,스마트융합공학부 컴퓨터전공,,,True,True,True
강남대학교,경영관리대학,공공인재학전공,,,True,True,True
경희사이버대학교,단과대구분없음,스포츠경영학과,,,True,True,True
목원대학교,DSC공유대학,미래모빌리티학부 스마트휴먼인터페이스전공,,,True,True,True
차의과학대학교,미래융합대학,미래융합대학,,,True,True,True
차의과학대학교,미래융합대학,헬스케어융합학부(인문사회),,,True,True,True
차의과학대학교,미래융합대학,헬스케어융합학부(자연과학),,,True,True,True
신라대학교,국제대학,K-Culture학과,,,True,True,True
차의과학대학교,미래융합대학,생명과학부,,,True,True,True
차의과학대학교,차오름교양대학,차오름교양대학,,,True,True,True
강원대학교,IT대학,디지털밀리터리학과,,,True,True,True
광주대학교,공과대학,전기공학과,,,True,True,True
가톨릭관동대학교,단과대구분없음,평생교육복지상담전공,,,True,True,True
가톨릭관동대학교,단과대구분없음,다문화사회복지전공,,,True,True,True
가톨릭관동대학교,단과대구분없음,K-퓨전아트전공,,,True,True,True
영남대학교,경영대학,항공운송학과,,,True,True,True
동명대학교,공과대학,해양모빌리티학과,,,True,True,True
동명대학교,공과대학,디지털콘텐츠학과,,,True,True,True
동명대학교,공과대학,기계・로봇공학과,,,True,True,True
한국폴리텍 I 대학 서울강서캠퍼스,단과대구분없음,사이버보안과(융합보안소프트웨어),,,True,True,True
서울과학기술대학교,정보통신대학,전자공학과,,,True,True,True
서울과학기술대학교,정보통신대학,스마트ICT융합공학과,,,True,True,True
조선대학교,공과대학,스마트이동체융합시스템공학부(선박해양공학전공),,,True,True,True
강남대학교,글로벌인재대학,중국지역학전공,,,True,True,True
조선대학교,공과대학,스마트이동체융합시스템공학부(항공우주공학전공),,,True,True,True
조선대학교,공과대학,스마트이동체융합시스템공학부(자동차공학전공),,,True,True,True
경성대학교,산학혁신융합대학,에너지과학과,,,True,True,True
대전대학교,디자인ㆍ아트대학,건축학과(4),,,True,True,True
대전대학교,보건의료과학대학,화장품과학과,,,True,True,True
상지대학교,생명환경과학대학,조경산림학과,,,True,True,True
대전대학교,디자인ㆍ아트대학,공연예술콘텐츠학과,,,True,True,True
경성대학교,산학혁신융합대학,AI미디어학과,,,True,True,True
청주대학교,공과대학,디지털보안학과,,,True,True,True
청주대학교,공과대학,인공지능소프트웨어학과,,,True,True,True
인제대학교,BNIT융합대학,방사선화학과,,,True,True,True
카이스트(KAIST/한국과학기술원),생명과학기술대학,뇌인지과학과,,,True,True,True
대구대학교,재활과학대학,특수창의융합학과,,,True,True,True
청주대학교,보건의료과학대학,제약공학과,,,True,True,True
청주대학교,보건의료과학대학,바이오의약학과,,,True,True,True
광주대학교,인문사회과학대학,인문사회과학대학(인문),,,True,True,True
광주대학교,인문사회과학대학,인문사회과학대학(경영),,,True,True,True
상지대학교,미래라이프대학,평생교육융합계열,,,True,True,True
상지대학교,미래라이프대학,평생교육상담학과,,,True,True,True
상지대학교,글로벌융합대학,한국어교육학과,,,True,True,True
상지대학교,보건의료대학,보건계열,,,True,True,True
금강대학교,K-LAC대학,프라마나(仁問과학)학부,,,True,True,True
글로벌사이버대학교,동양학대학,동양학과,,,True,True,True
글로벌사이버대학교,단과대구분없음,사회복지학부,,,True,True,True
글로벌사이버대학교,통합심리치료대학,상담심리학과,,,True,True,True
글로벌사이버대학교,통합심리치료대학,뇌기반감정코칭학과,,,True,True,True
글로벌사이버대학교,통합심리치료대학,명상치료학과,,,True,True,True
글로벌사이버대학교,뇌교육대학,뇌인지훈련학과,,,True,True,True
글로벌사이버대학교,글로벌문화예술대학,방송연예학과,,,True,True,True
글로벌사이버대학교,글로벌문화예술대학,실용영어학과,,,True,True,True
글로벌사이버대학교,단과대구분없음,스포츠건강학부,,,True,True,True
글로벌사이버대학교,단과대구분없음,실용경영학부,,,True,True,True
중원대학교,융합과학대학,말산업학과,,,True,True,True
동아대학교,공과대학,조선해양공학과,,,True,True,True
한남대학교,탈메이지교양・융합대학,금융공학전공,,,True,True,True
한남대학교,탈메이지교양・융합대학,베트남지역학전공,,,True,True,True
한남대학교,탈메이지교양・융합대학,중국지역학전공,,,True,True,True
한남대학교,탈메이지교양・융합대학,기록관리학전공,,,True,True,True
한남대학교,탈메이지교양・융합대학,문화관광학전공,,,True,True,True
한남대학교,탈메이지교양・융합대학,광고홍보학전공,,,True,True,True
신라대학교,인문・상경대학,문화콘텐츠학과,,,True,True,True
경주대학교,미래산업공과대학,환경에너지전공,,,True,True,True
경주대학교,의료복지・스포츠과학대학,특수체육교육학과,,,True,True,True
경주대학교,의료복지・스포츠과학대학,태권도학과,,,True,True,True
경주대학교,의료복지・스포츠과학대학,스포츠재활학과,,,True,True,True
목원대학교,DSC공유대학,미래모빌리티학부 디스플레이-시스템반도체소부장 전공,,,True,True,True
경주대학교,미래산업공과대학,항공모빌리티학과,,,True,True,True
경주대학교,미래산업공과대학,원자력산업전공,,,True,True,True
경주대학교,미래산업공과대학,수소연료전지전공,,,True,True,True
경주대학교,문화관광・예술대학,글로벌 K-Culture 학부,,,True,True,True
경주대학교,문화관광・예술대학,미슐랭R&M학과,,,True,True,True
경주대학교,문화관광・예술대학,ESG경영학과,,,True,True,True
경주대학교,문화관광・예술대학,펫산업학과,,,True,True,True
경주대학교,미래산업공과대학,융합소프트웨어공학과,,,True,True,True
경주대학교,문화관광・예술대학,한국어교원양성전공,,,True,True,True
경주대학교,의료복지・스포츠과학대학,축구학과,,,True,True,True
경주대학교,의료복지・스포츠과학대학,골프생활체육학과,,,True,True,True
경주대학교,의료복지・스포츠과학대학,사회복지학과,,,True,True,True
경주대학교,의료복지・스포츠과학대학,간호학과,,,True,True,True
경주대학교,문화관광・예술대학,호텔경영학과,,,True,True,True
경주대학교,문화관광・예술대학,전통연희전공,,,True,True,True
경주대학교,미래산업공과대학,전통건축학과,,,True,True,True
경주대학교,문화관광・예술대학,K-팝뮤직전공,,,True,True,True
경주대학교,문화관광・예술대학,외식조리학과,,,True,True,True
경주대학교,문화관광・예술대학,악기제작학과,,,True,True,True
경주대학교,문화관광・예술대학,문화재학전공,,,True,True,True
경주대학교,문화관광・예술대학,문화유산학부,,,True,True,True
경주대학교,문화관광・예술대학,문화재보존학전공,,,True,True,True
경주대학교,문화관광・예술대학,토탈디자인전공,,,True,True,True
경주대학교,문화관광・예술대학,디자인게임애니메이션학부,,,True,True,True
순천향대학교,SW융합대학,메타버스&게임학과,,,True,True,True
청주대학교,비즈니스대학,관광경영학과,,,True,True,True
한신대학교,단과대구분없음,특수체육학계열,,,True,True,True
서울한영대학교,예능대학,음악예술학부,,,True,True,True
남서울대학교,창조문화예술대학,시각미디어디자인학과,,,True,True,True
남서울대학교,보건의료복지대학,휴먼케어학과,,,True,True,True
남서울대학교,미래융합대학,스마트팜학과,,,True,True,True
동명대학교,경영대학,글로벌비즈니스학과,,,True,True,True
남서울대학교,미래융합대학,가상현실학과,,,True,True,True
충남대학교,사범대학,기계공학교육과,,,True,True,True
신한대학교,디자인예술대학,K-뷰티학과,,,True,True,True
신한대학교,디자인예술대학,패션디자인학과,,,True,True,True
광주여자대학교,단과대구분없음,미래융합학부(언어재활전공),,,True,True,True
광주여자대학교,단과대구분없음,미래융합학부(사회복지상담전공),,,True,True,True
광주여자대학교,단과대구분없음,국제학부,,,True,True,True
한양대학교(ERICA),과학기술융합대학,수리데이터사이언스학과,,,True,True,True
신한대학교,보건대학,치위생학과,,,True,True,True
동아대학교,예술체육대학,미술학과 도자예술전공,,,True,True,True
동아대학교,예술체육대학,미술학과 목조형가구전공,,,True,True,True
경주대학교,미래산업공과대학,신재생에너지학부,,,True,True,True
한신대학교,단과대구분없음,신학・인문융합계열,,,True,True,True
한신대학교,단과대구분없음,경제통상・국제지역계열,,,True,True,True
한신대학교,단과대구분없음,글로벌・공공인재 융합계열,,,True,True,True
한신대학교,단과대구분없음,경영・미디어계열,,,True,True,True
한신대학교,단과대구분없음,휴먼서비스계열,,,True,True,True
한신대학교,단과대구분없음,이공계융합계열,,,True,True,True
한신대학교,단과대구분없음,AI・SW계열,,,True,True,True
상지대학교,미래라이프대학,식음료외식산업학과,,,True,True,True
연세대학교(미래),소프트웨어디지털헬스케어융합대학,소프트웨어심화전공,,,True,True,True
연세대학교(미래),과학기술융합대학,(심화)바이오산업학전공,,,True,True,True
연세대학교(미래),과학기술융합대학,(심화)생명과학전공,,,True,True,True
연세대학교(미래),과학기술융합대학,화학및의화학심화전공,,,True,True,True
연세대학교(미래),과학기술융합대학,물리및공학물리학심화전공,,,True,True,True
연세대학교(미래),과학기술융합대학,친환경에너지공학심화전공,,,True,True,True
연세대학교(미래),과학기술융합대학,환경공학심화전공,,,True,True,True
연세대학교(미래),글로벌창의융합대학,디지털아트학심화전공,,,True,True,True
연세대학교(미래),글로벌창의융합대학,시각디자인학심화전공,,,True,True,True
연세대학교(미래),글로벌창의융합대학,산업디자인학심화전공,,,True,True,True
연세대학교(미래),글로벌창의융합대학,국제관계학심화전공,,,True,True,True
연세대학교(미래),글로벌창의융합대학,글로벌행정학심화전공,,,True,True,True
연세대학교(미래),글로벌창의융합대학,경제학심화전공,,,True,True,True
연세대학교(미래),글로벌창의융합대학,경영학심화전공,,,True,True,True
연세대학교(미래),글로벌창의융합대학,철학심화전공,,,True,True,True
연세대학교(미래),글로벌창의융합대학,글로벌한국학심화전공,,,True,True,True
연세대학교(미래),글로벌창의융합대학,영어영문학심화전공,,,True,True,True
연세대학교(미래),글로벌창의융합대학,국어국문학심화전공,,,True,True,True
경기대학교,사회과학대학,법학과,,,True,True,True
경기대학교,창의공과대학,나노・반도체전공,,,True,True,True
경기대학교,관광문화대학,관광문화콘텐츠학과,,,True,True,True
경기대학교,창의공과대학,사회에너지시스템공학과,,,True,True,True
경기대학교,창의공과대학,정보통신시스템전공,,,True,True,True
덕성여자대학교,미래인재대학,한국학전공,,,True,True,True
한국공학대학교,기업인재대학,IT융합디자인공학과,,,True,True,True
한국공학대학교,기업인재대학,스마트그린소재공학과,,,True,True,True
한국공학대학교,기업인재대학,로봇메카트로닉스공학과,,,True,True,True
한국공학대학교,기업인재대학,산업융합공학과,,,True,True,True
한국공학대학교,기업인재대학,AI소프트웨어학과,,,True,True,True
한국공학대학교,기업인재대학,디지털경영학과,,,True,True,True
한국공학대학교,기업인재대학,반도체기계시스템공학과,,,True,True,True
한양대학교(ERICA),과학기술융합대학,의약생명과학과,,,True,True,True
목원대학교,미술ㆍ디자인대학,조형콘텐츠학부 캐릭터조형전공,,,True,True,True
목원대학교,미술ㆍ디자인대학,조형콘텐츠학부 환경조형전공,,,True,True,True
세명대학교,사회과학대학,글로벌물류학과,,,True,True,True
세명대학교,IT엔지니어링대학,건설환경공학과,,,True,True,True
세명대학교,IT엔지니어링대학,환경에너지학과,,,True,True,True
세명대학교,보건바이오대학,보건안전학과,,,True,True,True
배재대학교,문화예술대학,커뮤니케이션디자인전공,,,True,True,True
배재대학교,AI·SW창의융합대학,소프트웨어공학부,,,True,True,True
배재대학교,경영대학,글로벌비즈니스학과,,,True,True,True
경일대학교,SMART라이프대학,게임엔터테인먼트학과,,,True,True,True
신한대학교,태권도・체육대학,미래스포츠융합학과,,,True,True,True
동아대학교,예술체육대학,미술학과 현대미술전공,,,True,True,True
초당대학교,항공대학,글로벌화학기계공학과,,,True,True,True
우송대학교,호텔외식조리대학,외식조리학부 제과제빵・조리전공,,,True,True,True
우송대학교,보건복지대학,소방・안전학부,,,True,True,True
우송대학교,엔디컷국제대학,융합경영학부 글로벌융합비즈니스학과,,,True,True,True
우송대학교,소프트웨어(SW)융합대학,IT융합학부 컴퓨터・소프트웨어전공,,,True,True,True
우송대학교,철도물류대학,철도건설시스템학부 건축공학전공,,,True,True,True
제주국제대학교,단과대구분없음,복지상담학부 언어치료학전공,,,True,True,True
아주대학교,정보통신대학,지능형반도체공학과,,,True,True,True
화성의과학대학교,단과대구분없음,의생명과학과,,,True,True,True
화성의과학대학교,단과대구분없음,컴퓨터사이언스학과,,,True,True,True
화성의과학대학교,단과대구분없음,뷰티아트케어학과,,,True,True,True
화성의과학대학교,단과대구분없음,스포츠건강학부,,,True,True,True
화성의과학대학교,단과대구분없음,사회복지보건학과,,,True,True,True
가천대학교,공과대학,화공생명공학부(배터리공학전공),,,True,True,True
유원대학교,단과대구분없음,블루밍넥스트학부,,,True,True,True
유원대학교,단과대구분없음,정보통신보안전공,,,True,True,True
유원대학교,단과대구분없음,자동차소프트웨어전공,,,True,True,True
유원대학교,단과대구분없음,경찰보안전공,,,True,True,True
유원대학교,단과대구분없음,법무행정전공,,,True,True,True
건양대학교,창의융합대학,임상의약학과,,,True,True,True
선문대학교,인문사회대학,미디어커뮤니케이션학부,,,True,True,True
선문대학교,인문사회대학,미디어커뮤니케이션학부 디지털영상미디어전공,,,True,True,True
선문대학교,예술체육대학,영상예술학과,,,True,True,True
선문대학교,글로벌비즈니스대학,정치・국제학과,,,True,True,True
선문대학교,소프트웨어융합대학,컴퓨터공학부 빅데이터전공,,,True,True,True
선문대학교,공과대학,건축학부,,,True,True,True
서경대학교,인문사회과학대학,군사학과,,,True,True,True
한국폴리텍 III 대학 원주캠퍼스,단과대구분없음,의료공학과(융합시스템제어),,,True,True,True
안동대학교,공과대학,물리학과,,,True,True,True
선문대학교,예술체육대학,영상예술학과(영상기획・제작트랙),,,True,True,True
한양대학교,공과대학,반도체공학과,,,True,True,True
세명대학교,사회과학대학,관광경영학과,,,True,True,True
고려대학교,공과대학,차세대통신학과,,,True,True,True
글로벌사이버대학교,뇌교육대학,뇌교육학과,,,True,True,True
글로벌사이버대학교,글로벌문화예술대학,미디어콘텐츠창작학과,,,True,True,True
글로벌사이버대학교,단과대구분없음,AI미래융합학부,,,True,True,True
동국대학교(WISE),스마트시티융합대학,조리외식경영학전공,,,True,True,True
경희대학교,호텔관광대학,Hospitality경영학과,,,True,True,True
경희대학교,호텔관광대학,조리&푸드디자인학과,,,True,True,True
서울디지털대학교,단과대구분없음,국제학과,,,True,True,True
동의대학교,상경대학,경제금융보험학과,,,True,True,True
동의대학교,ICT공과대학,디지털콘텐츠학과,,,True,True,True
강남대학교,글로벌인재대학,한영문화콘텐츠학전공,,,True,True,True
부산대학교,예술대학,조형학과 섬유금속전공,,,True,True,True
부산대학교,예술대학,조형학과 가구목조형전공,,,True,True,True
부산대학교,예술대학,조형학과 도예전공,,,True,True,True
부산대학교,예술대학,음악학과 작곡전공,,,True,True,True
부산대학교,예술대학,음악학과 관현악전공,,,True,True,True
부산대학교,예술대학,음악학과 성악전공,,,True,True,True
부산대학교,예술대학,음악학과 피아노전공,,,True,True,True
부산대학교,생활과학대학,식품영양학과,,,True,True,True
경주대학교,문화관광・예술대학,게임웹툰애니메이션전공,,,True,True,True
강릉원주대학교,생명과학대학,해양바이오식품학과,,,True,True,True
경기대학교,소프트웨어경영대학,AI컴퓨터공학부 SW안전보안전공,,,True,True,True
연세대학교,공과대학,디스플레이융합공학과,,,True,True,True
부산외국어대학교,디지털미디어・IT대학,영상콘텐츠융합학과,,,True,True,True
한국폴리텍 IV 대학 대전캠퍼스,단과대구분없음,인공지능과,,,True,True,True
서울디지털대학교,단과대구분없음,드론전공,,,True,True,True
초당대학교,항공대학,항공드론학과,,,True,True,True
한국교통대학교,보건생명대학,천연물소재학과,,,True,True,True
한남대학교,탈메이지교양・융합대학,문화재・박물관학전공,,,True,True,True
한국폴리텍 II 대학 인천캠퍼스,단과대구분없음,스마트전기자동차과(ICT그린자동차),,,True,True,True
한국폴리텍 II 대학 인천캠퍼스,단과대구분없음,스마트전기자동차과,,,True,True,True
한라대학교,스마트모빌리티융합대학,컴퓨터공학과,,,True,True,True
한라대학교,스마트모빌리티융합대학,IT소프트웨어학과,,,True,True,True
한라대학교,스마트모빌리티융합대학,전기전자공학과,,,True,True,True
목원대학교,DSC공유대학,미래모빌리티학부 지능형전장제어시스템전공,,,True,True,True
목원대학교,DSC공유대학,미래모빌리티학부 친환경동력시스템전공,,,True,True,True
한서대학교,Hans 국제항공대학,항공인프라시스템학과,,,True,True,True
한서대학교,Hans 국제항공대학,전기전자공학과,,,True,True,True
경일대학교,SMART엔지니어링대학,스마트디자인공학부 기계디자인전공,,,True,True,True
한국폴리텍 IV 대학 청주캠퍼스,단과대구분없음,기계시스템과(기계융합시스템),,,True,True,True
한서대학교,단과대구분없음,수산생명의학과,,,True,True,True
한국폴리텍 특성화대학 로봇캠퍼스,단과대구분없음,로봇자동화과,,,True,True,True
연세대학교(미래),소프트웨어디지털헬스케어융합대학,데이터사이언스학심화전공,,,True,True,True
강남대학교,공과대학,가상현실전공,,,True,True,True
한국폴리텍 IV 대학 청주캠퍼스,단과대구분없음,반도체시스템과(ICT융합전자),,,True,True,True
동신대학교,사회문화대학,호텔관광경영학과,,,True,True,True
부산디지털대학교,단과대구분없음,미래융합계열,,,True,True,True
건양대학교,창의융합대학,융합디자인학과,,,True,True,True
가톨릭관동대학교,단과대구분없음,항공정비학전공,,,True,True,True
가톨릭관동대학교,단과대구분없음,의료경영학전공,,,True,True,True
세명대학교,보건바이오대학,뷰티케어학과,,,True,True,True
세명대학교,보건바이오대학,화장품학과,,,True,True,True
상지대학교,생명환경과학대학,스마트생명과학과,,,True,True,True
가톨릭관동대학교,단과대구분없음,전통문화예술융합전공,,,True,True,True
한국폴리텍 IV 대학 대전캠퍼스,단과대구분없음,메타버스콘텐츠과,,,True,True,True
중부대학교,단과대구분없음,동물사육학전공,,,True,True,True
한라대학교,스마트모빌리티융합대학,AI융합보안학과,,,True,True,True
동양대학교,단과대구분없음,경찰행정・범죄심리학과,,,True,True,True
한신대학교,휴먼서비스대학,심리・아동학,,,True,True,True
한신대학교,경영・미디어대학,미디어영상전공,,,True,True,True
한신대학교,인문융합대학,중국어문전공,,,True,True,True
한신대학교,이공계융합대학,응용통계학,,,True,True,True
한신대학교,휴먼서비스대학,특수체육학,,,True,True,True
한신대학교,휴먼서비스대학,임상 및 상담심리전공,,,True,True,True
한신대학교,휴먼서비스대학,아동전공,,,True,True,True
한신대학교,휴먼서비스대학,사회복지학,,,True,True,True
한신대학교,휴먼서비스대학,사회학,,,True,True,True
한신대학교,글로벌융합대학,일본학,,,True,True,True
한신대학교,글로벌융합대학,중국학,,,True,True,True
한신대학교,인문융합대학,한국사학,,,True,True,True
한신대학교,인문융합대학,문예창작학,,,True,True,True
한신대학교,인문융합대학,영미문화학,,,True,True,True
한신대학교,인문융합대학,독일어문화학,,,True,True,True
한신대학교,인문융합대학,철학,,,True,True,True
한신대학교,인문융합대학,종교문화학,,,True,True,True
한신대학교,신학대학,신학,,,True,True,True
유원대학교,단과대구분없음,헬스케어복지전공,,,True,True,True
유원대학교,단과대구분없음,드론응용전공,,,True,True,True
유원대학교,단과대구분없음,국방인재개발학과,,,True,True,True
대구한의대학교,화장품제약대학,K-뷰티소재전공,,,True,True,True
서강대학교,인문대학,영문학부(미국문화전공),,,True,True,True
가톨릭관동대학교,단과대구분없음,호텔경영학전공,,,True,True,True
아주대학교,소프트웨어융합대학,디지털미디어학과,,,True,True,True
목원대학교,DSC공유대학,미래모빌리티학부,,,True,True,True
서강대학교,지식융합미디어대학,아트&테크놀로지학과,,,True,True,True
순천향대학교,SCH미디어랩스,AI・빅데이터학과,,,True,True,True
한신대학교,휴먼서비스대학,재활상담학,,,True,True,True
성결대학교,융합대학,스마트SCM융합전공,,,True,True,True
안동대학교,공과대학,첨단재료공학과,,,True,True,True
안동대학교,공과대학,전기・신소재공학부,,,True,True,True
안동대학교,공과대학,전기에너지공학전공,,,True,True,True
안동대학교,공과대학,신소재에너지공학전공,,,True,True,True
한신대학교,경영・미디어대학,글로벌비즈니스학,,,True,True,True
한신대학교,글로벌융합대학,글로벌인재학,,,True,True,True
한신대학교,경영・미디어대학,광고홍보전공,,,True,True,True
한신대학교,경영・미디어대학,국제개발협력・사회적경제전공,,,True,True,True
한남대학교,탈메이지교양・융합대학,국제개발비즈니스학전공,,,True,True,True
강남대학교,글로벌인재대학,한국어문학전공,,,True,True,True
한양대학교,국제학부,글로벌한국학전공,,,True,True,True
한양대학교,국제학부,국제학전공,,,True,True,True
중원대학교,융합과학대학,식품제약학과,,,True,True,True
경주대학교,문화관광・예술대학,K-푸드&엔터테인먼트전공,,,True,True,True
건양대학교,창의융합대학,의약바이오학과,,,True,True,True
경북대학교,과학기술대학,스마트플랜트공학과,,,True,True,True
한신대학교,경영・미디어대학,국제경영・국제무역통상전공,,,True,True,True
한신대학교,이공계융합대학,수리금융학,,,True,True,True
한신대학교,경영・미디어대학,미디어영상광고홍보학,,,True,True,True
한신대학교,AI・SW대학,소프트웨어,,,True,True,True
한신대학교,신학대학,기독교상담전공,,,True,True,True
한신대학교,글로벌융합대학,글로벌정책학전공,,,True,True,True
한신대학교,글로벌융합대학,국제관계전공,,,True,True,True
한신대학교,경영・미디어대학,IT경영학,,,True,True,True
한신대학교,경영・미디어대학,경영학,,,True,True,True
한신대학교,글로벌융합대학,경제학,,,True,True,True
한신대학교,글로벌융합대학,국제경제학,,,True,True,True
목원대학교,DSC공유대학,미래모빌리티학부 자율주행시스템전공,,,True,True,True
경일대학교,SMART엔지니어링대학,스마트디자인공학부,,,True,True,True
부산외국어대학교,상경대학,국제무역・경제금융학부,,,True,True,True
부산외국어대학교,아시아대학,중동학부(터키어전공),,,True,True,True
청주대학교,공과대학,데이터사이언스학과,,,True,True,True
한남대학교,탈메이지교양・융합대학,다문화교육전공,,,True,True,True
원광디지털대학교,단과대구분없음,한방건강약선학과,,,True,True,True
우송대학교,보건복지대학,디지털 바이오헬스융합학부,,,True,True,True
중원대학교,Bio-PRIDE 공유대학,정밀의료・의료기기학과,,,True,True,True
고려대학교,단과대구분없음,스마트모빌리티학부,,,True,True,True
한신대학교,글로벌융합대학,공공인재빅데이터융합학,,,True,True,True
한신대학교,인문융합대학,중국어문화콘텐츠학,,,True,True,True
한신대학교,AI・SW대학,인공지능,,,True,True,True
한신대학교,AI・SW대학,데이터사이언스,,,True,True,True
한국폴리텍 VI 대학 대구캠퍼스,단과대구분없음,그린반도체시스템과,,,True,True,True
유원대학교,단과대구분없음,반도체디스플레이전공,,,True,True,True
인제대학교,i-LAC,문화콘텐츠학과,,,True,True,True
한서대학교,단과대구분없음,안전보건학과,,,True,True,True
한서대학교,단과대구분없음,사회복지학과,,,True,True,True
연세대학교(미래),과학기술융합대학,패키징및물류학전공,,,True,True,True
연세대학교(미래),소프트웨어디지털헬스케어융합대학,디지털헬스케어심화전공,,,True,True,True
부경대학교,미래융합대학,경찰범죄심리학전공,,,True,True,True
배재대학교,AI·SW창의융합대학,소프트웨어학전공,,,True,True,True
선문대학교,소프트웨어융합대학,컴퓨터공학부 게임소프트웨어전공,,,True,True,True
부경대학교,자연과학대학,과학컴퓨팅학과,,,True,True,True
신한대학교,보건대학,바이오식품외식산업학과,,,True,True,True
동신대학교,에너지융합대학,배터리공학과,,,True,True,True
신한대학교,경영대학,글로벌관광경영학과,,,True,True,True
인제대학교,BNIT융합대학,의료・헬스케어IT공학과,,,True,True,True
서경대학교,융합대학,아트앤테크놀로지학과,,,True,True,True
한국폴리텍 IV 대학 대전캠퍼스,단과대구분없음,산업설비과,,,True,True,True
경운대학교,항공공과대학,무인기공학과,,,True,True,True
한양대학교(ERICA),소프트웨어융합대학,컴퓨터학부,,,True,True,True
서경대학교,융합대학,스포츠앤테크놀로지학과,,,True,True,True
한신대학교,인문융합대학,한국어문학,,,True,True,True
강남대학교,공과대학,데이터사이언스전공,,,True,True,True
상지대학교,보건의료대학,보건의료경영학과,,,True,True,True
한신대학교,AI・SW대학,휴먼머신인터랙션,,,True,True,True
한신대학교,AI・SW대학,지능형IoT,,,True,True,True
가야대학교(김해),단과대구분없음,커리어플러스학부 사회복지상담학전공,,,True,True,True
초당대학교,간호대학,의약관리학과,,,True,True,True
한국폴리텍 VII 대학 부산캠퍼스,단과대구분없음,소프트웨어융합과,,,True,True,True
한국해양대학교,해양인문사회과학대학,법무비즈니스학부(재난안전정책법전공),,,True,True,True
배재대학교,AI·SW창의융합대학,스마트배터리학과,,,True,True,True
인제대학교,공과대학,컴퓨터디자인과,,,True,True,True
한서대학교,단과대구분없음,자유전공학부,,,True,True,True
한신대학교,글로벌융합대학,공공관리전공,,,True,True,True
한신대학교,글로벌융합대학,공공빅데이터전공,,,True,True,True
한국폴리텍 VI 대학 대구캠퍼스,단과대구분없음,이차전지시스템과,,,True,True,True
광주여자대학교,단과대구분없음,무도경호학과,,,True,True,True
한국폴리텍 II 대학 인천캠퍼스,단과대구분없음,디지털융합제어,,,True,True,True
가톨릭관동대학교,단과대구분없음,조리외식경영학전공,,,True,True,True
한국폴리텍 V 대학 전남캠퍼스,단과대구분없음,에너지설비자동화(스마트설비),,,True,True,True
루터대학교,단과대구분없음,사회혁신리더학과,,,True,True,True
한국공학대학교,기업인재대학,스마트전자공학과,,,True,True,True
한국폴리텍 V 대학 전남캠퍼스,단과대구분없음,에너지설비자동화과,,,True,True,True
중부대학교,단과대구분없음,글로벌인재학부,,,True,True,True
중부대학교,단과대구분없음,동물행동복지학전공,,,True,True,True
중부대학교,단과대구분없음,스마트모빌리티전공,,,True,True,True
중부대학교,단과대구분없음,글로벌K-POP전공,,,True,True,True
중부대학교,단과대구분없음,동물보건학과,,,True,True,True
중부대학교,단과대구분없음,반려동물학부,,,True,True,True
칼빈대학교,단과대구분없음,글로벌문화경영학과,,,True,True,True
연세대학교(미래),과학기술융합대학,패키징및물류학심화전공,,,True,True,True
군산대학교,학부,글로벌비즈니스학부(국제물류학전공),,,True,True,True
군산대학교,학부,글로벌비즈니스학부(회계학전공),,,True,True,True
군산대학교,학부,글로벌비즈니스학부(경제학전공),,,True,True,True
군산대학교,학부,소프트웨어학부(소프트웨어학전공),,,True,True,True
군산대학교,학부,소프트웨어학부(인공지능융합전공),,,True,True,True
군산대학교,학부,소프트웨어학부(컴퓨터정보공학전공),,,True,True,True
군산대학교,학부,소프트웨어학부(스마트모빌리티전공),,,True,True,True
대구한의대학교,화장품제약대학,화장품공학전공,,,True,True,True
선문대학교,공과대학,에너지화학공학과,,,True,True,True
선문대학교,예술체육대학,영상예술학과(영상연기트랙),,,True,True,True
가톨릭관동대학교,단과대구분없음,항공운항전공,,,True,True,True
경주대학교,문화관광・예술대학,메타버스벤처콘텐츠전공,,,True,True,True
경주대학교,문화관광・예술대학,융합벤처창업학부,,,True,True,True
한신대학교,인문융합대학,한중콘텐츠전공,,,True,True,True
원광대학교,단과대구분없음,국방기술학과,,,True,True,True
고려대학교(세종),글로벌비즈니스대학,표준・지식학과,,,True,True,True
경주대학교,문화관광・예술대학,라이브커머스창업전공,,,True,True,True
한국해양대학교,해양과학기술융합대학,물류시스템공학과,,,True,True,True
배재대학교,생명보건대학,보건의료복지학과(인문사회계열),,,True,True,True
한신대학교,AI・SW대학,XR콘텐츠,,,True,True,True
연세대학교(미래),글로벌엘리트학부,K-Arts전공,,,True,True,True
청주대학교,단과대구분없음,무인항공기학과,,,True,True,True
영산대학교,보건의료대학,의료경영학과,,,True,True,True
성결대학교,융합대학,차세대미디어제작전공,,,True,True,True
청주대학교,보건의료과학대학,의료경영학과,,,True,True,True
서울과학기술대학교,미래융합대학,헬스피트니스학과,,,True,True,True
가야대학교(김해),단과대구분없음,"커리어플러스학부 부동산금융재테크전공,헬스케어전공",,,True,True,True
한신대학교,인문융합대학,디지털영상문화콘텐츠학,,,True,True,True
연세대학교(미래),소프트웨어디지털헬스케어융합대학,보건행정학심화전공,,,True,True,True
가톨릭관동대학교,단과대구분없음,항공교통물류전공,,,True,True,True
루터대학교,단과대구분없음,사회혁신디자인전공,,,True,True,True
ICT폴리텍대학,단과대구분없음,IT융합학과,,,True,True,True
경기대학교,관광문화대학,외식조리・관광서비스학과,,,True,True,True
명지대학교,사회과학대학,청소년지도・아동학부,,,True,True,True
ICT폴리텍대학,단과대구분없음,AI영상보안학과,,,True,True,True
명지대학교,사회과학대학,미래사회인재학부,,,True,True,True
경희사이버대학교,단과대구분없음,외식조리경영학부,,,True,True,True
경희사이버대학교,단과대구분없음,외식경영전공,,,True,True,True
경희사이버대학교,단과대구분없음,조리서비스경영전공,,,True,True,True
인제대학교,간호대학,간호학과(김해),,,True,True,True
동명대학교,미디어대학,자율전공학부,,,True,True,True
동명대학교,미디어대학,미디어커뮤니케이션학과,,,True,True,True
동명대학교,미디어대학,글로벌문화콘텐츠학과,,,True,True,True
동명대학교,미디어대학,광고PR학과,,,True,True,True
한국방송통신대학교,자연과학대학,생활과학부 가정복지상담학전공,,,True,True,True
서울시립대학교,예술체육대학,디자인학과,,,True,True,True
배재대학교,AI·SW창의융합대학,드론・철도건설공학과,,,True,True,True
전북대학교,글로벌융합대학,융합학부(메타버스/엔터테인먼트전공),,,True,True,True
강릉원주대학교,자연과학대학,수학물리학부,,,True,True,True
서울과학기술대학교,창의융합대학,반도체공학과,,,True,True,True
강릉원주대학교,자연과학대학,수학물리학부(수학전공),,,True,True,True
대진대학교,상생교양대학,교양학부,,,True,True,True
강릉원주대학교,생명과학대학,해양바이오식품학과 해양바이오전공,,,True,True,True
대진대학교,보건과학대학,식품영양학과,,,True,True,True
대진대학교,보건과학대학,간호학과,,,True,True,True
중원대학교,융합과학대학,의료공학과,,,True,True,True
강릉원주대학교,생명과학대학,해양바이오식품학과 해양식품융합전공,,,True,True,True
강릉원주대학교,자연과학대학,수학물리학부(물리・에너지전공),,,True,True,True
부경대학교,인문사회과학대학,글로벌외국어융합전공,,,True,True,True
한서대학교,Hans 국제항공대학,호텔카지노관광학과,,,True,True,True
선문대학교,신학대학,신학순결학과,,,True,True,True
선문대학교,신학대학,통일신학과,,,True,True,True
선문대학교,소프트웨어융합대학,컴퓨터공학과,,,True,True,True
선문대학교,소프트웨어융합대학,글로벌소프트웨어학과,,,True,True,True
세종대학교,공과대학,우주항공시스템공학부,,,True,True,True
성신여자대학교,창의융합교양대학,창의융합학부,,,True,True,True
한국공학대학교,단과대구분없음,글로벌융합공학과,,,True,True,True
루터대학교,단과대구분없음,디아코니아 교양대학,,,True,True,True
중부대학교,단과대구분없음,학생성장교양학부(창의),,,True,True,True
중부대학교,단과대구분없음,기타모집단위(창의),,,True,True,True
중부대학교,단과대구분없음,교직과(창의),,,True,True,True
홍익대학교,단과대구분없음,융합전공 미래모빌리티전공,,,True,True,True
상지대학교,생명환경과학대학,동물생명자원학부 동물생명공학전공,,,True,True,True
선문대학교,신학대학,순결가정문화학과,,,True,True,True
김천대학교,지역혁신융합대학,소방안전공학과,,,True,True,True
김천대학교,지역혁신융합대학,소방학과,,,True,True,True
김천대학교,지역혁신융합대학,IT융복합공학과,,,True,True,True
김천대학교,지역혁신융합대학,공공경찰행정학과,,,True,True,True
김천대학교,지역혁신융합대학,경찰행정학과,,,True,True,True
영남대학교,천마학부대학,정책과학전공,,,True,True,True
영남대학교,천마학부대학,천마인재학부,,,True,True,True
군산대학교,ONSE대학,생물학과,,,True,True,True
가톨릭관동대학교,사회과학대학,영어영문학전공,,,True,True,True
가톨릭관동대학교,사회과학대학,사학과,,,True,True,True
가톨릭관동대학교,사회과학대학,무역학과,,,True,True,True
가톨릭관동대학교,사회과학대학,경제금융학과,,,True,True,True
가톨릭관동대학교,사회과학대학,경영정보학과,,,True,True,True
가톨릭관동대학교,사회과학대학,영어영문학과,,,True,True,True
대구대학교,조형예술대학,패션학부,,,True,True,True
대구대학교,조형예술대학,융합예술학부,,,True,True,True
서경대학교,단과대구분없음,기타모집단위,,,True,True,True
성균관대학교,단과대구분없음,기타모집단위(자연과학),,,True,True,True
동덕여자대학교,ARETE교양대학,교양교직학부,,,True,True,True
동덕여자대학교,ARETE교양대학,연계전공학부,,,True,True,True
안동대학교,생명과학・건강복지대학,생약자원학과,,,True,True,True
안동대학교,생명과학・건강복지대학,원예육종학과,,,True,True,True
동덕여자대학교,ARETE교양대학,ARETE교양대학,,,True,True,True
한경국립대학교,단과대구분없음,기타모집단위(평택),,,True,True,True
중부대학교,단과대구분없음,자율설계전공,,,True,True,True
한국열린사이버대학교,단과대구분없음,주얼리디자인비즈니스학과,,,True,True,True
공주대학교,천안공과대학,컴퓨터공학부,,,True,True,True
울산대학교,과학기술융합대학,화학전공,,,True,True,True
울산대학교,과학기술융합대학,화학과,,,True,True,True
울산대학교,과학기술융합대학,물리학전공,,,True,True,True
울산대학교,과학기술융합대학,물리학과,,,True,True,True
울산대학교,과학기술융합대학,자연과학계열,,,True,True,True
우석대학교,교양대학,교양대학(진천),,,True,True,True
카이스트(KAIST/한국과학기술원),일반대학원,전산학부,,,True,True,True
카이스트(KAIST/한국과학기술원),일반대학원,전기및전자공학부,,,True,True,True
카이스트(KAIST/한국과학기술원),일반대학원,기계공학과,,,True,True,True
포항공과대학교(POSTECH),일반대학원,전자전기공학과,,,True,True,True
포항공과대학교(POSTECH),일반대학원,기계공학과,,,True,True,True
포항공과대학교(POSTECH),일반대학원,컴퓨터공학과,,,True,True,True
포항공과대학교(POSTECH),일반대학원,화학공학과,,,True,True,True
